41
1 0 1535385092.143568
1772.375630 866.307387 0.023066

2 28 1535385092.728769
1776.884403 866.395324 0.024182
1 1797.224000 858.865000 0.000000 0.000000
2 1756.265057 857.479107 0.002000 0.074017
3 1812.012950 875.743462 -0.072017 -0.054013
4 1817.640057 875.678412 0.002000 -0.126029
5 1831.010000 875.692374 0.000000 -0.022005
6 1804.585000 875.415000 0.000000 0.000000
7 1772.693310 858.808911 0.046011 0.032007
8 1723.606943 858.390626 -0.002000 0.022005
9 1791.958544 859.010943 -0.016004 -0.002000
10 1823.680000 875.592399 0.000000 0.014003
11 1761.913000 858.154000 0.000000 0.000000
12 1751.038000 856.832000 0.000000 0.000000
13 1767.348000 845.420633 0.000000 -0.048011
14 1794.628886 859.667000 -0.004001 0.000000
15 1786.302000 858.786000 0.000000 0.000000
16 1723.521562 880.918691 -1.104256 -3.066712
17 1714.197108 869.159248 -4.457035 -1.712398
18 1807.157490 859.567203 0.860200 -3.048708
19 1841.289715 860.481474 -0.010002 0.122028
20 1789.183000 858.701000 0.000000 0.000000
21 1780.868797 858.917740 0.028007 0.026006
22 1796.561000 874.981260 0.000000 -0.026006
23 1830.395000 859.288000 0.000000 0.000000
24 1734.829237 874.914619 -2.204512 3.112723
25 1784.595121 874.574975 -0.066015 -0.036008
26 1903.642000 880.730000 0.000000 0.000000
27 1767.470000 858.113000 0.000000 0.000000
28 1748.019000 857.115854 0.000000 0.030007

3 31 1535385093.168960
1780.485207 866.453807 0.024487
1 1797.224000 858.865000 0.000000 0.000000
2 1756.265938 857.511689 0.002000 0.074017
3 1811.981249 875.719686 -0.072017 -0.054013
4 1875.192875 875.324121 0.004001 -0.196046
5 1775.574000 858.101000 0.000000 0.000000
6 1804.585000 875.415000 0.000000 0.000000
7 1844.466876 876.644936 0.036008 -0.062014
8 1772.713563 858.823001 0.046011 0.032007
9 1791.951500 859.010062 -0.016004 -0.002000
10 1748.677086 865.347134 7.459732 0.444103
11 1823.680000 875.598563 0.000000 0.014003
12 1761.913000 858.154000 0.000000 0.000000
13 1751.038000 856.832000 0.000000 0.000000
14 1767.348000 845.399499 0.000000 -0.048011
15 1794.627125 859.667000 -0.004001 0.000000
16 1827.811688 859.908998 0.042010 -0.096022
17 1786.302000 858.786000 0.000000 0.000000
18 1712.235161 868.405466 -4.457035 -1.712398
19 1807.536142 858.225189 0.860200 -3.048708
20 1778.263938 857.974374 0.002000 -0.044010
21 1841.285312 860.535190 -0.010002 0.122028
22 1789.183000 858.701000 0.000000 0.000000
23 1780.881126 858.929188 0.028007 0.026006
24 1796.561000 874.969812 0.000000 -0.026006
25 1830.395000 859.288000 0.000000 0.000000
26 1784.566061 874.559124 -0.066015 -0.036008
27 1903.642000 880.730000 0.000000 0.000000
28 1770.242062 858.766813 -0.002000 0.038009
29 1767.470000 858.113000 0.000000 0.000000
30 1748.019000 857.129063 0.000000 0.030007
31 1783.800000 846.931000 0.000000 0.000000

4 32 1535385093.679109
1784.813106 866.533946 0.026024
1 1797.224000 858.865000 0.000000 0.000000
2 1756.267058 857.551189 0.002000 0.076018
3 1817.641000 875.610424 0.000000 -0.020005
4 1875.195058 875.260544 0.002000 -0.120028
5 1775.574000 858.101000 0.000000 0.000000
6 1831.011058 875.671251 0.002000 -0.026006
7 1800.370000 846.514000 0.000000 0.000000
8 1910.576477 875.904873 0.086020 -0.178042
9 1850.516115 876.825832 0.004001 -0.110026
10 1772.736267 858.839922 0.044010 0.032007
11 1723.604885 858.411576 -0.004001 0.020005
12 1791.943539 859.009942 -0.016004 -0.002000
13 1823.682058 875.542445 0.002000 -0.054013
14 1761.913000 858.154000 0.000000 0.000000
15 1751.038000 856.832000 0.000000 0.000000
16 1767.349000 845.375617 0.000000 -0.048011
17 1827.833267 859.860235 0.044010 -0.096022
18 1786.302000 858.786000 0.000000 0.000000
19 1783.504115 858.778518 0.004001 0.018004
20 1722.407876 878.049945 -1.150269 -2.328545
21 1709.390577 867.908595 -6.369491 -0.882207
22 1807.861558 856.561774 0.436102 -3.306774
23 1841.290346 860.475140 0.012003 -0.134031
24 1780.894807 858.942691 0.028007 0.024006
25 1856.663050 876.607255 -0.276065 -0.130030
26 1796.561000 874.956309 0.000000 -0.024006
27 1830.395000 859.288000 0.000000 0.000000
28 1816.417378 859.353214 0.152036 -0.062015
29 1733.168257 877.934062 -0.616144 4.447041
30 1903.642000 880.730000 0.000000 0.000000
31 1770.241942 858.787095 -0.002000 0.038009
32 1748.018000 857.092753 0.000000 -0.078018

5 33 1535385094.119268
1788.602866 866.600176 0.027859
1 1756.267938 857.584649 0.002000 0.076018
2 1817.641000 875.601619 0.000000 -0.020005
3 1875.195938 875.207712 0.002000 -0.120028
4 1800.370000 846.514000 0.000000 0.000000
5 1844.501825 876.560650 0.038009 -0.118028
6 1910.614340 875.826506 0.086020 -0.178042
7 1772.755639 858.854010 0.044010 0.032007
8 1723.603124 858.420381 -0.004001 0.020005
9 1791.936495 859.009062 -0.016004 -0.002000
10 1755.905591 865.745070 7.611782 0.418098
11 1823.682938 875.518670 0.002000 -0.054013
12 1761.913000 858.154000 0.000000 0.000000
13 1751.038000 856.832000 0.000000 0.000000
14 1767.349000 845.354485 0.000000 -0.048011
15 1827.852639 859.817970 0.044010 -0.096022
16 1783.505876 858.786443 0.004001 0.018004
17 1805.729000 847.072361 0.000000 -0.044010
18 1721.901574 877.025015 -1.150269 -2.328545
19 1706.586989 867.520284 -6.369491 -0.882207
20 1808.053513 855.106268 0.436102 -3.306774
21 1778.266938 857.930423 0.002000 -0.046011
22 1789.183000 858.701000 0.000000 0.000000
23 1780.907134 858.953258 0.028007 0.024006
24 1856.541538 876.550021 -0.276065 -0.130030
25 1796.561000 874.945742 0.000000 -0.024006
26 1830.395000 859.288000 0.000000 0.000000
27 1816.484298 859.325918 0.152036 -0.062015
28 1732.897055 879.891467 -0.616144 4.447041
29 1784.973203 874.606391 0.446104 0.052012
30 1903.642000 880.730000 0.000000 0.000000
31 1770.241062 858.803825 -0.002000 0.038009
32 1819.227000 859.419000 0.000000 0.000000
33 1783.800000 846.931000 0.000000 0.000000

6 49 1535385094.558492
1792.368626 866.680472 0.031598
1 1797.224000 858.864873 0.000000 -0.015008
2 1756.269021 857.617679 0.002501 0.080044
3 1811.880384 875.644533 -0.072540 -0.055030
4 1817.642000 875.593830 0.000000 -0.020011
5 1875.197021 875.154981 0.002501 -0.120066
6 1775.574000 858.101000 0.000000 0.000000
7 1831.012064 875.648023 0.007504 -0.115064
8 1800.370000 846.514000 0.000000 0.000000
9 1804.582919 875.381724 -0.245135 -0.032518
10 1910.651743 875.747493 0.087548 -0.177598
11 1819.421851 847.122851 -0.017510 -0.017510
12 1792.225000 846.971000 0.000000 0.000000
13 1795.062042 846.747996 0.005003 0.235130
14 1772.774085 858.866811 0.010006 -0.140077
15 1836.300085 847.807000 0.010006 0.000000
16 1723.600936 858.445510 -0.007504 0.060033
17 1791.940085 859.010000 0.010006 0.000000
18 1825.826446 879.141703 1.230680 -0.035019
19 1823.684021 875.482278 0.002501 -0.085047
20 1761.913064 858.153321 0.007504 -0.080044
21 1751.038000 856.832000 0.000000 0.000000
22 1794.621958 859.667000 -0.005003 0.000000
23 1827.871361 859.776172 0.042523 -0.097554
24 1783.508021 858.795170 0.002501 0.020011
25 1805.729000 847.052618 0.000000 -0.045025
26 1721.383278 876.083314 -1.263198 -2.083651
27 1703.755866 867.377295 -6.731218 0.152584
28 1808.272633 853.542021 0.310171 -3.531951
29 1822.393318 847.083000 0.037521 0.000000
30 1778.260000 858.028000 0.000000 0.000000
31 1841.297021 860.393618 0.002501 -0.045025
32 1789.183000 858.701000 0.000000 0.000000
33 1780.919234 858.965212 0.027515 0.025014
34 1859.277892 843.755594 0.105058 0.070039
35 1856.698042 876.484769 0.005003 -0.145080
36 1863.527552 866.115592 0.065036 1.365754
37 1830.395000 859.288000 0.000000 0.000000
38 1816.548002 859.299425 -0.117565 0.050028
39 1838.650149 876.391000 0.017510 0.000000
40 1732.468136 882.445465 -0.455251 2.528897
41 1784.999499 874.685894 -0.530293 -0.012507
42 1903.642000 880.730000 0.000000 0.000000
43 1819.227000 859.419000 0.000000 0.000000
44 1825.392384 847.353979 -0.072540 -0.002501
45 1811.335000 847.294000 0.000000 0.000000
46 1767.470021 858.112915 0.002501 -0.010006
47 1748.017021 857.025977 0.002501 0.115064
48 1783.800000 846.931000 0.000000 0.000000
49 1797.824000 846.928000 0.000000 0.000000

7 47 1535385094.924750
1795.484619 866.760018 0.033915
1 1797.224000 858.859376 0.000000 -0.015008
2 1756.269937 857.646996 0.002501 0.080044
3 1811.853816 875.624378 -0.072540 -0.055030
4 1817.642000 875.586501 0.000000 -0.020011
5 1775.574000 858.101000 0.000000 0.000000
6 1831.014812 875.605880 0.007504 -0.115064
7 1800.370000 846.514000 0.000000 0.000000
8 1804.493136 875.369814 -0.245135 -0.032518
9 1844.532998 876.465943 0.040022 -0.117565
10 1910.683808 875.682446 0.087548 -0.177598
11 1819.415438 847.116438 -0.017510 -0.017510
12 1792.225000 846.971000 0.000000 0.000000
13 1795.063875 846.834114 0.005003 0.235130
14 1772.777750 858.815507 0.010006 -0.140077
15 1723.598188 858.467497 -0.007504 0.060033
16 1791.943750 859.010000 0.010006 0.000000
17 1826.277192 879.128877 1.230680 -0.035019
18 1761.992399 866.024425 7.494139 0.262645
19 1823.684937 875.451129 0.002501 -0.085047
20 1761.915812 858.124004 0.007504 -0.080044
21 1803.098000 847.103565 0.000000 -0.062535
22 1897.833063 865.120947 -0.002501 -0.197609
23 1794.620125 859.667000 -0.005003 0.000000
24 1827.886936 859.740442 0.042523 -0.097554
25 1830.641000 847.259000 0.000000 0.000000
26 1783.508937 858.802499 0.002501 0.020011
27 1805.729000 847.036127 0.000000 -0.045025
28 1720.920622 875.320160 -1.263198 -2.083651
29 1808.386235 852.248415 0.310171 -3.531951
30 1841.297937 860.377127 0.002501 -0.045025
31 1789.183000 858.701000 0.000000 0.000000
32 1780.929311 858.974374 0.027515 0.025014
33 1859.316370 843.781247 0.105058 0.070039
34 1856.699875 876.431632 0.005003 -0.145080
35 1863.551372 866.615811 0.065036 1.365754
36 1830.395000 859.288000 0.000000 0.000000
37 1838.656562 876.391000 0.017510 0.000000
38 1732.301396 883.371694 -0.455251 2.528897
39 1784.805275 874.681313 -0.530293 -0.012507
40 1903.642000 880.730000 0.000000 0.000000
41 1770.240063 858.819562 -0.002501 0.017510
42 1819.227000 859.419000 0.000000 0.000000
43 1825.365816 847.353063 -0.072540 -0.002501
44 1811.335000 847.294000 0.000000 0.000000
45 1748.017937 857.068120 0.002501 0.115064
46 1783.800000 846.931000 0.000000 0.000000
47 1797.824000 846.928000 0.000000 0.000000

8 44 1535385095.434840
1799.913135 866.862732 0.036547
1 1797.224000 858.852208 0.000000 -0.014003
2 1756.270000 857.643178 0.000000 -0.012003
3 1811.854911 875.573514 0.006001 -0.102022
4 1775.584674 858.050543 0.022005 -0.104022
5 1831.017911 875.547692 0.006001 -0.114025
6 1804.581121 875.350564 0.194042 -0.038008
7 1844.553406 876.380523 0.040009 -0.170037
8 1910.727724 875.590671 0.086019 -0.180039
9 1819.406267 847.107267 -0.018004 -0.018004
10 1792.225000 846.971000 0.000000 0.000000
11 1850.523941 876.634603 0.004001 -0.108023
12 1795.063030 846.827386 -0.002000 -0.026006
13 1772.781881 858.743107 0.008002 -0.142031
14 1836.309822 847.807970 0.012003 0.002000
15 1791.948852 859.010000 0.010002 0.000000
16 1765.814831 866.158112 7.493619 0.262057
17 1823.685000 875.449000 0.000000 0.000000
18 1761.918911 858.084157 0.006001 -0.078017
19 1767.349000 845.290712 0.000000 -0.048010
20 1897.831059 865.004413 -0.004001 -0.230050
21 1794.540433 859.653415 -0.164035 -0.028006
22 1827.909347 859.691424 0.044010 -0.096021
23 1786.302000 858.786000 0.000000 0.000000
24 1830.641000 847.259000 0.000000 0.000000
25 1783.510941 858.811733 0.004001 0.018004
26 1805.824092 846.914680 0.196042 -0.248054
27 1720.231121 874.287003 -1.356293 -2.022437
28 1697.861714 867.577697 -6.721452 0.290063
29 1808.515290 850.623008 0.250054 -3.168684
30 1822.425466 847.083970 0.036008 0.002000
31 1841.299941 860.354653 0.004001 -0.044010
32 1789.183000 858.701000 0.000000 0.000000
33 1780.943585 858.987614 0.028006 0.026006
34 1827.069612 878.314317 1.374297 0.046010
35 1859.369457 843.817932 0.104022 0.072016
36 1898.788000 855.261000 0.000000 0.000000
37 1863.584050 867.311761 0.064014 1.364295
38 1830.395000 859.288000 0.000000 0.000000
39 1816.444751 859.344228 -0.118025 0.052011
40 1784.858952 874.667415 0.138030 -0.028006
41 1903.642000 880.730000 0.000000 0.000000
42 1767.471000 858.105119 0.000000 -0.008002
43 1783.800000 846.931000 0.000000 0.000000
44 1797.824000 846.928000 0.000000 0.000000

9 49 1535385095.949988
1804.253485 866.978819 0.040699
1 1797.224000 858.844994 0.000000 -0.013330
2 1756.269998 857.636956 -0.004443 -0.102194
3 1811.858002 875.520967 0.004443 -0.075534
4 1817.642000 875.586000 0.000000 0.000000
5 1875.201000 874.989000 0.000000 0.000000
6 1775.596015 857.998000 0.035546 0.000000
7 1831.018001 875.545975 0.002222 -0.057762
8 1800.419952 846.514000 -0.111080 0.000000
9 1910.771000 875.499000 0.000000 0.000000
10 1819.396993 847.097991 -0.015551 -0.019994
11 1792.225000 846.971000 0.000000 0.000000
12 1850.527002 876.577953 0.004443 -0.108858
13 1772.786004 858.669939 0.008886 -0.139961
14 1836.315005 847.808001 0.011108 0.002222
15 1723.597001 858.484987 0.002222 -0.028881
16 1791.954004 859.011000 0.008886 0.000000
17 1823.685000 875.449000 0.000000 0.000000
18 1859.942000 840.757000 0.000000 0.000000
19 1761.922003 858.043965 0.006665 -0.079978
20 1803.168021 846.716131 0.048875 0.302138
21 1844.189006 860.439889 0.013330 -0.255484
22 1767.349000 845.265979 0.000000 -0.048875
23 1794.455103 859.639025 0.237711 0.057762
24 1827.931018 859.641959 0.042210 -0.095529
25 1786.302000 858.786000 0.000000 0.000000
26 1830.641000 847.259000 0.000000 0.000000
27 1783.513002 858.822008 0.004443 0.017773
28 1805.793058 847.092860 0.133296 -0.322132
29 1719.482085 873.279884 -2.108299 -2.572613
30 1693.804566 867.733062 -7.913341 0.142182
31 1822.426000 847.084000 0.000000 0.000000
32 1780.958013 859.000012 0.028881 0.026659
33 1827.778588 878.335992 1.355176 -0.017773
34 1859.424045 843.855031 0.104415 0.071091
35 1856.710006 876.333982 0.013330 -0.042210
36 1898.788000 855.261000 0.000000 0.000000
37 1796.671027 874.901990 0.062205 -0.022216
38 1842.461986 871.853878 -11.554544 -0.282143
39 1863.611022 868.023600 0.051097 1.381836
40 1830.395000 859.288000 0.000000 0.000000
41 1816.384949 859.370022 -0.117745 0.051097
42 1838.674008 876.390000 0.017773 0.000000
43 1784.930060 874.652987 0.137739 -0.028881
44 1903.642000 880.730000 0.000000 0.000000
45 1825.288968 847.351999 -0.073313 -0.002222
46 1814.111959 846.913999 -0.095529 -0.002222
47 1767.471001 858.100996 0.002222 -0.008886
48 1748.018999 857.117989 -0.002222 -0.024438
49 1783.800000 846.931000 0.000000 0.000000

10 51 1535385096.390084
1807.905335 867.095609 0.043038
1 1756.268043 857.591981 -0.004443 -0.102194
2 1811.859957 875.487725 0.004443 -0.075534
3 1817.642000 875.586000 0.000000 0.000000
4 1831.018979 875.520554 0.002222 -0.057762
5 1800.371066 846.514000 -0.111080 0.000000
6 1804.634488 875.360893 0.053318 0.011108
7 1844.574979 876.269512 0.002222 -0.053318
8 1910.771000 875.499000 0.000000 0.000000
9 1819.390149 847.089192 -0.015551 -0.019994
10 1850.528957 876.530045 0.004443 -0.108858
11 1795.063000 846.801256 0.000000 -0.026659
12 1772.789915 858.608343 0.008886 -0.139961
13 1836.319893 847.808979 0.011108 0.002222
14 1791.957915 859.011000 0.008886 0.000000
15 1828.179994 879.079362 1.459592 -0.037767
16 1773.108152 866.433951 7.800039 0.317689
17 1823.685000 875.449000 0.000000 0.000000
18 1859.942000 840.757000 0.000000 0.000000
19 1761.924936 858.008767 0.006665 -0.079978
20 1803.189531 846.849101 0.048875 0.302138
21 1844.194872 860.327452 0.013330 -0.255484
22 1767.349000 845.244469 0.000000 -0.048875
23 1897.831000 865.005936 0.000000 0.006665
24 1794.559719 859.664446 0.237711 0.057762
25 1827.949595 859.599917 0.042210 -0.095529
26 1786.302000 858.786000 0.000000 0.000000
27 1830.641000 847.259000 0.000000 0.000000
28 1783.514957 858.829829 0.004443 0.017773
29 1805.851721 846.951091 0.133296 -0.322132
30 1690.321935 867.795636 -7.913341 0.142182
31 1808.663574 848.048572 0.044432 -2.143844
32 1822.426000 847.084000 0.000000 0.000000
33 1841.303957 860.311448 0.004443 -0.046654
34 1789.183000 858.701000 0.000000 0.000000
35 1828.374996 878.328171 1.355176 -0.017773
36 1859.469998 843.886318 0.104415 0.071091
37 1898.788000 855.261000 0.000000 0.000000
38 1796.698403 874.892213 0.062205 -0.022216
39 1837.376876 871.729707 -11.554544 -0.282143
40 1863.633510 868.631740 0.051097 1.381836
41 1830.395000 859.288000 0.000000 0.000000
42 1816.333130 859.392510 -0.117745 0.051097
43 1838.681829 876.390000 0.017773 0.000000
44 1784.990678 874.640277 0.137739 -0.028881
45 1903.642000 880.730000 0.000000 0.000000
46 1819.227000 859.419000 0.000000 0.000000
47 1825.256704 847.351021 -0.073313 -0.002222
48 1767.471979 858.097085 0.002222 -0.008886
49 1748.018021 857.107235 -0.002222 -0.024438
50 1783.800000 846.931000 0.000000 0.000000
51 1797.824000 846.928000 0.000000 0.000000

11 48 1535385096.905225
1812.287604 867.256065 0.047736
1 1797.224990 858.831091 -0.001998 0.017985
2 1756.266949 857.538526 -0.009992 -0.289757
3 1811.926661 875.493061 0.129891 0.011990
4 1817.642000 875.586000 0.000000 0.000000
5 1875.201000 874.989000 0.000000 0.000000
6 1831.020010 875.490705 0.001998 -0.057951
7 1800.370000 846.514000 0.000000 0.000000
8 1844.576010 876.242726 0.001998 -0.053955
9 1792.225000 846.971000 0.000000 0.000000
10 1772.794010 858.535878 0.001998 -0.023980
11 1836.326000 847.809000 0.000000 0.000000
12 1723.600010 858.457848 0.001998 -0.029975
13 1828.919299 879.086061 1.434795 0.011990
14 1777.126677 866.598616 7.799447 0.317733
15 1823.685000 875.449000 0.000000 0.000000
16 1761.927990 857.969152 -0.001998 0.029975
17 1803.214244 847.003535 0.047960 0.301746
18 1844.202081 860.194699 0.015987 -0.255785
19 1767.350000 845.219756 0.000000 -0.047960
20 1897.830990 865.008360 -0.001998 -0.125894
21 1794.562000 859.665000 0.000000 0.000000
22 1842.792000 847.577000 0.000000 0.000000
23 1827.728277 859.883082 0.447624 -0.573518
24 1786.302000 858.786000 0.000000 0.000000
25 1830.641000 847.259000 0.000000 0.000000
26 1783.517020 858.840091 0.003997 0.017985
27 1805.920996 846.787179 0.195835 0.231805
28 1716.693653 870.646354 -4.785979 -2.485911
29 1808.702346 847.623390 0.067943 -0.119899
30 1841.306000 860.289000 0.000000 0.000000
31 1789.183000 858.701000 0.000000 0.000000
32 1829.072903 878.317909 1.356860 -0.017985
33 1859.524529 843.923366 0.103913 0.071940
34 1856.724071 876.292787 0.013988 -0.041965
35 1898.788000 855.261000 0.000000 0.000000
36 1796.726274 874.891990 0.053955 -0.001998
37 1831.425222 871.585577 -11.554292 -0.279765
38 1863.647939 869.343035 -0.011990 1.382838
39 1830.395000 859.288000 0.000000 0.000000
40 1816.345464 859.382980 0.287758 -0.003997
41 1838.665837 876.373848 -0.031973 -0.029975
42 1785.062701 874.625858 0.137884 -0.027976
43 1903.642000 880.730000 0.000000 0.000000
44 1825.217624 847.350990 -0.073938 -0.001998
45 1811.524512 847.295000 -0.095919 0.000000
46 1814.129620 846.914010 0.121898 0.001998
47 1767.472010 858.092959 0.001998 -0.007993
48 1783.800000 846.931000 0.000000 0.000000

12 37 1535385097.415403
1816.688056 867.446464 0.049464
1 1797.224000 858.840237 0.000000 0.015985
2 1817.642000 875.586000 0.000000 0.000000
3 1831.021030 875.461140 0.001998 -0.057947
4 1800.370000 846.514000 0.000000 0.000000
5 1804.688801 875.374178 0.053950 0.011989
6 1910.769970 875.399547 -0.001998 -0.097910
7 1819.488453 847.092030 0.097910 0.001998
8 1792.225000 846.971000 0.000000 0.000000
9 1772.795030 858.523674 0.001998 -0.021980
10 1836.325199 847.810275 -0.053950 0.085921
11 1723.600852 858.444453 -0.009991 0.097910
12 1829.651298 879.092178 1.434677 0.011989
13 1859.942000 840.757000 0.000000 0.000000
14 1844.210208 860.064203 0.013987 -0.255764
15 1897.829970 864.944131 -0.001998 -0.125884
16 1794.562000 859.665000 0.000000 0.000000
17 1842.792000 847.577000 0.000000 0.000000
18 1786.302000 858.786000 0.000000 0.000000
19 1830.641000 847.259000 0.000000 0.000000
20 1783.519059 858.849297 0.003996 0.019982
21 1806.018356 846.902534 0.023978 0.035967
22 1714.238818 869.372731 -5.670770 -2.847374
23 1808.736000 847.563822 0.000000 -0.011989
24 1841.306000 860.289000 0.000000 0.000000
25 1789.183000 858.701000 0.000000 0.000000
26 1780.998415 859.038356 0.027974 0.023978
27 1829.770569 878.309089 1.722412 0.005994
28 1825.516195 871.440237 -12.516457 -0.455580
29 1863.641466 870.044552 -0.035967 1.114972
30 1830.395000 859.288000 0.000000 0.000000
31 1816.492242 859.380970 0.285736 -0.001998
32 1785.129814 874.613186 -0.079926 0.079926
33 1819.346000 859.074000 0.000000 0.000000
34 1825.181890 847.350089 0.059945 0.005994
35 1748.018119 857.092039 0.007993 0.541501
36 1783.800000 846.931000 0.000000 0.000000
37 1797.824000 846.928000 0.000000 0.000000

13 43 1535385097.930654
1821.059411 867.614293 0.042444
1 1812.025897 875.507415 0.064017 0.014004
2 1817.642000 875.586000 0.000000 0.000000
3 1831.022119 875.431281 0.004001 -0.058015
4 1804.714585 875.380000 -0.014004 0.000000
5 1844.577000 876.190000 0.000000 0.000000
6 1910.768941 875.348146 -0.002001 -0.130034
7 1819.538905 847.093059 0.098026 0.002001
8 1792.225000 846.971000 0.000000 0.000000
9 1850.536119 876.362799 0.004001 -0.108029
10 1772.796000 858.512289 0.000000 -0.024006
11 1850.324000 854.047000 0.000000 0.000000
12 1836.297399 847.854549 -0.054014 0.086023
13 1830.395310 879.098415 1.596422 0.014004
14 1859.942000 840.757000 0.000000 0.000000
15 1761.924941 858.000889 -0.002001 0.030008
16 1803.238000 847.153000 0.000000 0.000000
17 1767.350000 845.170577 0.000000 -0.048013
18 1897.828822 864.867526 -0.006002 -0.522138
19 1794.562000 859.665000 0.000000 0.000000
20 1842.792000 847.577000 0.000000 0.000000
21 1827.950000 859.599000 0.000000 0.000000
22 1786.302000 858.786000 0.000000 0.000000
23 1830.641000 847.259000 0.000000 0.000000
24 1783.521119 858.859534 0.004001 0.018005
25 1711.333881 867.914055 -5.099347 -2.562677
26 1841.306000 860.289000 0.000000 0.000000
27 1789.183000 858.701000 0.000000 0.000000
28 1781.012000 859.050000 0.000000 0.000000
29 1830.653539 878.310755 1.570415 -0.042011
30 1856.703059 876.138044 0.002001 -0.066017
31 1796.783735 874.890941 0.126033 -0.002001
32 1819.086140 871.210344 -11.873137 -0.292077
33 1863.620976 870.619318 -0.102027 1.124297
34 1816.631415 859.380711 0.014004 0.024006
35 1838.633111 876.342051 -0.030008 -0.032008
36 1785.088629 874.654371 -0.080021 0.080021
37 1903.642000 880.730000 0.000000 0.000000
38 1819.351099 859.095046 0.172045 0.710188
39 1825.212779 847.353178 0.060016 0.006002
40 1811.427154 847.295000 -0.096025 0.000000
41 1814.253616 846.916119 0.122032 0.004001
42 1767.473000 858.084704 0.000000 -0.010003
43 1783.800000 846.931000 0.000000 0.000000

14 50 1535385098.364891
1824.768531 867.714142 0.034496
1 1797.224000 858.856352 0.000000 0.018005
2 1812.053696 875.513496 0.064017 0.014004
3 1817.642000 875.586000 0.000000 0.000000
4 1875.203856 874.861753 0.004001 -0.132035
5 1831.023856 875.406088 0.004001 -0.058015
6 1804.708504 875.380000 -0.014004 0.000000
7 1844.577000 876.190000 0.000000 0.000000
8 1792.225000 846.971000 0.000000 0.000000
9 1850.537856 876.315889 0.004001 -0.108029
10 1795.062000 846.747008 0.000000 -0.028007
11 1772.796000 858.501864 0.000000 -0.024006
12 1850.324000 854.047000 0.000000 0.000000
13 1836.273944 847.891904 -0.054014 0.086023
14 1723.591360 858.537471 -0.010003 0.098026
15 1831.088535 879.104496 1.596422 0.014004
16 1823.698496 875.449000 0.014004 0.000000
17 1859.942000 840.757000 0.000000 0.000000
18 1844.210504 860.056927 -0.014004 0.252067
19 1767.350000 845.149728 0.000000 -0.048013
20 1897.826216 864.640795 -0.006002 -0.522138
21 1794.562000 859.665000 0.000000 0.000000
22 1842.792000 847.577000 0.000000 0.000000
23 1827.950000 859.599000 0.000000 0.000000
24 1786.302000 858.786000 0.000000 0.000000
25 1830.641000 847.259000 0.000000 0.000000
26 1783.522856 858.867352 0.004001 0.018005
27 1909.001000 855.173000 0.000000 0.000000
28 1709.119556 866.801246 -5.099347 -2.562677
29 1822.426000 847.084000 0.000000 0.000000
30 1841.306000 860.289000 0.000000 0.000000
31 1789.183000 858.701000 0.000000 0.000000
32 1781.012000 859.050000 0.000000 0.000000
33 1831.335471 878.292512 1.570415 -0.042011
34 1859.677255 844.028408 0.104027 0.072019
35 1856.703928 876.109376 0.002001 -0.066017
36 1898.788000 855.261000 0.000000 0.000000
37 1796.838463 874.890072 0.126033 -0.002001
38 1813.930385 871.083514 -11.873137 -0.292077
39 1863.576673 871.107530 -0.102027 1.124297
40 1830.395000 859.288000 0.000000 0.000000
41 1816.637496 859.391136 0.014004 0.024006
42 1838.620080 876.328152 -0.030008 -0.032008
43 1785.053880 874.689120 -0.080021 0.080021
44 1903.642000 880.730000 0.000000 0.000000
45 1819.425807 859.403436 0.172045 0.710188
46 1811.385457 847.295000 -0.096025 0.000000
47 1814.306607 846.917856 0.122032 0.004001
48 1767.473000 858.080360 0.000000 -0.010003
49 1783.800000 846.931000 0.000000 0.000000
50 1878.759000 854.222000 0.000000 0.000000

15 40 1535385098.880974
1829.075474 867.794179 0.024971
1 1797.224000 858.864683 0.000000 0.016003
2 1817.642000 875.586000 0.000000 0.000000
3 1875.205921 874.761927 0.004001 -0.198033
4 1831.022079 875.438572 -0.004001 0.072012
5 1910.767040 875.224578 -0.002000 -0.130022
6 1850.531278 876.304317 -0.014002 -0.016003
7 1850.324000 854.047000 0.000000 0.000000
8 1836.247031 847.936294 -0.052009 0.086014
9 1723.586198 858.587096 -0.010002 0.096016
10 1876.383000 853.858000 0.000000 0.000000
11 1792.537340 867.218090 7.799294 0.298049
12 1823.704762 875.449000 0.012002 0.000000
13 1859.984255 840.757960 0.088015 0.002000
14 1761.923040 858.029405 -0.002000 0.030005
15 1803.238000 847.153000 0.000000 0.000000
16 1767.350960 845.059649 0.002000 -0.184031
17 1897.825040 864.600873 -0.002000 -0.044007
18 1794.562000 859.665000 0.000000 0.000000
19 1842.792000 847.577000 0.000000 0.000000
20 1830.641000 847.259000 0.000000 0.000000
21 1783.524921 858.877603 0.004001 0.020003
22 1806.053524 846.955286 0.024004 0.036006
23 1841.306000 860.289000 0.000000 0.000000
24 1789.183000 858.701000 0.000000 0.000000
25 1781.012000 859.050000 0.000000 0.000000
26 1832.145862 878.284278 1.570261 -0.014002
27 1859.731898 844.065572 0.106018 0.072012
28 1856.704000 876.076269 0.000000 -0.064011
29 1898.788000 855.261000 0.000000 0.000000
30 1796.903501 874.890000 0.126021 0.000000
31 1807.788056 870.947196 -11.903975 -0.262043
32 1863.524023 871.687707 -0.102017 1.124187
33 1830.395000 859.288000 0.000000 0.000000
34 1785.012587 874.730413 -0.080013 0.080013
35 1903.650643 880.730000 0.018003 0.000000
36 1819.432000 859.429000 0.000000 0.000000
37 1825.241000 847.356000 0.000000 0.000000
38 1811.336864 847.294040 -0.094016 -0.002000
39 1767.473960 858.076159 0.002000 -0.008001
40 1878.759000 854.222000 0.000000 0.000000

16 36 1535385099.396173
1833.186221 867.845346 0.016150
1 1797.224000 858.865000 0.000000 0.000000
2 1812.023134 875.525953 -0.034048 0.012017
3 1817.642000 875.586000 0.000000 0.000000
4 1875.206000 874.758000 0.000000 0.000000
5 1804.695055 875.380000 -0.014020 0.000000
6 1844.577000 876.190000 0.000000 0.000000
7 1910.766008 875.157511 -0.002003 -0.130184
8 1850.524055 876.295071 -0.014020 -0.018025
9 1881.209000 855.046000 0.000000 0.000000
10 1772.797992 858.478094 0.002003 -0.024034
11 1850.324000 854.047000 0.000000 0.000000
12 1876.383000 853.858000 0.000000 0.000000
13 1796.556390 867.370837 7.801033 0.296419
14 1860.028662 840.758992 0.086122 0.002003
15 1803.238000 847.153000 0.000000 0.000000
16 1844.195063 860.318002 -0.016023 0.254360
17 1767.351992 844.935951 0.002003 -0.242343
18 1897.825000 864.578173 0.000000 -0.044062
19 1794.562000 859.665000 0.000000 0.000000
20 1842.792000 847.577000 0.000000 0.000000
21 1830.641000 847.259000 0.000000 0.000000
22 1783.526984 858.886929 0.004006 0.018025
23 1806.065906 846.973859 0.024034 0.036051
24 1808.737992 847.540047 0.002003 -0.012017
25 1822.426000 847.084000 0.000000 0.000000
26 1789.183000 858.701000 0.000000 0.000000
27 1781.012000 859.050000 0.000000 0.000000
28 1832.954839 878.284000 1.570221 0.000000
29 1859.785591 844.102717 0.104147 0.072102
30 1796.875244 874.980285 -0.062088 0.182258
31 1863.456519 872.326120 -0.132187 1.243759
32 1833.597000 856.774000 0.000000 0.000000
33 1816.652945 859.416898 0.014020 0.026037
34 1784.972306 874.771686 -0.078110 0.080113
35 1903.659929 880.730000 0.018025 0.000000
36 1814.371000 846.919000 0.000000 0.000000

17 42 1535385099.906332
1837.251943 867.858463 0.010961
1 1797.224000 858.865000 0.000000 0.000000
2 1817.640014 875.651820 0.002003 -0.026034
3 1875.206000 874.758000 0.000000 0.000000
4 1831.021000 875.475000 0.000000 0.000000
5 1804.688903 875.381000 -0.014018 0.000000
6 1844.582069 876.195083 0.010013 0.012016
7 1910.763053 875.108704 -0.282370 0.102134
8 1850.516903 876.286890 -0.014018 -0.016021
9 1772.794000 858.538138 0.000000 0.020026
10 1850.324000 854.047000 0.000000 0.000000
11 1836.219000 847.980000 0.000000 0.000000
12 1873.651000 853.695000 0.000000 0.000000
13 1876.383000 853.858000 0.000000 0.000000
14 1833.549059 879.126304 1.313721 0.044058
15 1800.535390 867.522036 7.742141 0.150197
16 1823.719097 875.450000 0.014018 0.000000
17 1860.076038 840.760083 0.440577 0.012016
18 1803.238000 847.153000 0.000000 0.000000
19 1844.209000 860.070110 0.000000 0.016021
20 1897.825000 864.557180 0.000000 0.026034
21 1842.792000 847.577000 0.000000 0.000000
22 1830.641000 847.259000 0.000000 0.000000
23 1783.529028 858.896138 0.004005 0.020026
24 1822.426000 847.084000 0.000000 0.000000
25 1841.306000 860.289000 0.000000 0.000000
26 1860.352000 847.670000 0.000000 0.000000
27 1789.183000 858.701000 0.000000 0.000000
28 1781.012000 859.050000 0.000000 0.000000
29 1833.755032 878.283525 1.309716 0.076100
30 1856.704014 876.042456 0.002003 0.066087
31 1898.788000 855.261000 0.000000 0.000000
32 1796.844558 875.070116 -0.064084 -0.128168
33 1795.384233 870.674122 -12.292101 -0.272357
34 1830.395000 859.288000 0.000000 0.000000
35 1833.597000 856.774000 0.000000 0.000000
36 1816.660110 859.429166 0.016021 0.024031
37 1863.962000 857.872000 0.000000 0.000000
38 1785.200249 874.721171 0.036047 -0.120157
39 1903.669138 880.731000 0.020026 0.000000
40 1819.432000 859.429000 0.000000 0.000000
41 1884.158000 854.906000 0.000000 0.000000
42 1878.759000 854.222000 0.000000 0.000000

18 45 1535385100.421543
1841.478266 867.894278 0.011947
1 1812.061006 875.571906 0.088120 -0.048065
2 1817.641000 875.638407 0.000000 -0.026035
3 1875.206046 874.755037 0.002003 -0.130177
4 1831.021137 875.471763 0.006008 -0.142193
5 1804.683185 875.380954 0.052071 -0.002003
6 1910.617527 875.156903 -0.284386 -0.092125
7 1819.634000 847.095000 0.000000 0.000000
8 1850.509681 876.278635 -0.014019 -0.016022
9 1850.324000 854.047000 0.000000 0.000000
10 1873.651000 853.695000 0.000000 0.000000
11 1876.383000 853.858000 0.000000 0.000000
12 1834.226998 879.148821 1.361847 0.036049
13 1804.527060 867.599464 7.866668 0.152206
14 1823.726319 875.450000 0.014019 0.000000
15 1860.302983 840.766274 0.438595 0.012016
16 1844.207860 860.098012 -0.050068 0.879192
17 1897.825000 864.570547 0.000000 0.024033
18 1794.562000 859.665000 0.000000 0.000000
19 1842.792000 847.577000 0.000000 0.000000
20 1827.951459 859.603057 0.064087 0.178242
21 1830.641000 847.259000 0.000000 0.000000
22 1783.531091 858.906410 0.004005 0.018024
23 1909.001000 855.173000 0.000000 0.000000
24 1822.426000 847.084000 0.000000 0.000000
25 1841.306000 860.289000 0.000000 0.000000
26 1860.352000 847.670000 0.000000 0.000000
27 1789.183000 858.701000 0.000000 0.000000
28 1781.012000 859.050000 0.000000 0.000000
29 1834.436058 878.323097 1.584148 0.092125
30 1859.876641 844.107678 0.072098 -0.058079
31 1898.788000 855.261000 0.000000 0.000000
32 1796.811587 875.004083 -0.062084 -0.128174
33 1863.318219 873.719309 -0.122166 1.243687
34 1911.737046 855.285544 0.002003 -0.020027
35 1833.597000 856.774000 0.000000 0.000000
36 1816.669504 859.440499 0.066090 -0.022030
37 1838.663687 876.308319 0.074100 0.014019
38 1863.962000 857.872000 0.000000 0.000000
39 1785.218638 874.663094 0.028038 0.048065
40 1903.679410 880.731000 0.018024 0.000000
41 1819.432000 859.429000 0.000000 0.000000
42 1814.371000 846.919000 0.000000 0.000000
43 1884.158000 854.906000 0.000000 0.000000
44 1903.957000 854.854499 0.000000 -0.022030
45 1878.759000 854.222000 0.000000 0.000000

19 46 1535385100.931675
1845.805492 867.918537 0.010976
1 1797.224000 858.865000 0.000000 0.000000
2 1812.102597 875.549403 -0.012002 0.012002
3 1817.641000 875.625127 0.000000 -0.026005
4 1875.207000 874.693000 0.000000 0.000000
5 1804.709679 875.380000 0.050009 0.000000
6 1910.472464 875.113134 -0.284053 0.004001
7 1819.634000 847.095000 0.000000 0.000000
8 1850.505955 876.272410 0.088017 0.042008
9 1881.209000 855.046000 0.000000 0.000000
10 1772.792933 858.559739 -0.002000 0.022004
11 1850.324000 854.047604 0.000000 0.018003
12 1836.219000 847.980000 0.000000 0.000000
13 1873.651000 853.695000 0.000000 0.000000
14 1876.383000 853.858000 0.000000 0.000000
15 1834.921801 879.167209 1.364256 0.036007
16 1808.546036 867.678447 8.043511 0.192036
17 1823.733403 875.450000 0.012002 0.000000
18 1860.526774 840.772403 0.440083 0.012002
19 1889.095269 853.891911 0.008002 -0.092017
20 1844.184000 860.517537 0.000000 0.016003
21 1897.825000 864.582873 0.000000 0.026005
22 1842.792000 847.577000 0.000000 0.000000
23 1827.984216 859.694044 0.066012 0.180034
24 1830.641000 847.259000 0.000000 0.000000
25 1909.001000 855.173000 0.000000 0.000000
26 1822.426537 847.084000 0.016003 0.000000
27 1841.306000 860.289000 0.000000 0.000000
28 1860.352000 847.670000 0.000000 0.000000
29 1789.183000 858.701000 0.000000 0.000000
30 1781.012000 859.050000 0.000000 0.000000
31 1835.239554 878.369082 1.446272 0.062012
32 1859.913418 844.077985 0.072014 -0.060011
33 1898.788000 855.261000 0.000000 0.000000
34 1796.779918 874.943000 -0.062012 0.000000
35 1863.255971 874.353839 -0.120023 1.246234
36 1911.738000 855.275328 0.000000 -0.020004
37 1816.703283 859.429261 0.068013 -0.022004
38 1838.701552 876.315403 0.076014 0.012002
39 1863.962000 857.872000 0.000000 0.000000
40 1903.688604 880.731067 0.018003 0.002000
41 1819.432000 859.429000 0.000000 0.000000
42 1825.241000 847.356000 0.000000 0.000000
43 1814.371000 846.919000 0.000000 0.000000
44 1884.156388 854.905866 -0.048009 -0.004001
45 1903.957067 854.843328 0.002000 -0.020004
46 1878.759000 854.222000 0.000000 0.000000

20 43 1535385101.372152
1849.706131 867.934756 0.013833
1 1797.224000 858.865000 0.000000 0.000000
2 1812.097310 875.554690 -0.012002 0.012002
3 1817.641000 875.613672 0.000000 -0.026005
4 1875.207000 874.693000 0.000000 0.000000
5 1831.023052 875.411586 -0.002000 0.016003
6 1804.731707 875.380000 0.050009 0.000000
7 1910.347345 875.114897 -0.284053 0.004001
8 1819.634000 847.095000 0.000000 0.000000
9 1850.544724 876.290914 0.088017 0.042008
10 1881.209000 855.046000 0.000000 0.000000
11 1772.792052 858.569431 -0.002000 0.022004
12 1850.324000 854.055534 0.000000 0.018003
13 1836.219000 847.980000 0.000000 0.000000
14 1873.651000 853.695000 0.000000 0.000000
15 1876.383000 853.858000 0.000000 0.000000
16 1812.089019 867.763035 8.043511 0.192036
17 1823.738690 875.450000 0.012002 0.000000
18 1860.720621 840.777690 0.440083 0.012002
19 1889.098793 853.851379 0.008002 -0.092017
20 1844.184000 860.524586 0.000000 0.016003
21 1897.825000 864.594328 0.000000 0.026005
22 1794.562000 859.665000 0.000000 0.000000
23 1828.013293 859.773345 0.066012 0.180034
24 1830.641000 847.259000 0.000000 0.000000
25 1822.433586 847.084000 0.016003 0.000000
26 1841.306000 860.289000 0.000000 0.000000
27 1860.352000 847.670000 0.000000 0.000000
28 1789.183000 858.701000 0.000000 0.000000
29 1781.012000 859.050000 0.000000 0.000000
30 1835.876604 878.396397 1.446272 0.062012
31 1856.705000 876.076655 0.000000 -0.064012
32 1898.788000 855.261000 0.000000 0.000000
33 1796.752603 874.943000 -0.062012 0.000000
34 1863.203103 874.902776 -0.120023 1.246234
35 1911.738000 855.266517 0.000000 -0.020004
36 1830.395000 859.288000 0.000000 0.000000
37 1816.733241 859.419569 0.068013 -0.022004
38 1838.735035 876.320690 0.076014 0.012002
39 1785.244328 874.709707 0.026005 0.050009
40 1903.696534 880.731948 0.018003 0.002000
41 1825.241000 847.356000 0.000000 0.000000
42 1884.135241 854.904103 -0.048009 -0.004001
43 1878.759000 854.222000 0.000000 0.000000

21 45 1535385101.963337
1854.640937 867.994742 0.028605
1 1811.992628 875.558031 0.040007 0.002000
2 1875.207000 874.693063 0.000000 0.004001
3 1831.023000 875.420251 0.000000 0.016003
4 1844.604188 876.219220 0.012002 0.014002
5 1819.634000 847.095000 0.000000 0.000000
6 1850.598444 876.314063 0.092015 0.004001
7 1881.209596 855.037744 0.038006 -0.526087
8 1772.791969 858.582345 -0.002000 0.022004
9 1836.219000 847.980000 0.000000 0.000000
10 1916.745628 855.015283 0.040007 0.018003
11 1876.383000 853.858000 0.000000 0.000000
12 1836.447377 879.203471 1.362226 0.030005
13 1816.843224 867.875413 8.043335 0.090015
14 1823.747220 875.451000 0.014002 0.000000
15 1860.972211 840.783969 -0.114019 -0.002000
16 1844.183000 860.533251 0.000000 0.016003
17 1897.826000 864.609408 0.000000 0.026004
18 1920.231000 854.623000 0.000000 0.000000
19 1828.051005 859.878794 0.064011 0.178030
20 1902.434000 878.055000 0.000000 0.000000
21 1830.641000 847.259000 0.000000 0.000000
22 1783.537063 858.935314 0.004001 0.020003
23 1909.001000 855.173000 0.000000 0.000000
24 1822.443251 847.084000 0.016003 0.000000
25 1841.306063 860.288027 0.004001 -0.062010
26 1860.353475 847.669937 0.094016 -0.004001
27 1789.183000 858.701000 0.000000 0.000000
28 1781.012000 859.050000 0.000000 0.000000
29 1836.732727 878.432973 1.448240 0.062010
30 1856.827422 876.074000 0.218036 0.000000
31 1898.788000 855.261000 0.000000 0.000000
32 1796.716027 874.943031 -0.062010 0.002000
33 1863.110202 875.635776 -0.242040 1.260209
34 1911.738780 855.259426 -0.014002 0.282047
35 1891.420000 853.870000 0.000000 0.000000
36 1830.395000 859.288000 0.000000 0.000000
37 1838.777592 876.328780 -0.026004 -0.014002
38 1863.962000 857.872000 0.000000 0.000000
39 1785.259408 874.737785 0.026004 0.050008
40 1903.707283 880.732000 0.018003 0.000000
41 1825.241000 847.356000 0.000000 0.000000
42 1814.371000 846.919000 0.000000 0.000000
43 1884.107247 854.901937 -0.048008 -0.004001
44 1903.958000 854.822000 0.000000 0.000000
45 1878.759000 854.222000 0.000000 0.000000

22 51 1535385102.468617
1858.292531 868.101667 0.040324
1 1797.224000 858.865000 0.000000 0.000000
2 1812.012799 875.559042 0.037968 0.001998
3 1817.642000 875.586000 0.000000 0.000000
4 1875.207000 874.695126 0.000000 0.005995
5 1831.022958 875.428337 -0.001998 0.015987
6 1804.787094 875.379000 0.051956 0.000000
7 1844.609705 876.226295 -0.013988 0.013988
8 1910.312453 875.116000 -0.025978 0.000000
9 1819.634000 847.095000 0.000000 0.000000
10 1850.640812 876.315916 -0.103913 -0.003997
11 1881.227832 854.785230 -0.007993 0.105911
12 1772.790958 858.593421 -0.001998 0.019983
13 1850.324000 854.076379 0.000000 0.017985
14 1873.651000 853.695000 0.000000 0.000000
15 1874.992000 841.205000 0.000000 0.000000
16 1916.765799 855.024421 0.037968 0.019983
17 1876.383000 853.858000 0.000000 0.000000
18 1896.132916 854.034842 -0.003997 0.039966
19 1837.135696 879.218631 1.362855 0.029975
20 1877.615832 841.515304 -0.007993 0.061948
21 1823.754000 875.451000 0.000000 0.000000
22 1860.914644 840.782916 -0.111906 -0.003997
23 1889.086369 853.824052 -0.029975 0.049958
24 1844.183000 860.541337 0.000000 0.015987
25 1897.826000 864.622926 0.000000 0.043963
26 1920.231000 854.623000 0.000000 0.000000
27 1828.082000 859.965000 0.000000 0.000000
28 1902.433790 878.055631 -0.009992 0.029975
29 1830.641000 847.259000 0.000000 0.000000
30 1909.001000 855.173000 0.000000 0.000000
31 1905.639537 875.027884 -0.021982 0.041965
32 1822.451337 847.084000 0.015987 0.000000
33 1837.462023 878.463799 1.330882 0.037968
34 1856.929802 876.074000 -0.151872 0.000000
35 1898.788000 855.261000 0.000000 0.000000
36 1796.684654 874.944000 -0.063946 0.000000
37 1911.731958 855.396673 -0.001998 0.031973
38 1891.420000 853.870000 0.000000 0.000000
39 1830.395000 859.288000 0.000000 0.000000
40 1838.764495 876.321748 -0.023980 -0.011990
41 1863.960696 857.872042 -0.061948 0.001998
42 1785.272673 874.760443 0.031973 -0.073938
43 1893.722958 854.630304 -0.001998 0.061948
44 1903.716379 880.732042 0.017985 0.001998
45 1819.432000 859.429000 0.000000 0.000000
46 1825.241000 847.356000 0.000000 0.000000
47 1814.371000 846.919000 0.000000 0.000000
48 1884.082990 854.899916 -0.047960 -0.003997
49 1903.958000 854.822000 0.000000 0.000000
50 1878.759000 854.222000 0.000000 0.000000
51 1880.969000 841.456557 0.000000 0.073938

23 52 1535385102.978322
1861.556562 868.216841 0.050440
1 1797.224000 858.865000 0.000000 0.000000
2 1875.207000 874.698182 0.000000 0.006001
3 1804.812000 875.378454 0.000000 -0.018003
4 1844.602575 876.233364 -0.014003 0.012002
5 1910.299211 875.116000 -0.026005 0.000000
6 1819.634000 847.095000 0.000000 0.000000
7 1850.587783 876.313879 -0.106020 -0.004001
8 1850.324000 854.085546 0.000000 0.018003
9 1873.651000 853.695000 0.000000 0.000000
10 1874.992000 841.205000 0.000000 0.000000
11 1916.785214 855.034546 0.040008 0.018003
12 1876.383000 853.858000 0.000000 0.000000
13 1837.828208 879.233546 1.292246 0.018003
14 1825.007048 867.966731 8.043530 0.090017
15 1877.611757 841.562237 -0.008002 0.568108
16 1823.754000 875.451000 0.000000 0.000000
17 1860.857540 840.780939 -0.114022 -0.002000
18 1889.071090 853.849517 -0.030006 0.050010
19 1844.182939 860.549486 -0.002000 0.016003
20 1914.174000 855.399725 0.000000 -0.042008
21 1897.826000 864.645275 0.000000 0.042008
22 1920.231000 854.623000 0.000000 0.000000
23 1902.428636 878.070971 -0.012002 0.032006
24 1830.641000 847.259000 0.000000 0.000000
25 1909.001000 855.173000 0.000000 0.000000
26 1905.628272 875.049275 -0.024005 0.042008
27 1841.311121 860.225119 0.004001 -0.062012
28 1789.183000 858.701000 0.000000 0.000000
29 1838.139633 878.483092 1.306249 0.036007
30 1942.851876 881.687616 -0.070013 0.218041
31 1856.852387 876.074000 -0.152029 0.000000
32 1898.788000 855.261000 0.000000 0.000000
33 1796.652119 874.944000 -0.062012 0.000000
34 1862.814679 876.902841 -0.406077 1.214231
35 1911.730939 855.412910 -0.002000 0.030006
36 1891.420000 853.870000 0.000000 0.000000
37 1830.395000 859.288000 0.000000 0.000000
38 1895.762332 879.042185 -0.022004 0.072014
39 1816.722254 859.421974 -0.420080 0.098019
40 1907.370000 864.452000 0.000000 0.000000
41 1838.752211 876.315636 -0.026005 -0.012002
42 1863.928026 857.873121 -0.098019 0.004001
43 1785.288910 874.722815 0.030006 -0.072014
44 1893.721879 854.661942 -0.004001 0.064012
45 1903.725607 880.733000 0.020004 0.000000
46 1819.432000 859.429000 0.000000 0.000000
47 1814.371000 846.919000 0.000000 0.000000
48 1884.058483 854.897939 -0.050010 -0.002000
49 1903.958000 854.822000 0.000000 0.000000
50 1905.441000 875.531607 0.000000 0.020004
51 1902.188393 877.268971 -0.020004 0.032006
52 1880.969000 841.494306 0.000000 0.076014

24 52 1535385103.418537
1864.286273 868.346837 0.057960
1 1797.224000 858.865000 0.000000 0.000000
2 1812.049826 875.560941 0.040008 0.002000
3 1875.207000 874.700824 0.000000 0.006001
4 1831.022000 875.443530 0.000000 0.016003
5 1804.812000 875.370528 0.000000 -0.018003
6 1844.596411 876.238648 -0.014003 0.012002
7 1910.287763 875.116000 -0.026005 0.000000
8 1819.634000 847.095000 0.000000 0.000000
9 1850.541112 876.312117 -0.106020 -0.004001
10 1881.220235 854.884947 -0.008002 0.104020
11 1850.324000 854.093472 0.000000 0.018003
12 1836.219000 847.980000 0.000000 0.000000
13 1874.992000 841.205000 0.000000 0.000000
14 1916.802826 855.042472 0.040008 0.018003
15 1876.383000 853.858000 0.000000 0.000000
16 1896.129117 854.073767 -0.004001 0.042008
17 1838.397074 879.241472 1.292246 0.018003
18 1828.547930 868.006358 8.043530 0.090017
19 1877.608235 841.812327 -0.008002 0.568108
20 1823.754000 875.451000 0.000000 0.000000
21 1860.807346 840.780059 -0.114022 -0.002000
22 1914.174000 855.381233 0.000000 -0.042008
23 1897.826000 864.663767 0.000000 0.042008
24 1920.231000 854.623000 0.000000 0.000000
25 1828.082000 859.965000 0.000000 0.000000
26 1830.641000 847.259000 0.000000 0.000000
27 1909.001000 855.173000 0.000000 0.000000
28 1905.617705 875.067767 -0.024005 0.042008
29 1841.312883 860.197820 0.004001 -0.062012
30 1860.492182 847.664117 0.096018 -0.004001
31 1781.012000 859.050000 0.000000 0.000000
32 1838.714663 878.498943 1.306249 0.036007
33 1942.821055 881.783601 -0.070013 0.218041
34 1898.788000 855.261000 0.000000 0.000000
35 1862.635918 877.437363 -0.406077 1.214231
36 1911.730059 855.426119 -0.002000 0.030006
37 1891.420000 853.870000 0.000000 0.000000
38 1830.395000 859.288000 0.000000 0.000000
39 1907.370000 864.452000 0.000000 0.000000
40 1863.884877 857.874883 -0.098019 0.004001
41 1785.302119 874.691114 0.030006 -0.072014
42 1893.720117 854.690121 -0.004001 0.064012
43 1903.734413 880.733000 0.020004 0.000000
44 1819.432000 859.429000 0.000000 0.000000
45 1825.241000 847.356000 0.000000 0.000000
46 1814.371000 846.919000 0.000000 0.000000
47 1884.036468 854.897059 -0.050010 -0.002000
48 1903.958000 854.822000 0.000000 0.000000
49 1905.441000 875.540413 0.000000 0.020004
50 1902.179587 877.283061 -0.020004 0.032006
51 1878.759000 854.222000 0.000000 0.000000
52 1880.969000 841.527769 0.000000 0.076014

25 53 1535385103.928685
1867.546982 868.530581 0.062428
1 1797.224000 858.865000 0.000000 0.000000
2 1812.070215 875.561000 0.039965 0.000000
3 1875.207000 874.702922 0.000000 0.003997
4 1804.812000 875.361353 0.000000 -0.017984
5 1844.589275 876.245725 -0.013988 0.013988
6 1910.287000 875.116000 0.000000 0.000000
7 1819.634000 847.095000 0.000000 0.000000
8 1850.517824 876.325451 -0.041963 0.027976
9 1850.324000 854.103608 0.000000 0.019983
10 1836.219000 847.980000 0.000000 0.000000
11 1873.651000 853.695000 0.000000 0.000000
12 1874.992000 841.205000 0.000000 0.000000
13 1916.823215 855.051647 0.039965 0.017984
14 1876.319590 853.853196 -0.131885 -0.009991
15 1896.127078 854.094215 -0.003997 0.039965
16 1839.055652 879.249686 1.290877 0.015986
17 1832.684693 868.063763 8.112940 0.113901
18 1877.718488 841.826118 0.229800 -0.005995
19 1823.754000 875.451000 0.000000 0.000000
20 1860.750197 840.778078 -0.111903 -0.003997
21 1844.182000 860.564686 0.000000 0.015986
22 1897.826961 864.686137 0.001998 0.043962
23 1920.231000 854.623000 0.000000 0.000000
24 1828.082000 859.965000 0.000000 0.000000
25 1895.020000 823.265000 0.000000 0.000000
26 1830.641000 847.259000 0.000000 0.000000
27 1886.386295 854.482372 -0.065943 0.031972
28 1905.606432 875.089176 -0.021981 0.041963
29 1841.315882 860.167177 0.005995 -0.059948
30 1860.540156 847.662078 0.093918 -0.003997
31 1839.397671 878.517294 1.340833 0.035969
32 1942.784413 881.894723 -0.071937 0.217810
33 1856.707982 876.074961 -0.151868 0.001998
34 1898.788000 855.261000 0.000000 0.000000
35 1796.593216 874.895001 -0.061946 -0.101911
36 1862.435691 878.005262 -0.391659 1.107037
37 1911.730000 855.442372 0.000000 0.031972
38 1830.395000 859.288000 0.000000 0.000000
39 1888.767233 841.132000 0.191833 0.000000
40 1816.501942 859.532371 -0.047958 0.133883
41 1907.370000 864.452000 0.000000 0.000000
42 1838.727510 876.304235 -0.025977 -0.011990
43 1785.317411 874.653452 0.029974 -0.073936
44 1893.719039 854.721784 -0.001998 0.061946
45 1903.743647 880.733000 0.017984 0.000000
46 1825.241000 847.356000 0.000000 0.000000
47 1814.371000 846.919000 0.000000 0.000000
48 1884.011942 854.895078 -0.047958 -0.003997
49 1903.958000 854.822000 0.000000 0.000000
50 1905.441000 875.551568 0.000000 0.021981
51 1902.170353 877.298411 -0.017984 0.029974
52 1878.759000 854.222000 0.000000 0.000000
53 1880.969000 841.565548 0.000000 0.073936

26 52 1535385104.438885
1871.018942 868.710478 0.053551
1 1797.224000 858.865000 0.000000 0.000000
2 1812.089625 875.561980 0.037967 0.001998
3 1830.991296 875.427158 -0.029974 -0.015986
4 1804.812000 875.353158 0.000000 -0.015986
5 1844.581158 876.251882 -0.015986 0.011990
6 1819.634000 847.095000 0.000000 0.000000
7 1850.495434 876.340704 -0.043962 0.029974
8 1881.213079 854.991974 -0.007993 0.103909
9 1850.324000 854.112822 0.000000 0.017984
10 1836.219000 847.980000 0.000000 0.000000
11 1916.843605 855.061803 0.039965 0.019983
12 1876.252302 853.848099 -0.131885 -0.009991
13 1896.126020 854.115586 -0.001998 0.041963
14 1839.715236 879.258822 1.292871 0.017984
15 1860.821000 824.358941 0.000000 0.005995
16 1877.836711 841.823059 0.231798 -0.005995
17 1823.754000 875.451000 0.000000 0.000000
18 1860.692125 840.777020 -0.113901 -0.001998
19 1889.027296 853.922507 -0.029974 0.049956
20 1914.175980 855.340395 0.001998 -0.039965
21 1920.231000 854.635744 0.000000 0.025977
22 1828.082000 859.965000 0.000000 0.000000
23 1895.020000 823.265000 0.000000 0.000000
24 1902.373493 878.130546 -0.049956 0.045960
25 1830.641000 847.259000 0.000000 0.000000
26 1909.001000 855.173000 0.000000 0.000000
27 1905.595217 875.110586 -0.021981 0.041963
28 1895.727000 877.737000 0.000000 0.000000
29 1841.317961 860.135612 0.003997 -0.061946
30 1860.589053 847.660039 0.095916 -0.003997
31 1840.081762 878.536625 1.340829 0.037967
32 1942.747710 882.005850 -0.071937 0.217810
33 1856.705000 876.106369 0.000000 0.063944
34 1898.788000 855.261000 0.000000 0.000000
35 1796.561612 874.913586 -0.061946 0.041963
36 1862.247630 878.571051 -0.367679 1.109031
37 1911.727059 855.489073 -0.005995 0.093918
38 1891.420000 853.870000 0.000000 0.000000
39 1830.395000 859.288000 0.000000 0.000000
40 1895.739039 879.115921 -0.003997 0.007993
41 1816.478454 859.599698 -0.045960 0.131885
42 1907.370000 864.452000 0.000000 0.000000
43 1838.714256 876.297138 -0.025977 -0.013988
44 1785.297414 874.651020 -0.041963 -0.001998
45 1893.740566 854.575959 0.043962 -0.299738
46 1825.241000 847.356000 0.000000 0.000000
47 1814.371000 846.919000 0.000000 0.000000
48 1883.987473 854.893039 -0.047958 -0.003997
49 1902.160197 877.314684 -0.019983 0.031972
50 1878.759000 854.222000 0.000000 0.000000
51 1880.969000 841.567000 0.000000 0.000000
52 1861.254026 837.661059 -0.103909 -0.005995

27 60 1535385104.954102
1874.939671 868.881248 0.041705
1 1797.224000 858.865000 0.000000 0.000000
2 1812.089723 875.561991 -0.063947 -0.001998
3 1875.207000 874.730931 0.000000 -0.015987
4 1830.974870 875.417922 -0.029975 -0.017985
5 1844.573948 876.258939 -0.011990 -0.013988
6 1910.287000 875.116000 0.000000 0.000000
7 1819.634000 847.095000 0.000000 0.000000
8 1850.473809 876.356130 -0.043963 0.029975
9 1881.209147 855.045749 0.033972 -0.057952
10 1850.324000 854.122087 0.000000 0.019983
11 1836.219000 847.980000 0.000000 0.000000
12 1916.864173 855.071087 0.039967 0.019983
13 1876.317572 853.853043 0.131890 0.009992
14 1896.123983 854.137173 -0.003997 0.039967
15 1883.786162 841.484674 0.267777 -0.305746
16 1840.381632 879.266991 1.528728 -0.001998
17 1860.821009 824.363026 0.001998 0.005995
18 1841.234172 868.214780 8.568870 0.179850
19 1877.956092 841.818965 0.251790 -0.007993
20 1823.754000 875.451000 0.000000 0.000000
21 1906.590000 854.332000 0.000000 0.000000
22 1860.633515 840.774991 -0.111907 -0.001998
23 1844.181061 860.578942 0.013988 -0.243797
24 1914.194147 855.368251 0.033972 0.057952
25 1897.827000 864.687000 0.000000 0.000000
26 1920.232009 854.649113 0.001998 0.025978
27 1828.082000 859.965000 0.000000 0.000000
28 1902.387130 878.139078 0.029975 0.017985
29 1830.641000 847.259000 0.000000 0.000000
30 1886.320723 854.516139 -0.063947 0.031973
31 1909.001000 855.173000 0.000000 0.000000
32 1905.595000 875.111000 0.000000 0.000000
33 1895.726905 877.737563 -0.021982 0.129892
34 1841.320957 860.104537 -0.009992 0.123897
35 1860.637000 847.658000 0.000000 0.000000
36 1942.710697 882.117945 -0.069942 0.217819
37 1856.705511 876.139939 0.117902 -0.013988
38 1898.788000 855.261000 0.000000 0.000000
39 1862.084951 879.139002 -0.241799 1.153041
40 1911.725000 855.537000 0.000000 0.000000
41 1891.420000 853.870000 0.000000 0.000000
42 1830.395000 859.288000 0.000000 0.000000
43 1895.737801 879.121624 -0.045962 0.143880
44 1888.962832 841.132000 0.191840 0.000000
45 1816.453801 859.668572 -0.045962 0.131890
46 1907.366035 864.571951 0.007993 -0.241799
47 1838.714000 876.284887 0.000000 -0.025978
48 1900.235000 840.054000 0.000000 0.000000
49 1863.882000 857.875000 0.000000 0.000000
50 1893.733931 854.650668 -0.015987 0.153872
51 1903.762087 880.734000 0.019983 0.000000
52 1895.769150 878.509965 -0.195837 -0.007993
53 1825.241000 847.356000 0.000000 0.000000
54 1814.371000 846.919000 0.000000 0.000000
55 1883.962792 854.890991 -0.047960 -0.001998
56 1903.980182 854.823009 0.041965 0.001998
57 1905.441000 875.573087 0.000000 0.019983
58 1902.150399 877.331095 0.091924 0.021982
59 1901.289000 854.756000 0.000000 0.000000
60 1878.759009 854.221887 0.001998 -0.025978

28 57 1535385105.464247
1879.097458 869.014720 0.027190
1 1812.057072 875.560972 -0.065940 -0.001998
2 1875.207028 874.722747 0.001998 -0.017984
3 1830.959550 875.408775 -0.031971 -0.015985
4 1844.567803 876.251775 -0.013987 -0.015985
5 1850.451382 876.371422 -0.043960 0.029973
6 1881.226506 855.016157 0.035967 -0.059946
7 1836.219000 847.980000 0.000000 0.000000
8 1873.651000 853.695000 0.000000 0.000000
9 1874.992000 841.205000 0.000000 0.000000
10 1916.884534 855.081253 0.037966 0.017984
11 1876.383000 853.858000 0.000000 0.000000
12 1896.121944 854.157590 -0.003996 0.041962
13 1883.921530 841.335389 0.179837 0.169846
14 1841.161531 879.266000 1.530610 0.000000
15 1860.822000 824.366112 0.000000 0.007993
16 1845.605529 868.306530 8.568221 0.179837
17 1823.754000 875.451000 0.000000 0.000000
18 1906.589972 854.332618 -0.001998 0.043960
19 1860.576398 840.773944 -0.113897 -0.003996
20 1914.211478 855.397815 0.033969 0.057947
21 1897.827000 864.687000 0.000000 0.000000
22 1920.233028 854.662365 0.001998 0.025976
23 1886.288101 854.532450 -0.063942 0.031971
24 1909.001000 855.173000 0.000000 0.000000
25 1905.594410 875.111225 -0.041962 0.015985
26 1895.716956 877.801635 0.067938 -0.025976
27 1841.315859 860.167715 -0.009991 0.121889
28 1860.637000 847.658000 0.000000 0.000000
29 1841.504154 878.553972 1.432699 -0.001998
30 1942.675972 882.226056 -0.001998 0.003996
31 1856.765630 876.132803 0.115895 -0.013987
32 1898.788000 855.261000 0.000000 0.000000
33 1796.497101 874.825763 -0.063942 -0.087920
34 1895.725000 877.102000 0.000000 0.000000
35 1861.962639 879.727359 -0.167848 1.162944
36 1911.725000 855.537000 0.000000 0.000000
37 1891.420000 853.870000 0.000000 0.000000
38 1895.715281 879.192129 0.019982 -0.061944
39 1889.060698 841.132000 0.191826 0.000000
40 1816.430325 859.735883 -0.047956 0.133878
41 1907.370056 864.448599 0.003996 -0.241780
42 1978.334859 863.179225 -0.009991 0.015985
43 1838.714000 876.271635 0.000000 -0.025976
44 1900.235000 840.054000 0.000000 0.000000
45 1863.882000 857.875000 0.000000 0.000000
46 1785.254410 874.649972 -0.041962 -0.001998
47 1893.725803 854.729164 -0.013987 0.153860
48 1903.772253 880.734028 0.017984 0.001998
49 1895.674755 878.506112 0.195822 0.007993
50 1825.241000 847.356000 0.000000 0.000000
51 1814.371000 846.919000 0.000000 0.000000
52 1883.942092 854.890225 0.219800 0.015985
53 1904.001618 854.824028 0.043960 0.001998
54 1905.441000 875.583169 0.000000 0.011989
55 1902.195213 877.342478 -0.055949 0.033969
56 1901.289000 854.756000 0.000000 0.000000
57 1880.971530 841.567000 0.179837 0.000000

29 62 1535385105.973587
1883.406246 869.099115 0.019893
1 1812.023488 875.559908 -0.065869 -0.003992
2 1875.208000 874.714275 0.000000 0.011976
3 1830.944000 875.401000 0.000000 0.000000
4 1804.812000 875.326084 0.000000 -0.039921
5 1844.560725 876.243679 -0.011976 -0.013972
6 1910.287000 875.116000 0.000000 0.000000
7 1819.634000 847.095000 0.000000 0.000000
8 1850.430046 876.384763 0.001996 -0.053893
9 1881.244779 854.985671 0.033933 -0.057885
10 1836.219000 847.980000 0.000000 0.000000
11 1873.651000 853.695000 0.000000 0.000000
12 1876.383000 853.858000 0.000000 0.000000
13 1896.119908 854.178916 -0.003992 0.039921
14 1884.013123 841.421940 0.179644 0.171660
15 1841.941094 879.265954 1.528969 -0.001996
16 1860.821313 824.369771 -0.029941 -0.009980
17 1849.960934 868.397665 8.187770 0.159683
18 1823.754000 875.451000 0.000000 0.000000
19 1860.521000 840.772000 0.000000 0.000000
20 1888.989697 854.000741 0.335335 0.075850
21 1844.194321 860.330411 0.013972 -0.243517
22 1914.228779 855.427283 0.033933 0.055889
23 1897.827000 864.687000 0.000000 0.000000
24 1920.234046 854.675596 0.001996 0.025949
25 1902.404092 878.166825 0.003992 0.035929
26 1886.382834 841.658908 0.341323 -0.003992
27 1886.264376 854.544289 0.321363 -0.161680
28 1907.532000 882.696000 0.000000 0.000000
29 1895.751558 877.788359 0.067865 -0.027945
30 1841.310771 860.229841 -0.009980 0.123755
31 1860.648820 847.657496 0.514979 -0.021956
32 1942.674954 882.228092 -0.001996 0.003992
33 1898.788000 855.261000 0.000000 0.000000
34 1796.464580 874.780984 -0.061877 -0.087826
35 1895.725000 877.102000 0.000000 0.000000
36 1861.878389 880.319894 -0.113774 1.171677
37 1911.725000 855.537000 0.000000 0.000000
38 1891.420000 853.870000 0.000000 0.000000
39 1830.395000 859.288000 0.000000 0.000000
40 1895.725458 879.160580 0.019960 -0.061877
41 1889.154000 841.132000 0.000000 0.000000
42 1816.405900 859.804024 -0.047905 0.131739
43 1907.371908 864.336544 -0.003992 0.241521
44 1978.329771 863.187321 -0.009980 0.013972
45 1911.224490 896.657946 0.195612 -0.045909
46 1838.714000 876.258404 0.000000 -0.025949
47 1900.235000 840.054000 0.000000 0.000000
48 1863.882000 857.875000 0.000000 0.000000
49 1785.233038 874.648954 -0.041917 -0.001996
50 1893.718679 854.807528 -0.013972 0.153695
51 1903.781412 880.735000 0.017964 0.000000
52 1825.241000 847.356000 0.000000 0.000000
53 1814.371000 846.919000 0.000000 0.000000
54 1884.053994 854.898367 0.217569 0.015968
55 1904.023000 854.825000 0.000000 0.000000
56 1905.441000 875.589229 0.000000 0.009980
57 1902.166717 877.359825 -0.055889 0.035929
58 1901.289000 854.756000 0.000000 0.000000
59 1907.033313 881.306145 -0.029941 0.049901
60 1878.761046 854.195404 0.001996 -0.025949
61 1881.059092 841.536166 0.003992 -1.343337
62 1914.352618 896.218863 -0.103794 -0.005988

30 56 1535385106.414608
1887.198619 869.168228 0.021081
1 1875.208000 874.719557 0.000000 0.011976
2 1830.944000 875.401000 0.000000 0.000000
3 1804.812000 875.308478 0.000000 -0.039921
4 1844.555443 876.237517 -0.011976 -0.013972
5 1910.287000 875.116000 0.000000 0.000000
6 1819.634000 847.095000 0.000000 0.000000
7 1850.430926 876.360995 0.001996 -0.053893
8 1881.259744 854.960143 0.033933 -0.057885
9 1873.651000 853.695000 0.000000 0.000000
10 1874.992000 841.205000 0.000000 0.000000
11 1916.921522 855.099261 0.039921 0.019960
12 1876.383000 853.858000 0.000000 0.000000
13 1884.092350 841.497646 0.179644 0.171660
14 1842.615402 879.265074 1.528969 -0.001996
15 1860.808108 824.365369 -0.029941 -0.009980
16 1823.754000 875.451000 0.000000 0.000000
17 1906.588074 854.374374 -0.001996 0.043913
18 1860.521000 840.772000 0.000000 0.000000
19 1844.200483 860.223014 0.013972 -0.243517
20 1914.243744 855.451931 0.033933 0.055889
21 1897.827000 864.687000 0.000000 0.000000
22 1886.830000 823.651000 0.000000 0.000000
23 1902.405852 878.182670 0.003992 0.035929
24 1886.533365 841.657148 0.341323 -0.003992
25 1830.641000 847.259000 0.000000 0.000000
26 1886.406104 854.472985 0.321363 -0.161680
27 1909.001000 855.173000 0.000000 0.000000
28 1905.553626 875.127335 -0.043913 0.017964
29 1895.781488 877.776034 0.067865 -0.027945
30 1841.306369 860.284419 -0.009980 0.123755
31 1860.875937 847.647813 0.514979 -0.021956
32 1856.826631 876.120443 0.009980 -0.011976
33 1898.788000 855.261000 0.000000 0.000000
34 1796.437291 874.742251 -0.061877 -0.087826
35 1895.725000 877.102000 0.000000 0.000000
36 1861.828212 880.836628 -0.113774 1.171677
37 1911.725000 855.537000 0.000000 0.000000
38 1891.420000 853.870000 0.000000 0.000000
39 1895.734261 879.133291 0.019960 -0.061877
40 1889.154000 841.132000 0.000000 0.000000
41 1816.384773 859.862123 -0.047905 0.131739
42 1907.370148 864.443060 -0.003992 0.241521
43 1978.325369 863.193483 -0.009980 0.013972
44 1838.714000 876.246961 0.000000 -0.025949
45 1900.235000 840.054000 0.000000 0.000000
46 1863.882000 857.875000 0.000000 0.000000
47 1785.214552 874.648074 -0.041917 -0.001996
48 1903.789335 880.735000 0.017964 0.000000
49 1895.770000 878.510000 0.000000 0.000000
50 1825.241000 847.356000 0.000000 0.000000
51 1905.441000 875.593631 0.000000 0.009980
52 1902.142069 877.375670 -0.055889 0.035929
53 1901.289000 854.756000 0.000000 0.000000
54 1907.020108 881.328153 -0.029941 0.049901
55 1878.761926 854.183961 0.001996 -0.025949
56 1914.306842 896.216222 -0.103794 -0.005988

31 55 1535385106.929792
1891.579651 869.227032 0.020000
1 1875.208000 874.724777 0.000000 0.009991
2 1830.944000 875.401000 0.000000 0.000000
3 1804.812000 875.329932 0.000000 0.047957
4 1844.550223 876.232223 -0.009991 -0.009991
5 1910.287000 875.116000 0.000000 0.000000
6 1850.431955 876.334158 0.001998 -0.051954
7 1881.278199 854.930291 0.035968 -0.057948
8 1873.651000 853.695000 0.000000 0.000000
9 1876.383000 853.858000 0.000000 0.000000
10 1884.317805 841.583305 0.457591 0.165852
11 1843.402942 879.264045 1.528634 -0.001998
12 1860.791712 824.360223 -0.031971 -0.009991
13 1857.789601 868.549483 8.186684 0.157859
14 1823.754000 875.451000 0.000000 0.000000
15 1906.587045 854.397021 -0.001998 0.043961
16 1860.521000 840.772000 0.000000 0.000000
17 1925.086000 889.467856 0.000000 0.275754
18 1889.085983 854.058021 -0.133880 0.043961
19 1908.799065 898.559873 0.041963 -0.173845
20 1844.196223 860.305726 -0.009991 0.191829
21 1914.262199 855.481709 0.035968 0.057948
22 1897.827000 864.687000 0.000000 0.000000
23 1920.235000 854.700421 0.000000 0.025977
24 1886.830000 823.651000 0.000000 0.000000
25 1902.427021 878.124760 0.043961 -0.123889
26 1886.418000 854.467000 0.000000 0.000000
27 1909.001000 855.173000 0.000000 0.000000
28 1907.528178 882.682623 -0.007993 -0.027975
29 1905.534801 875.128955 -0.035968 0.001998
30 1895.786866 877.743469 0.005995 -0.065941
31 1861.139603 847.636490 0.511543 -0.021980
32 1911.473000 872.926688 0.000000 0.013988
33 1843.605035 878.551045 1.434718 -0.001998
34 1942.673045 882.232866 -0.001998 0.005995
35 1898.788000 855.261000 0.000000 0.000000
36 1911.725000 855.537000 0.000000 0.000000
37 1891.420000 853.870000 0.000000 0.000000
38 1830.395000 859.288000 0.000000 0.000000
39 1895.756976 879.089914 0.045959 -0.085923
40 1889.154000 841.132000 0.000000 0.000000
41 1907.367134 864.566658 -0.005995 0.239786
42 1978.319267 863.200688 -0.011989 0.013988
43 1911.360041 896.645555 0.087921 0.019982
44 1863.882000 857.875000 0.000000 0.000000
45 1785.193890 874.647045 -0.039964 -0.001998
46 1893.710089 854.911575 -0.003996 0.063943
47 1895.772866 878.446938 0.005995 -0.131882
48 1884.158000 854.906000 0.000000 0.000000
49 1904.023000 854.825000 0.000000 0.000000
50 1902.166753 877.359801 0.055950 -0.035968
51 1901.289000 854.756000 0.000000 0.000000
52 1907.004668 881.353887 -0.029973 0.049955
53 1878.762955 854.169623 0.001998 -0.027975
54 1881.060045 841.165356 -0.001998 0.567493
55 1914.338353 896.153894 0.073934 -0.129884

32 36 1535385107.439970
1895.831432 869.284231 0.020058
1 1830.943025 875.437073 -0.001998 0.073935
2 1881.295574 854.899752 0.033970 -0.059947
3 1873.651000 853.695000 0.000000 0.000000
4 1876.383000 853.858000 0.000000 0.000000
5 1844.183801 879.263025 1.530650 -0.001998
6 1861.966314 868.630995 8.186778 0.159859
7 1906.586025 854.419449 -0.001998 0.043961
8 1860.521000 840.772000 0.000000 0.000000
9 1925.272213 889.484724 0.381663 0.021981
10 1908.835098 898.533576 0.071937 -0.045959
11 1914.279574 855.511273 0.033970 0.057949
12 1897.827000 864.687000 0.000000 0.000000
13 1920.235975 854.713674 0.001998 0.025977
14 1902.428000 878.122000 0.000000 0.000000
15 1909.001000 855.173000 0.000000 0.000000
16 1907.525075 882.668351 -0.005995 -0.027975
17 1905.515476 875.129975 -0.037967 0.001998
18 1895.825023 877.681554 0.077931 -0.123891
19 1841.306000 860.289000 0.000000 0.000000
20 1942.673000 882.234950 0.000000 0.003996
21 1856.834900 876.107150 0.007993 -0.011989
22 1796.396501 874.816023 -0.039965 0.077931
23 1895.821747 877.009005 0.099912 -0.159859
24 1830.395000 859.288000 0.000000 0.000000
25 1895.781398 879.046078 0.047958 -0.085924
26 1907.367000 864.552501 0.000000 -0.039965
27 1978.314125 863.208799 -0.009991 0.015986
28 1914.944175 872.972526 -0.013988 -0.041963
29 1893.711950 854.897401 0.003996 -0.031972
30 1903.807774 880.735975 0.017984 0.001998
31 1895.806148 878.413777 0.067940 -0.061945
32 1884.158000 854.906000 0.000000 0.000000
33 1904.023000 854.825000 0.000000 0.000000
34 1905.441000 875.579248 0.000000 0.059947
35 1902.189449 877.345351 0.043961 -0.027975
36 1907.036173 881.300404 0.065942 -0.111901

33 43 1535385107.950162
1900.087393 869.327714 0.018417
1 1875.208000 874.731958 0.000000 0.013982
2 1830.941012 875.474779 -0.003995 0.073906
3 1804.812000 875.378857 0.000000 0.047939
4 1910.286006 875.067292 -0.001997 -0.097876
5 1873.651000 853.695000 0.000000 0.000000
6 1916.982881 855.127946 0.039949 0.017977
7 1844.934610 879.255048 1.470133 -0.015980
8 1866.143552 868.711529 8.187603 0.157800
9 1913.285994 882.629298 0.001997 -0.099873
10 1926.630054 875.841137 -0.017977 -0.045942
11 1908.872779 898.509143 0.073906 -0.047939
12 1914.296899 855.540827 0.033957 0.057926
13 1897.827000 864.687000 0.000000 0.000000
14 1902.439928 878.089197 0.023970 -0.065916
15 1909.001000 855.173000 0.000000 0.000000
16 1907.521024 882.655078 -0.007990 -0.025967
17 1905.523946 875.071352 0.017977 -0.117850
18 1895.849857 877.676024 0.047939 -0.007990
19 1841.306000 860.289000 0.000000 0.000000
20 1845.085610 878.548012 1.470133 -0.003995
21 1942.679958 882.212137 0.013982 -0.045942
22 1856.803191 876.122905 -0.063919 0.031959
23 1898.788000 855.261000 0.000000 0.000000
24 1895.823000 877.007000 0.000000 0.000000
25 1911.725000 855.537000 0.000000 0.000000
26 1985.607009 874.762219 -14.403710 -0.743056
27 1830.395000 859.288000 0.000000 0.000000
28 1907.367994 864.531125 0.001997 -0.041947
29 1978.309030 863.215958 -0.009987 0.013982
30 1911.451732 896.555274 0.089886 -0.091883
31 1922.590310 890.740803 -0.103868 0.065916
32 1914.937042 872.951125 -0.013982 -0.041947
33 1893.713988 854.882089 0.003995 -0.029962
34 1903.795078 880.735006 -0.025967 -0.001997
35 1895.807000 878.413000 0.000000 0.000000
36 1919.674839 889.252060 0.053932 -0.019975
37 1904.023000 854.825000 0.000000 0.000000
38 1905.440006 875.547197 -0.001997 -0.065916
39 1902.228767 877.282376 0.077901 -0.125840
40 1901.289000 854.756000 0.000000 0.000000
41 1907.070797 881.243334 0.067914 -0.111858
42 1919.101000 892.078000 0.000000 0.000000
43 1914.414773 896.020388 0.075904 -0.129835

34 48 1535385108.465298
1904.525020 869.376193 0.018282
1 1875.208000 874.739190 0.000000 0.014019
2 1830.940000 875.511620 0.000000 -0.028038
3 1804.812000 875.385190 0.000000 0.014019
4 1844.542000 876.223000 0.000000 0.000000
5 1910.233380 875.068000 0.028038 0.000000
6 1850.430027 876.385430 0.002003 -0.042057
7 1873.651000 853.695000 0.000000 0.000000
8 1917.002543 855.138244 0.040055 0.018025
9 1845.614835 879.265435 1.536099 0.032044
10 1870.369444 868.793766 8.806030 0.130178
11 1906.583973 854.464598 -0.002003 0.044060
12 1913.287027 882.576642 0.002003 -0.100137
13 1925.095217 889.192837 0.016022 -0.012016
14 1926.626919 875.832810 -0.006008 -0.014019
15 1908.910978 898.485375 0.072098 -0.046063
16 1844.181701 860.563351 -0.022030 0.394539
17 1897.827000 864.687000 0.000000 0.000000
18 1920.238027 854.740353 0.002003 0.026036
19 1916.527065 893.726506 0.152208 -0.110150
20 1902.440000 878.087000 0.000000 0.000000
21 1920.067000 873.333000 0.000000 0.000000
22 1909.001000 855.173000 0.000000 0.000000
23 1907.324109 882.694929 0.008011 0.142194
24 1905.534092 875.012924 0.154211 0.068093
25 1926.631000 877.571000 0.000000 0.000000
26 1841.306000 860.289000 0.000000 0.000000
27 1942.688190 882.189375 0.014019 -0.046063
28 1926.478457 878.060684 -0.040055 0.124170
29 1856.770625 876.139674 0.046063 -0.024033
30 1898.788000 855.261000 0.000000 0.000000
31 1796.357484 874.896059 -0.038052 0.078107
32 1978.203063 874.478436 -12.823519 -0.336460
33 1830.395000 859.288000 0.000000 0.000000
34 1907.365946 864.633716 -0.004005 0.200274
35 1978.302864 863.223217 -0.010014 0.016022
36 1911.497902 896.510380 0.140192 0.028038
37 1922.563321 890.769761 -0.050068 0.056077
38 1914.937000 872.951000 0.000000 0.000000
39 1893.716054 854.866593 0.004005 -0.030041
40 1895.807000 878.413000 0.000000 0.000000
41 1919.702733 889.241728 0.054074 -0.020027
42 1904.023027 854.824402 0.002003 -0.044060
43 1905.441820 875.515793 0.134183 0.132181
44 1902.229489 877.282761 0.036049 0.056077
45 1907.123963 881.275778 -0.150205 -0.090123
46 1919.065076 891.975256 -0.068093 -0.202276
47 1924.297000 873.960000 0.000000 0.000000
48 1914.452951 895.955358 0.070096 0.100137

35 47 1535385108.974758
1909.067745 869.451555 0.022446
1 1875.208000 874.746316 0.000000 0.013346
2 1830.940000 875.497367 0.000000 -0.026692
3 1804.812000 875.392264 0.000000 0.011122
4 1844.542000 876.223000 0.000000 0.000000
5 1910.247686 875.068000 0.028917 0.000000
6 1850.431000 876.363998 0.000000 -0.042263
7 1873.651000 853.695000 0.000000 0.000000
8 1917.021842 855.137139 -0.006673 -0.415956
9 1846.397333 879.283637 1.532586 0.111218
10 1874.842691 868.861430 8.254608 0.186846
11 1906.582947 854.487002 -0.002224 0.042263
12 1913.286787 882.529371 -0.051160 0.057833
13 1925.093614 889.193275 -0.395936 0.264699
14 1926.624000 875.826000 0.000000 0.000000
15 1908.947740 898.461893 0.073404 -0.046712
16 1844.171158 860.752258 0.006673 -0.115667
17 1914.332791 855.599371 0.033365 0.057833
18 1897.827000 864.687000 0.000000 0.000000
19 1916.604639 893.670311 0.153481 -0.113442
20 1920.064574 873.335478 -0.102321 0.104545
21 1909.001000 855.173000 0.000000 0.000000
22 1905.609686 875.046316 0.028917 0.013346
23 1926.630736 877.572160 -0.011122 0.048936
24 1911.432689 872.893104 0.113442 -0.037814
25 1846.590856 878.545947 1.470303 -0.002224
26 1942.694789 882.167580 -0.008897 0.024468
27 1926.459000 878.121000 0.000000 0.000000
28 1856.794055 876.127473 0.044487 -0.022244
29 1898.788000 855.261000 0.000000 0.000000
30 1796.338104 874.935846 -0.037814 0.077853
31 1895.820947 877.074687 -0.002224 0.071180
32 1911.725000 855.537000 0.000000 0.000000
33 1830.395000 859.288000 0.000000 0.000000
34 1895.762473 879.041635 -0.022244 0.068955
35 1907.363895 864.735746 -0.004449 0.200193
36 1978.297736 863.231316 -0.011122 0.013346
37 1922.537787 890.798318 -0.051160 0.055609
38 1914.937000 872.951000 0.000000 0.000000
39 1893.718105 854.851262 0.004449 -0.031141
40 1903.821898 880.736105 0.080077 0.004449
41 1895.806947 878.414740 -0.002224 0.073404
42 1919.730266 889.231525 0.053385 -0.020019
43 1904.024053 854.801945 0.002224 -0.044487
44 1901.289000 854.756000 0.000000 0.000000
45 1907.047467 881.229838 -0.149032 -0.091199
46 1914.488635 896.006373 0.068955 0.100096
47 1926.394785 878.518793 -0.093423 0.075628

36 40 1535385109.414873
1912.942578 869.524985 0.024129
1 1804.812000 875.397200 0.000000 0.014019
2 1910.260000 875.068000 0.000000 0.000000
3 1873.651000 853.695000 0.000000 0.000000
4 1917.019885 854.959971 0.062082 -0.002003
5 1878.475701 868.943655 8.256918 0.186246
6 1906.581971 854.505628 -0.002003 0.044058
7 1913.265000 882.554000 0.000000 0.000000
8 1924.932137 889.307228 0.500662 0.086114
9 1926.624000 875.826000 0.000000 0.000000
10 1925.228000 828.861000 0.000000 0.000000
11 1908.980056 898.441315 0.074098 -0.048064
12 1844.174086 860.701316 0.006008 -0.118156
13 1914.347000 855.624000 0.000000 0.000000
14 1924.985000 845.169000 0.000000 0.000000
15 1920.239000 854.753000 0.000000 0.000000
16 1916.670000 893.622000 0.000000 0.000000
17 1920.023598 873.379315 0.182241 -0.048064
18 1909.001000 855.173000 0.000000 0.000000
19 1907.331772 882.824945 -0.016021 -0.214283
20 1905.622799 875.052343 0.056074 0.024032
21 1847.237811 878.545685 1.459930 0.048064
22 1942.690886 882.178343 -0.008011 0.024032
23 1926.459685 878.118887 0.048064 -0.148196
24 1898.788000 855.261000 0.000000 0.000000
25 1911.725000 855.537000 0.000000 0.000000
26 1966.069060 874.161346 -9.746888 -0.256339
27 1907.361943 864.823855 -0.004005 0.200265
28 1978.292914 863.236429 -0.006008 -0.040053
29 1911.630512 896.537485 0.176233 0.034045
30 1926.218485 878.951401 0.034045 -0.112148
31 1914.939227 872.950286 0.156207 -0.050066
32 1893.720057 854.837572 0.004005 -0.030040
33 1895.807884 878.446999 0.132175 0.070093
34 1919.753771 889.222715 0.054071 -0.020026
35 1904.025029 854.782343 0.002003 -0.046061
36 1901.289000 854.756000 0.000000 0.000000
37 1919.010563 891.792851 0.670887 0.480636
38 1924.297000 873.960000 0.000000 0.000000
39 1914.518000 896.049000 0.000000 0.000000
40 1926.355514 878.549687 0.036048 -0.092122

37 43 1535385109.930081
1917.491059 869.610281 0.028865
1 1875.209975 874.759591 0.065558 0.052811
2 1804.812000 875.404384 0.000000 0.012747
3 1844.542000 876.223000 0.000000 0.000000
4 1873.651000 853.695000 0.000000 0.000000
5 1917.041442 854.959165 -0.284086 0.005463
6 1848.074991 879.482254 1.327555 0.207601
7 1882.716284 869.039979 7.810537 0.198496
8 1906.581000 854.527000 0.000000 0.000000
9 1913.265000 882.554000 0.000000 0.000000
10 1926.624329 875.823915 0.010926 -0.069200
11 1945.526000 876.238434 0.000000 -0.118369
12 1925.228000 828.861000 0.000000 0.000000
13 1909.016000 898.418000 0.000000 0.000000
14 1844.177219 860.640489 0.007284 -0.116548
15 1962.821000 836.098000 0.000000 0.000000
16 1924.985000 845.169000 0.000000 0.000000
17 1920.239000 854.753000 0.000000 0.000000
18 1916.671591 893.624194 0.052811 0.072843
19 1920.112110 873.354629 0.003642 -0.045527
20 1909.001000 855.173000 0.000000 0.000000
21 1905.651755 875.064768 0.058274 0.025495
22 1926.638713 877.534654 0.023674 -0.111085
23 1911.537190 872.859823 -0.060095 0.027316
24 1847.989996 878.570481 1.460492 0.049169
25 1942.686781 882.190768 -0.007284 0.025495
26 1856.837907 876.106506 0.096516 -0.016390
27 1796.301848 875.010359 -0.038242 0.078306
28 1895.820000 877.105000 0.000000 0.000000
29 1911.725000 855.537000 0.000000 0.000000
30 1961.047402 874.029320 -9.746327 -0.254949
31 1978.289835 863.215793 -0.005463 -0.040063
32 1911.713093 896.549666 -0.096516 -0.143864
33 1922.635080 890.777983 -0.063737 -0.100158
34 1926.235000 878.897000 0.000000 0.000000
35 1893.722110 854.822122 0.003642 -0.029137
36 1925.077000 842.416000 0.000000 0.000000
37 1903.889679 880.738781 -0.176643 -0.007284
38 1919.781591 889.212451 0.052811 -0.018211
39 1904.025616 854.768942 -0.012747 0.296833
40 1901.289000 854.756000 0.000000 0.000000
41 1907.017865 881.230194 0.061916 0.072843
42 1919.335177 892.028030 -0.027316 0.067379
43 1926.374097 878.502257 0.036421 -0.091053

38 43 1535385110.439776
1921.927509 869.702748 0.032087
1 1830.940983 875.457254 0.001821 -0.027316
2 1804.812000 875.410881 0.000000 0.012747
3 1844.542000 876.223000 0.000000 0.000000
4 1910.260000 875.068000 0.000000 0.000000
5 1873.651000 853.695000 0.000000 0.000000
6 1916.896645 854.961949 -0.284086 0.005463
7 1906.581000 854.527000 0.000000 0.000000
8 1913.265000 882.554000 0.000000 0.000000
9 1925.055069 889.162222 -0.222170 -0.346002
10 1926.629898 875.788644 0.010926 -0.069200
11 1945.526000 876.178102 0.000000 -0.118369
12 1909.016000 898.418000 0.000000 0.000000
13 1844.180932 860.581085 0.007284 -0.116548
14 1962.821000 836.098000 0.000000 0.000000
15 1897.827000 864.687000 0.000000 0.000000
16 1924.985000 845.169000 0.000000 0.000000
17 1920.239000 854.753000 0.000000 0.000000
18 1916.698508 893.661322 0.052811 0.072843
19 1907.324000 882.721000 0.000000 0.000000
20 1905.681457 875.077763 0.058274 0.025495
21 1926.650780 877.478034 0.023674 -0.111085
22 1911.506560 872.873746 -0.060095 0.027316
23 1848.734401 878.595542 1.460492 0.049169
24 1926.509542 877.967373 0.049169 -0.147506
25 1856.887101 876.098153 0.096516 -0.016390
26 1898.788000 855.261000 0.000000 0.000000
27 1895.820000 877.105000 0.000000 0.000000
28 1911.725000 855.537000 0.000000 0.000000
29 1956.079748 873.899374 -9.746327 -0.254949
30 1907.360983 864.862017 0.001821 -0.109264
31 1978.287051 863.195373 -0.005463 -0.040063
32 1911.663899 896.476340 -0.096516 -0.143864
33 1922.602593 890.726933 -0.063737 -0.100158
34 1926.235000 878.897000 0.000000 0.000000
35 1914.968797 872.940746 -0.085590 0.027316
36 1893.723966 854.807271 0.003642 -0.029137
37 1925.077000 842.416000 0.000000 0.000000
38 1903.799645 880.735068 -0.176643 -0.007284
39 1919.808508 889.203170 0.052811 -0.018211
40 1904.019119 854.920236 -0.012747 0.296833
41 1901.289000 854.756000 0.000000 0.000000
42 1924.309780 873.949187 0.023674 -0.020032
43 1914.494407 896.065712 -0.043706 0.030958

39 41 1535385110.950015
1926.411906 869.876228 0.040224
1 1875.276070 874.813057 0.066016 0.054013
2 1830.940994 875.444202 -0.006001 0.192047
3 1910.246975 875.116103 -0.024006 0.098024
4 1916.896004 855.071232 0.004001 0.220054
5 1849.380298 879.662154 1.232303 0.146036
6 1913.241287 882.578956 0.272067 -0.042010
7 1925.107114 889.197080 0.108027 0.076019
8 1926.624082 875.790078 0.078019 0.074018
9 1945.526000 876.259977 0.000000 -0.022005
10 1925.228000 828.861000 0.000000 0.000000
11 1962.821000 836.098000 0.000000 0.000000
12 1914.347000 855.624000 0.000000 0.000000
13 1897.827000 864.687000 0.000000 0.000000
14 1924.941912 845.164989 -0.084021 -0.010002
15 1920.239000 854.753000 0.000000 0.000000
16 1916.725055 893.698076 0.052013 0.072018
17 1920.090051 873.309048 0.048012 0.046011
18 1909.001025 855.173206 0.024006 0.196048
19 1907.324011 882.721141 0.010002 0.134033
20 1926.663000 877.422000 0.000000 0.000000
21 1911.475143 872.888029 0.136033 0.028007
22 1942.690013 882.182958 0.012003 -0.040010
23 1926.510097 877.966032 0.092023 0.030007
24 1898.788000 855.261000 0.000000 0.000000
25 1911.725000 855.537000 0.000000 0.000000
26 1951.108280 873.769756 -8.280037 -0.232057
27 1943.311000 876.215933 0.000000 -0.064016
28 1978.283989 863.175000 -0.010002 0.000000
29 1911.584000 896.528000 0.000000 0.000000
30 1922.570000 890.676000 0.000000 0.000000
31 1926.206937 878.888981 -0.060015 -0.018004
32 1914.968006 872.941036 0.006001 0.034008
33 1893.726000 854.792000 0.000000 0.000000
34 1925.077000 842.416000 0.000000 0.000000
35 1903.709276 880.732011 0.262064 0.010002
36 1965.552000 836.259000 0.000000 0.000000
37 1906.996027 881.235017 0.026006 0.016004
38 1919.305971 892.096070 -0.028007 0.066016
39 1924.322000 873.938000 0.000000 0.000000
40 1947.993000 876.339937 0.000000 -0.060015
41 1926.355032 878.416960 0.030007 -0.038009

40 33 1535385111.464324
1930.986918 870.047292 0.044621
1 1875.309990 874.839443 0.063945 -0.035969
2 1830.937876 875.543063 -0.007993 0.197829
3 1916.898000 855.181000 0.000000 0.000000
4 1850.014061 879.737228 1.230939 0.143876
5 1895.012273 869.365785 8.606580 0.179845
6 1913.379568 882.554627 0.165857 -0.217812
7 1925.162671 889.236145 0.107907 0.073936
8 1926.665073 875.826722 0.133885 -0.017984
9 1925.228000 828.861000 0.000000 0.000000
10 1962.821000 836.098000 0.000000 0.000000
11 1914.347000 855.624000 0.000000 0.000000
12 1897.827000 864.687000 0.000000 0.000000
13 1924.898669 845.159845 -0.085926 -0.009991
14 1920.114712 873.332712 0.045960 0.045960
15 1909.013371 855.274063 0.023979 0.197829
16 1907.325411 882.793044 -0.231800 0.325719
17 1926.666899 877.422835 0.251783 0.053953
18 1911.543031 872.902433 0.001998 0.027976
19 1850.201784 878.669516 1.406787 0.097916
20 1942.696217 882.162350 0.013988 -0.041964
21 1911.725000 855.537000 0.000000 0.000000
22 1946.873504 873.651029 -6.748182 -0.191835
23 1943.311000 876.182979 0.000000 -0.065943
24 1907.363031 864.769072 0.001998 -0.059948
25 1978.278845 863.174969 -0.009991 -0.001998
26 1922.571052 890.677640 0.067941 0.105909
27 1926.178795 878.880526 0.115900 0.033971
28 1903.844054 880.737155 0.261774 0.009991
29 1965.552000 836.259000 0.000000 0.000000
30 1907.010269 881.243774 0.081929 0.049957
31 1919.294104 892.129000 0.135883 0.000000
32 1924.322464 873.938557 0.029974 0.035969
33 1926.372166 878.400166 0.139879 0.139879

41 0 1535385111.974960
1935.509288 870.182624 0.039556

