41
1 11 1535657108.301401
1  1  361.904000 648.695000 1.964000 2.749000 8.702000 3.078000 2.833298
2  2  339.449000 659.894000 0.573000 0.558000 0.576000 1.017000 2.811586
3  2  340.580000 661.842000 0.526000 0.467000 0.555000 1.221000 -1.915063
4  2  324.105000 664.423000 0.389000 0.859000 0.644000 1.135000 2.533223
5  1  330.789000 641.074000 1.158000 2.060000 4.512000 1.723000 2.423582
6  1  345.848000 655.799000 1.196000 2.090000 4.795000 2.000000 2.880128
7  1  349.242000 634.568000 1.725000 2.003000 4.204000 1.563000 -2.325547
8  1  301.073000 691.921000 1.008000 3.132000 13.818000 3.606000 -2.235819
9  1  321.096000 668.091000 0.879000 2.111000 4.549000 2.347000 -0.517054
10  1  345.020000 628.332000 1.712000 1.874000 3.885000 1.555000 2.434036
11  1  348.147000 646.209000 1.444000 2.094000 5.567000 1.996000 2.796803

2 11 1535657108.801262
1  1  358.310000 649.885000 1.978000 2.749000 8.702000 3.078000 2.824571
2  2  339.446000 659.895000 0.607000 0.558000 0.576000 1.017000 2.811586
3  2  340.580000 661.842000 0.576000 0.467000 0.555000 1.221000 -1.915063
4  2  324.125000 664.423000 0.395000 0.859000 0.644000 1.135000 2.539349
5  1  330.789000 641.074000 1.212000 2.060000 4.512000 1.723000 2.423582
6  1  343.130000 656.562000 1.180000 2.090000 4.795000 2.000000 2.873927
7  1  349.228000 634.584000 1.748000 2.003000 4.204000 1.563000 -2.325547
8  1  300.166000 690.701000 1.008000 3.132000 13.818000 3.606000 -2.235819
9  1  321.112000 668.116000 0.885000 2.111000 4.549000 2.347000 -0.520038
10  1  345.009000 628.338000 1.780000 1.874000 3.885000 1.555000 2.434036
11  1  348.144000 646.200000 1.482000 2.094000 5.567000 1.996000 2.796803

3 11 1535657109.301132
1  1  354.716000 651.075000 1.992000 2.749000 8.702000 3.078000 2.815844
2  2  339.443000 659.896000 0.640000 0.558000 0.576000 1.017000 2.811586
3  2  340.580000 661.842000 0.626000 0.467000 0.555000 1.221000 -1.915063
4  2  324.145000 664.423000 0.402000 0.859000 0.644000 1.135000 2.545475
5  1  330.789000 641.074000 1.267000 2.060000 4.512000 1.723000 2.423582
6  1  340.412000 657.325000 1.165000 2.090000 4.795000 2.000000 2.867726
7  1  349.213000 634.601000 1.771000 2.003000 4.204000 1.563000 -2.325547
8  1  299.259000 689.481000 1.008000 3.132000 13.818000 3.606000 -2.235819
9  1  321.128000 668.141000 0.891000 2.111000 4.549000 2.347000 -0.523022
10  1  344.999000 628.344000 1.849000 1.874000 3.885000 1.555000 2.434036
11  1  348.140000 646.190000 1.520000 2.094000 5.567000 1.996000 2.796803

4 12 1535657109.801064
12  1  287.863000 668.522000 0.723000 2.380000 5.335000 1.975000 0.917712
1  1  352.208000 651.929000 1.992000 2.749000 8.702000 3.078000 2.815728
2  2  339.440000 659.897000 0.674000 0.558000 0.576000 1.017000 2.811586
3  2  340.580000 661.842000 0.676000 0.467000 0.555000 1.221000 -1.915063
4  2  324.165000 664.423000 0.409000 0.859000 0.644000 1.135000 2.551602
5  1  330.789000 641.074000 1.322000 2.060000 4.512000 1.723000 2.423582
6  1  337.693000 658.088000 1.149000 2.090000 4.795000 2.000000 2.861524
7  1  349.198000 634.618000 1.794000 2.003000 4.204000 1.563000 -2.325547
8  1  298.351000 688.262000 1.008000 3.132000 13.818000 3.606000 -2.235819
9  1  321.143000 668.166000 0.897000 2.111000 4.549000 2.347000 -0.526007
10  1  344.988000 628.350000 1.917000 1.874000 3.885000 1.555000 2.434036
11  1  348.137000 646.181000 1.559000 2.094000 5.567000 1.996000 2.796803

5 12 1535657110.200261
12  1  289.106000 670.134000 0.687000 2.380000 5.335000 1.975000 0.917712
1  1  350.206000 652.612000 1.991000 2.749000 8.702000 3.078000 2.815636
2  2  339.438000 659.898000 0.701000 0.558000 0.576000 1.017000 2.811586
3  2  340.580000 661.842000 0.720000 0.467000 0.555000 1.221000 -1.915063
4  2  324.181000 664.423000 0.415000 0.859000 0.644000 1.135000 2.556494
5  1  330.789000 641.074000 1.366000 2.060000 4.512000 1.723000 2.423582
6  1  335.683000 658.729000 1.133000 2.090000 4.795000 2.000000 2.851967
7  1  349.187000 634.631000 1.812000 2.003000 4.204000 1.563000 -2.325547
8  1  297.627000 687.288000 1.008000 3.132000 13.818000 3.606000 -2.235819
9  1  321.156000 668.186000 0.902000 2.111000 4.549000 2.347000 -0.528390
10  1  344.980000 628.355000 1.911000 1.874000 3.885000 1.555000 2.434036
11  1  348.134000 646.174000 1.589000 2.094000 5.567000 1.996000 2.796803

6 13 1535657110.651414
12  1  290.511000 671.955000 0.702000 2.380000 5.335000 1.975000 0.901990
13  2  317.816000 671.908000 0.410000 0.486000 0.479000 1.312000 -1.827796
1  1  347.944000 653.383000 1.991000 2.749000 8.702000 3.078000 2.815531
2  2  339.435000 659.899000 0.731000 0.558000 0.576000 1.017000 2.811586
3  2  340.580000 661.842000 0.771000 0.467000 0.555000 1.221000 -1.915063
4  2  324.199000 664.423000 0.421000 0.859000 0.644000 1.135000 2.562023
5  1  330.789000 641.074000 1.415000 2.060000 4.512000 1.723000 2.423582
6  1  333.411000 659.453000 1.114000 2.090000 4.795000 2.000000 2.841166
7  1  349.174000 634.646000 1.833000 2.003000 4.204000 1.563000 -2.325547
8  1  296.552000 685.959000 1.008000 3.132000 13.818000 3.606000 -2.235819
9  1  321.170000 668.209000 0.907000 2.111000 4.549000 2.347000 -0.531083
10  1  344.970000 628.361000 1.904000 1.874000 3.885000 1.555000 2.434036
11  1  348.131000 646.165000 1.624000 2.094000 5.567000 1.996000 2.796803

7 13 1535657111.149672
12  1  292.583000 674.718000 0.593000 2.380000 5.335000 1.975000 0.913033
13  2  317.816000 671.908000 0.410000 0.486000 0.479000 1.312000 -1.827796
1  1  345.445000 654.234000 1.990000 2.749000 8.702000 3.078000 2.815415
2  2  339.432000 659.900000 0.765000 0.558000 0.576000 1.017000 2.811586
3  2  340.580000 661.842000 0.826000 0.467000 0.555000 1.221000 -1.915063
4  2  324.220000 664.423000 0.428000 0.859000 0.644000 1.135000 2.568130
5  1  330.789000 641.074000 1.401000 2.060000 4.512000 1.723000 2.423582
6  1  331.176000 660.169000 1.093000 2.090000 4.795000 2.000000 2.829237
7  1  349.159000 634.663000 1.856000 2.003000 4.204000 1.563000 -2.325547
8  1  295.365000 684.492000 1.008000 3.132000 13.818000 3.606000 -2.235819
9  1  321.185000 668.234000 0.913000 2.111000 4.549000 2.347000 -0.534058
10  1  344.960000 628.367000 1.896000 1.874000 3.885000 1.555000 2.434036
11  1  348.128000 646.156000 1.662000 2.094000 5.567000 1.996000 2.796803

8 13 1535657111.649009
12  1  294.660000 677.487000 0.484000 2.380000 5.335000 1.975000 0.924099
13  2  317.816000 671.908000 0.410000 0.486000 0.479000 1.312000 -1.827796
1  1  342.941000 655.088000 1.990000 2.749000 8.702000 3.078000 2.815299
2  2  339.429000 659.901000 0.798000 0.558000 0.576000 1.017000 2.811586
4  2  324.204000 664.453000 0.472000 0.859000 0.644000 1.135000 2.564643
5  1  330.789000 641.074000 1.386000 2.060000 4.512000 1.723000 2.423582
6  1  328.936000 660.886000 1.072000 2.090000 4.795000 2.000000 2.817283
14  2  319.200000 670.062000 0.010000 1.214000 0.504000 0.514000 -1.331686
7  1  349.145000 634.680000 1.879000 2.003000 4.204000 1.563000 -2.325547
8  1  293.995000 682.934000 1.133000 3.132000 13.818000 3.606000 -2.279434
9  1  321.201000 668.259000 0.919000 2.111000 4.549000 2.347000 -0.537039
10  1  344.949000 628.373000 1.888000 1.874000 3.885000 1.555000 2.434036
11  1  348.124000 646.146000 1.700000 2.094000 5.567000 1.996000 2.796803

9 13 1535657112.148325
12  1  296.736000 680.255000 0.376000 2.380000 5.335000 1.975000 0.935165
13  2  317.816000 671.908000 0.448000 0.486000 0.479000 1.312000 -1.827796
1  1  340.436000 655.941000 1.969000 2.749000 8.702000 3.078000 2.815408
2  2  339.426000 659.902000 0.832000 0.558000 0.576000 1.017000 2.811586
4  2  324.189000 664.482000 0.517000 0.859000 0.644000 1.135000 2.561156
5  1  330.789000 641.074000 1.372000 2.060000 4.512000 1.723000 2.423582
6  1  326.899000 661.585000 1.058000 2.090000 4.795000 2.000000 2.811385
14  2  319.200000 670.062000 0.010000 1.214000 0.504000 0.514000 -1.331686
7  1  349.130000 634.696000 1.902000 2.003000 4.204000 1.563000 -2.325547
8  1  292.559000 681.437000 1.258000 3.132000 13.818000 3.606000 -2.323046
9  1  321.217000 668.283000 0.925000 2.111000 4.549000 2.347000 -0.540020
10  1  344.939000 628.379000 1.880000 1.874000 3.885000 1.555000 2.434036
11  1  348.121000 646.137000 1.738000 2.094000 5.567000 1.996000 2.796803

10 14 1535657112.648213
15  1  303.445000 694.527000 -0.388000 2.381000 4.887000 1.518000 -2.286521
16  1  285.557000 666.216000 0.671000 2.121000 4.978000 1.597000 0.886208
12  1  299.047000 683.300000 0.270000 2.380000 5.335000 1.975000 0.930803
13  2  317.816000 671.908000 0.485000 0.486000 0.479000 1.312000 -1.827796
1  1  337.929000 656.796000 1.948000 2.749000 8.702000 3.078000 2.815517
4  2  324.174000 664.512000 0.562000 0.859000 0.644000 1.135000 2.557665
5  1  330.789000 641.074000 1.357000 2.060000 4.512000 1.723000 2.423582
6  1  324.861000 662.284000 1.044000 2.090000 4.795000 2.000000 2.805481
14  2  319.200000 670.062000 0.010000 1.214000 0.504000 0.514000 -1.331686
7  1  349.116000 634.713000 1.925000 2.003000 4.204000 1.563000 -2.325547
8  1  290.768000 680.291000 1.258000 3.132000 13.818000 3.606000 -2.392899
9  1  321.232000 668.308000 0.931000 2.111000 4.549000 2.347000 -0.543004
10  1  344.928000 628.385000 1.873000 1.874000 3.885000 1.555000 2.434036
11  1  348.121000 646.137000 1.782000 2.094000 5.567000 1.996000 2.796803

11 14 1535657113.148632
15  1  301.946000 692.812000 -0.260000 2.381000 4.887000 1.518000 -2.286521
16  1  287.441000 668.418000 0.632000 2.121000 4.978000 1.597000 0.874564
12  1  301.361000 686.347000 0.165000 2.380000 5.335000 1.975000 0.926436
13  2  317.816000 671.908000 0.523000 0.486000 0.479000 1.312000 -1.827796
1  1  335.420000 657.651000 1.926000 2.749000 8.702000 3.078000 2.815626
4  2  324.159000 664.541000 0.606000 0.859000 0.644000 1.135000 2.554171
5  1  330.789000 641.074000 1.367000 2.060000 4.512000 1.723000 2.423582
6  1  323.292000 662.874000 1.030000 2.090000 4.795000 2.000000 2.782104
14  2  319.200000 670.062000 0.047000 1.214000 0.504000 0.514000 -1.331686
7  1  349.101000 634.730000 1.949000 2.003000 4.204000 1.563000 -2.325547
8  1  289.094000 679.294000 1.313000 3.132000 13.818000 3.606000 -2.523867
9  1  321.248000 668.333000 0.937000 2.111000 4.549000 2.347000 -0.545992
10  1  344.918000 628.391000 1.924000 1.874000 3.885000 1.555000 2.434036
11  1  348.121000 646.137000 1.826000 2.094000 5.567000 1.996000 2.796803

12 14 1535657113.648526
15  1  300.449000 691.099000 -0.132000 2.381000 4.887000 1.518000 -2.286521
16  1  289.323000 670.617000 0.594000 2.121000 4.978000 1.597000 0.862933
12  1  303.936000 689.744000 0.059000 2.380000 5.335000 1.975000 0.922074
13  2  317.816000 671.908000 0.560000 0.486000 0.479000 1.312000 -1.827796
1  1  332.913000 658.505000 1.905000 2.749000 8.702000 3.078000 2.815735
4  2  324.144000 664.571000 0.651000 0.859000 0.644000 1.135000 2.550680
5  1  330.789000 641.074000 1.377000 2.060000 4.512000 1.723000 2.423582
6  1  321.747000 663.518000 1.016000 2.090000 4.795000 2.000000 2.758752
14  2  319.200000 670.062000 0.085000 1.214000 0.504000 0.514000 -1.331686
7  1  349.086000 634.746000 1.972000 2.003000 4.204000 1.563000 -2.325547
8  1  287.306000 678.525000 1.369000 3.132000 13.818000 3.606000 -2.654698
9  1  321.263000 668.358000 0.943000 2.111000 4.549000 2.347000 -0.548976
10  1  344.907000 628.397000 1.976000 1.874000 3.885000 1.555000 2.434036
11  1  348.121000 646.137000 1.869000 2.094000 5.567000 1.996000 2.796803

13 15 1535657114.148383
15  1  298.953000 689.386000 -0.004000 2.381000 4.887000 1.518000 -2.286521
16  1  291.204000 672.816000 0.555000 2.121000 4.978000 1.597000 0.851302
12  1  306.512000 693.140000 -0.047000 2.380000 5.335000 1.975000 0.917712
13  2  317.816000 671.908000 0.573000 0.486000 0.479000 1.312000 -1.827796
1  1  330.406000 659.360000 1.884000 2.749000 8.702000 3.078000 2.815844
4  2  324.129000 664.600000 0.695000 0.859000 0.644000 1.135000 2.547190
5  1  330.789000 641.074000 1.387000 2.060000 4.512000 1.723000 2.423582
6  1  320.201000 664.162000 1.002000 2.090000 4.795000 2.000000 2.735402
14  2  319.200000 670.062000 0.122000 1.214000 0.504000 0.514000 -1.331686
7  1  349.072000 634.763000 1.995000 2.003000 4.204000 1.563000 -2.325547
8  1  285.125000 678.218000 1.449000 3.132000 13.818000 3.606000 -2.811774
9  1  321.279000 668.383000 0.949000 2.111000 4.549000 2.347000 -0.551960
17  1  307.356000 700.000000 0.014000 2.645000 7.127000 2.455000 -2.286521
10  1  344.897000 628.403000 2.028000 1.874000 3.885000 1.555000 2.434036
11  1  348.121000 646.137000 1.913000 2.094000 5.567000 1.996000 2.796803

14 13 1535657114.648261
15  1  297.342000 687.490000 0.141000 2.381000 4.887000 1.518000 -2.277794
16  1  293.190000 675.241000 0.477000 2.121000 4.978000 1.597000 0.889109
13  2  317.816000 671.908000 0.585000 0.486000 0.479000 1.312000 -1.827796
1  1  329.080000 659.770000 1.894000 2.749000 8.702000 3.078000 2.829967
4  2  324.113000 664.630000 0.740000 0.859000 0.644000 1.135000 2.543699
5  1  330.789000 641.074000 1.397000 2.060000 4.512000 1.723000 2.423582
6  1  319.022000 664.712000 0.989000 2.090000 4.795000 2.000000 2.718588
14  2  319.200000 670.062000 0.160000 1.214000 0.504000 0.514000 -1.331686
7  1  349.057000 634.780000 2.018000 2.003000 4.204000 1.563000 -2.325547
8  1  283.027000 678.195000 1.529000 3.132000 13.818000 3.606000 -2.951404
9  1  321.268000 668.394000 0.962000 2.111000 4.549000 2.347000 -0.556322
17  1  305.860000 698.209000 0.135000 2.645000 7.127000 2.455000 -2.269068
11  1  348.121000 646.137000 1.915000 2.094000 5.567000 1.996000 2.796803

15 13 1535657115.148131
15  1  295.730000 685.594000 0.286000 2.381000 4.887000 1.518000 -2.269068
16  1  295.083000 677.739000 0.400000 2.121000 4.978000 1.597000 0.926916
13  2  317.816000 671.908000 0.598000 0.486000 0.479000 1.312000 -1.827796
1  1  327.754000 660.180000 1.904000 2.749000 8.702000 3.078000 2.844090
5  1  330.789000 641.074000 1.407000 2.060000 4.512000 1.723000 2.423582
6  1  317.843000 665.262000 0.975000 2.090000 4.795000 2.000000 2.701775
18  1  309.418000 704.263000 -0.449000 0.933000 2.072000 1.839000 -2.272523
14  2  319.183000 670.102000 0.160000 1.214000 0.504000 0.514000 -1.343317
7  1  349.043000 634.797000 2.041000 2.003000 4.204000 1.563000 -2.325547
8  1  280.721000 678.432000 1.568000 3.132000 13.818000 3.606000 -3.086566
9  1  321.257000 668.405000 0.975000 2.111000 4.549000 2.347000 -0.560684
17  1  304.363000 696.419000 0.256000 2.645000 7.127000 2.455000 -2.251614
11  1  348.121000 646.137000 1.917000 2.094000 5.567000 1.996000 2.796803

16 13 1535657115.648632
15  1  293.632000 683.013000 0.379000 2.381000 4.887000 1.518000 -2.254516
16  1  297.321000 680.891000 0.327000 2.121000 4.978000 1.597000 0.954073
13  2  317.816000 671.908000 0.610000 0.486000 0.479000 1.312000 -1.827796
1  1  326.426000 660.591000 1.914000 2.749000 8.702000 3.078000 2.858231
5  1  330.789000 641.074000 1.417000 2.060000 4.512000 1.723000 2.423582
6  1  316.783000 665.759000 0.961000 2.090000 4.795000 2.000000 2.702410
18  1  308.121000 702.747000 -0.373000 0.933000 2.072000 1.839000 -2.266705
14  2  319.167000 670.141000 0.160000 1.214000 0.504000 0.514000 -1.354963
7  1  349.028000 634.813000 2.064000 2.003000 4.204000 1.563000 -2.325547
8  1  278.466000 678.978000 1.607000 3.132000 13.818000 3.606000 3.061287
9  1  321.246000 668.416000 0.988000 2.111000 4.549000 2.347000 -0.565051
17  1  302.670000 694.340000 0.377000 2.645000 7.127000 2.455000 -2.251614
11  1  348.121000 646.137000 1.919000 2.094000 5.567000 1.996000 2.796803

17 14 1535657116.148450
15  1  291.537000 680.435000 0.473000 2.381000 4.887000 1.518000 -2.239985
16  1  299.555000 684.038000 0.254000 2.121000 4.978000 1.597000 0.955046
13  2  317.788000 671.940000 0.623000 0.486000 0.479000 1.312000 -1.827796
1  1  324.979000 660.953000 1.898000 2.749000 8.702000 3.078000 2.884260
19  1  310.056000 702.514000 -0.534000 1.970000 4.588000 2.000000 -2.269068
5  1  330.789000 641.074000 1.427000 2.060000 4.512000 1.723000 2.423582
6  1  315.724000 666.255000 0.947000 2.090000 4.795000 2.000000 2.703045
18  1  306.825000 701.234000 -0.297000 0.933000 2.072000 1.839000 -2.260894
14  2  319.150000 670.181000 0.160000 1.214000 0.504000 0.514000 -1.366593
7  1  349.028000 634.813000 2.071000 2.003000 4.204000 1.563000 -2.325547
8  1  276.307000 679.822000 1.646000 3.132000 13.818000 3.606000 2.926139
9  1  321.235000 668.427000 1.001000 2.111000 4.549000 2.347000 -0.569413
17  1  300.979000 692.264000 0.497000 2.645000 7.127000 2.455000 -2.251614
11  1  348.121000 646.137000 1.921000 2.094000 5.567000 1.996000 2.796803

18 15 1535657116.649423
15  1  289.437000 677.852000 0.566000 2.381000 4.887000 1.518000 -2.251614
16  1  301.795000 687.192000 0.181000 2.121000 4.978000 1.597000 0.956022
13  2  317.760000 671.972000 0.635000 0.486000 0.479000 1.312000 -1.827796
1  1  323.520000 661.279000 1.881000 2.749000 8.702000 3.078000 2.910349
19  1  308.348000 700.438000 -0.379000 1.970000 4.588000 2.000000 -2.269068
5  1  330.789000 641.074000 1.431000 2.060000 4.512000 1.723000 2.423582
6  1  315.059000 666.567000 0.953000 2.090000 4.795000 2.000000 2.703686
18  1  305.527000 699.716000 -0.222000 0.933000 2.072000 1.839000 -2.255070
14  2  319.119000 670.189000 0.160000 1.214000 0.504000 0.514000 -1.366593
7  1  349.028000 634.813000 2.079000 2.003000 4.204000 1.563000 -2.325547
8  1  273.593000 680.770000 1.671000 3.132000 13.818000 3.606000 2.854027
20  0  311.846000 696.050000 -0.326000 0.661000 0.572000 1.697000 -2.309297
9  1  321.224000 668.438000 1.014000 2.111000 4.549000 2.347000 -0.573784
17  1  299.338000 690.183000 0.612000 2.645000 7.127000 2.455000 -2.247245
11  1  348.121000 646.137000 1.923000 2.094000 5.567000 1.996000 2.796803

19 17 1535657117.149304
15  1  287.071000 675.047000 0.649000 2.381000 4.887000 1.518000 -2.260341
16  1  303.979000 690.204000 -0.018000 2.121000 4.978000 1.597000 0.947295
13  2  317.732000 672.003000 0.648000 0.486000 0.479000 1.312000 -1.827796
1  1  321.647000 661.656000 1.865000 2.749000 8.702000 3.078000 2.936381
21  0  311.976000 694.922000 -0.216000 0.803000 0.765000 1.885000 -2.287463
19  1  306.644000 698.366000 -0.226000 1.970000 4.588000 2.000000 -2.269068
5  1  330.789000 641.074000 1.436000 2.060000 4.512000 1.723000 2.423582
6  1  314.395000 666.879000 0.959000 2.090000 4.795000 2.000000 2.704325
18  1  303.906000 697.885000 -0.146000 0.933000 2.072000 1.839000 -2.272519
14  2  319.088000 670.196000 0.160000 1.214000 0.504000 0.514000 -1.366593
7  1  349.028000 634.813000 2.086000 2.003000 4.204000 1.563000 -2.325547
8  1  270.960000 681.909000 1.697000 3.132000 13.818000 3.606000 2.782073
20  0  311.404000 695.550000 -0.298000 0.661000 0.572000 1.697000 -2.304935
9  1  321.213000 668.449000 1.027000 2.111000 4.549000 2.347000 -0.578146
17  1  297.701000 688.107000 0.727000 2.645000 7.127000 2.455000 -2.242885
11  1  348.121000 646.137000 1.925000 2.094000 5.567000 1.996000 2.796803
22  1  283.621000 663.518000 1.214000 2.560000 5.637000 2.229000 0.921115

20 17 1535657117.649169
15  1  284.705000 672.241000 0.733000 2.381000 4.887000 1.518000 -2.269068
16  1  306.162000 693.216000 -0.216000 2.121000 4.978000 1.597000 0.938568
13  2  317.704000 672.035000 0.660000 0.486000 0.479000 1.312000 -1.827796
1  1  319.764000 661.984000 1.848000 2.749000 8.702000 3.078000 2.962412
21  0  311.533000 694.408000 -0.203000 0.803000 0.765000 1.885000 -2.261299
19  1  304.941000 696.295000 -0.072000 1.970000 4.588000 2.000000 -2.269068
5  1  330.789000 641.074000 1.440000 2.060000 4.512000 1.723000 2.423582
6  1  314.093000 667.066000 0.925000 2.090000 4.795000 2.000000 2.687517
18  1  302.285000 696.054000 -0.071000 0.933000 2.072000 1.839000 -2.289967
14  2  319.057000 670.203000 0.160000 1.214000 0.504000 0.514000 -1.366593
7  1  349.028000 634.813000 2.093000 2.003000 4.204000 1.563000 -2.325547
8  1  268.048000 683.088000 1.797000 3.132000 13.818000 3.606000 2.775515
20  0  310.962000 695.051000 -0.271000 0.661000 0.572000 1.697000 -2.300573
9  1  321.202000 668.460000 1.040000 2.111000 4.549000 2.347000 -0.582507
17  1  295.637000 685.493000 0.800000 2.645000 7.127000 2.455000 -2.238526
11  1  348.121000 646.137000 1.927000 2.094000 5.567000 1.996000 2.796803
22  1  285.957000 666.528000 1.143000 2.560000 5.637000 2.229000 0.912393

21 16 1535657118.149616
15  1  282.282000 669.368000 0.816000 2.381000 4.887000 1.518000 -2.269068
13  2  317.692000 672.037000 0.666000 0.486000 0.479000 1.312000 -1.827796
1  1  317.328000 662.531000 1.746000 2.749000 8.702000 3.078000 2.930991
21  0  311.103000 693.883000 -0.191000 0.803000 0.765000 1.885000 -2.235104
19  1  303.235000 694.221000 0.082000 1.970000 4.588000 2.000000 -2.269068
5  1  330.789000 641.074000 1.444000 2.060000 4.512000 1.723000 2.423582
6  1  313.791000 667.253000 0.891000 2.090000 4.795000 2.000000 2.670689
18  1  300.662000 694.220000 0.005000 0.933000 2.072000 1.839000 -2.307435
14  2  319.057000 670.203000 0.160000 1.214000 0.504000 0.514000 -1.366593
7  1  349.028000 634.813000 2.100000 2.003000 4.204000 1.563000 -2.325547
8  1  264.743000 684.316000 1.781000 3.132000 13.818000 3.606000 2.774768
20  0  310.519000 694.551000 -0.243000 0.661000 0.572000 1.697000 -2.296206
9  1  321.192000 668.471000 1.053000 2.111000 4.549000 2.347000 -0.586874
17  1  293.570000 682.877000 0.874000 2.645000 7.127000 2.455000 -2.234161
11  1  348.121000 646.137000 1.929000 2.094000 5.567000 1.996000 2.796803
22  1  288.296000 669.542000 1.071000 2.560000 5.637000 2.229000 0.903662

22 16 1535657118.649480
15  1  279.862000 666.499000 0.899000 2.381000 4.887000 1.518000 -2.269068
13  2  317.681000 672.038000 0.671000 0.486000 0.479000 1.312000 -1.827796
1  1  314.930000 663.213000 1.644000 2.749000 8.702000 3.078000 2.873452
21  0  310.688000 693.347000 -0.178000 0.803000 0.765000 1.885000 -2.208939
19  1  301.531000 692.149000 0.236000 1.970000 4.588000 2.000000 -2.269068
5  1  330.789000 641.074000 1.448000 2.060000 4.512000 1.723000 2.423582
6  1  313.787000 667.253000 0.896000 2.090000 4.795000 2.000000 2.678445
18  1  299.041000 692.389000 0.080000 0.933000 2.072000 1.839000 -2.324883
14  2  319.057000 670.203000 0.160000 1.214000 0.504000 0.514000 -1.366593
7  1  349.028000 634.813000 2.107000 2.003000 4.204000 1.563000 -2.325547
8  1  261.442000 685.543000 1.764000 3.132000 13.818000 3.606000 2.774022
20  0  310.077000 694.052000 -0.216000 0.661000 0.572000 1.697000 -2.291844
9  1  321.181000 668.482000 1.066000 2.111000 4.549000 2.347000 -0.591236
17  1  291.560000 680.263000 0.901000 2.645000 7.127000 2.455000 -2.251614
11  1  348.121000 646.137000 1.931000 2.094000 5.567000 1.996000 2.796803
22  1  290.619000 672.597000 0.979000 2.560000 5.637000 2.229000 0.909477

23 16 1535657119.149935
15  1  277.439000 663.626000 0.983000 2.381000 4.887000 1.518000 -2.269068
13  2  317.670000 672.040000 0.676000 0.486000 0.479000 1.312000 -1.827796
1  1  312.572000 664.034000 1.543000 2.749000 8.702000 3.078000 2.815844
21  0  310.287000 692.799000 -0.166000 0.803000 0.765000 1.885000 -2.182744
19  1  299.451000 689.618000 0.290000 1.970000 4.588000 2.000000 -2.262080
5  1  330.789000 641.074000 1.452000 2.060000 4.512000 1.723000 2.423582
6  1  313.782000 667.252000 0.901000 2.090000 4.795000 2.000000 2.686210
18  1  297.442000 690.544000 0.194000 0.933000 2.072000 1.839000 -2.311782
14  2  319.057000 670.203000 0.160000 1.214000 0.504000 0.514000 -1.366593
7  1  349.028000 634.813000 2.114000 2.003000 4.204000 1.563000 -2.325547
8  1  258.137000 686.771000 1.748000 3.132000 13.818000 3.606000 2.773276
20  0  309.653000 693.549000 -0.188000 0.661000 0.572000 1.697000 -2.248172
9  1  321.171000 668.494000 1.079000 2.111000 4.549000 2.347000 -0.595603
17  1  289.332000 677.379000 1.054000 2.645000 7.127000 2.455000 -2.242883
11  1  348.121000 646.137000 1.932000 2.094000 5.567000 1.996000 2.796803
22  1  292.944000 675.656000 0.887000 2.560000 5.637000 2.229000 0.915299

24 16 1535657119.649820
13  2  317.659000 672.042000 0.682000 0.486000 0.479000 1.312000 -1.827796
1  1  310.978000 664.661000 1.605000 2.749000 8.702000 3.078000 2.804208
23  1  283.183000 663.407000 0.922000 1.984000 4.326000 1.547000 0.864182
21  0  309.938000 692.278000 -0.132000 0.803000 0.765000 1.885000 -2.174433
19  1  297.374000 687.089000 0.344000 1.970000 4.588000 2.000000 -2.255100
5  1  330.789000 641.074000 1.456000 2.060000 4.512000 1.723000 2.423582
6  1  313.778000 667.251000 0.906000 2.090000 4.795000 2.000000 2.693966
18  1  295.844000 688.701000 0.307000 0.933000 2.072000 1.839000 -2.298695
14  2  319.057000 670.203000 0.160000 1.214000 0.504000 0.514000 -1.366593
7  1  349.028000 634.813000 2.102000 2.003000 4.204000 1.563000 -2.325547
8  1  254.251000 688.207000 1.776000 3.132000 13.818000 3.606000 2.782003
20  0  309.251000 693.028000 -0.161000 0.661000 0.572000 1.697000 -2.204550
9  1  321.160000 668.505000 1.092000 2.111000 4.549000 2.347000 -0.599965
17  1  287.105000 674.498000 1.208000 2.645000 7.127000 2.455000 -2.234161
11  1  348.121000 646.137000 1.934000 2.094000 5.567000 1.996000 2.796803
22  1  295.267000 678.711000 0.795000 2.560000 5.637000 2.229000 0.921115

25 16 1535657120.149686
13  2  317.647000 672.044000 0.687000 0.486000 0.479000 1.312000 -1.827796
1  1  309.385000 665.288000 1.668000 2.749000 8.702000 3.078000 2.792573
23  1  285.647000 666.372000 0.845000 1.984000 4.326000 1.547000 0.881636
21  0  309.589000 691.756000 -0.099000 0.803000 0.765000 1.885000 -2.166122
19  1  294.963000 684.153000 0.448000 1.970000 4.588000 2.000000 -2.248120
5  1  330.789000 641.074000 1.461000 2.060000 4.512000 1.723000 2.423582
6  1  313.773000 667.250000 0.911000 2.090000 4.795000 2.000000 2.701722
18  1  294.246000 686.858000 0.420000 0.933000 2.072000 1.839000 -2.285609
14  2  319.057000 670.203000 0.160000 1.214000 0.504000 0.514000 -1.366593
7  1  349.028000 634.813000 2.089000 2.003000 4.204000 1.563000 -2.325547
8  1  250.366000 689.642000 1.804000 3.132000 13.818000 3.606000 2.790729
20  0  308.873000 692.491000 -0.133000 0.661000 0.572000 1.697000 -2.160930
9  1  321.149000 668.516000 1.105000 2.111000 4.549000 2.347000 -0.604326
17  1  284.747000 671.668000 1.312000 2.645000 7.127000 2.455000 -2.247251
11  1  348.121000 646.137000 1.936000 2.094000 5.567000 1.996000 2.796803
22  1  297.586000 681.824000 0.699000 2.560000 5.637000 2.229000 0.921115

26 17 1535657120.649535
13  2  317.636000 672.046000 0.692000 0.486000 0.479000 1.312000 -1.827796
1  1  308.139000 665.821000 1.730000 2.749000 8.702000 3.078000 2.780938
23  1  288.034000 669.246000 0.719000 1.984000 4.326000 1.547000 0.881635
21  0  309.240000 691.234000 -0.066000 0.803000 0.765000 1.885000 -2.157812
19  1  292.553000 681.218000 0.552000 1.970000 4.588000 2.000000 -2.241141
5  1  330.789000 641.074000 1.465000 2.060000 4.512000 1.723000 2.423582
6  1  313.769000 667.250000 0.917000 2.090000 4.795000 2.000000 2.709477
18  1  292.648000 685.015000 0.533000 0.933000 2.072000 1.839000 -2.272523
14  2  319.057000 670.203000 0.160000 1.214000 0.504000 0.514000 -1.366593
7  1  349.028000 634.813000 2.077000 2.003000 4.204000 1.563000 -2.325547
8  1  246.162000 691.211000 1.832000 3.132000 13.818000 3.606000 2.795092
24  1  300.852000 691.768000 0.024000 2.038000 4.629000 1.488000 -2.246850
20  0  308.518000 691.937000 -0.106000 0.661000 0.572000 1.697000 -2.117311
9  1  321.139000 668.527000 1.118000 2.111000 4.549000 2.347000 -0.608688
17  1  282.390000 668.839000 1.415000 2.645000 7.127000 2.455000 -2.260341
11  1  348.121000 646.137000 1.938000 2.094000 5.567000 1.996000 2.796803
22  1  299.904000 684.937000 0.604000 2.560000 5.637000 2.229000 0.921115

27 18 1535657121.149429
13  2  317.625000 672.047000 0.698000 0.486000 0.479000 1.312000 -1.827796
1  1  307.267000 666.148000 1.577000 2.749000 8.702000 3.078000 2.786756
23  1  290.563000 672.390000 0.692000 1.984000 4.326000 1.547000 0.916542
21  0  308.897000 690.709000 -0.044000 0.803000 0.765000 1.885000 -2.153864
19  1  290.143000 678.281000 0.656000 1.970000 4.588000 2.000000 -2.234161
5  1  330.789000 641.074000 1.469000 2.060000 4.512000 1.723000 2.423582
25  1  307.569000 699.998000 -0.459000 2.155000 4.713000 1.614000 -2.274129
6  1  313.764000 667.249000 0.922000 2.090000 4.795000 2.000000 2.717233
18  1  291.178000 683.243000 0.596000 0.933000 2.072000 1.839000 -2.263797
14  2  319.057000 670.203000 0.160000 1.214000 0.504000 0.514000 -1.366593
7  1  349.028000 634.813000 2.064000 2.003000 4.204000 1.563000 -2.325547
8  1  242.183000 692.567000 1.811000 3.132000 13.818000 3.606000 2.805274
24  1  298.497000 688.765000 0.174000 2.038000 4.629000 1.488000 -2.246850
20  0  308.160000 691.389000 -0.078000 0.661000 0.572000 1.697000 -2.117311
9  1  321.128000 668.539000 1.131000 2.111000 4.549000 2.347000 -0.613050
17  1  279.900000 665.927000 1.369000 2.645000 7.127000 2.455000 -2.273431
11  1  348.121000 646.137000 1.938000 2.094000 5.567000 1.996000 2.796803
22  1  302.223000 688.049000 0.508000 2.560000 5.637000 2.229000 0.921115

28 18 1535657121.649287
13  2  317.625000 672.047000 0.691000 0.486000 0.479000 1.312000 -1.827796
1  1  306.824000 666.308000 1.475000 2.749000 8.702000 3.078000 2.783847
23  1  292.823000 675.372000 0.587000 1.984000 4.326000 1.547000 0.922360
21  0  308.553000 690.184000 -0.023000 0.803000 0.765000 1.885000 -2.149917
19  1  287.868000 675.507000 0.738000 1.970000 4.588000 2.000000 -2.216708
5  1  330.789000 641.074000 1.473000 2.060000 4.512000 1.723000 2.423582
25  1  305.228000 697.097000 -0.309000 2.155000 4.713000 1.614000 -2.265400
6  1  313.760000 667.248000 0.927000 2.090000 4.795000 2.000000 2.724989
18  1  289.709000 681.471000 0.659000 0.933000 2.072000 1.839000 -2.255071
14  2  319.057000 670.203000 0.160000 1.214000 0.504000 0.514000 -1.366593
7  1  349.028000 634.813000 2.074000 2.003000 4.204000 1.563000 -2.325547
8  1  237.800000 694.065000 1.889000 3.132000 13.818000 3.606000 2.815454
24  1  296.143000 685.762000 0.250000 2.038000 4.629000 1.488000 -2.241032
20  0  307.802000 690.841000 -0.050000 0.661000 0.572000 1.697000 -2.117311
9  1  321.117000 668.550000 1.144000 2.111000 4.549000 2.347000 -0.617412
17  1  277.411000 663.015000 1.323000 2.645000 7.127000 2.455000 -2.286521
11  1  348.121000 646.137000 1.938000 2.094000 5.567000 1.996000 2.796803
22  1  304.525000 691.079000 0.377000 2.560000 5.637000 2.229000 0.912389

29 17 1535657122.149177
13  2  317.625000 672.047000 0.683000 0.486000 0.479000 1.312000 -1.827796
1  1  306.382000 666.467000 1.373000 2.749000 8.702000 3.078000 2.780938
23  1  295.082000 678.354000 0.482000 1.984000 4.326000 1.547000 0.928177
21  0  308.210000 689.659000 -0.002000 0.803000 0.765000 1.885000 -2.145969
19  1  285.592000 672.732000 0.869000 1.970000 4.588000 2.000000 -2.216708
5  1  330.789000 641.074000 1.477000 2.060000 4.512000 1.723000 2.423582
25  1  302.888000 694.195000 -0.159000 2.155000 4.713000 1.614000 -2.256671
6  1  313.755000 667.247000 0.932000 2.090000 4.795000 2.000000 2.732745
18  1  288.240000 679.698000 0.722000 0.933000 2.072000 1.839000 -2.246344
14  2  319.057000 670.203000 0.160000 1.214000 0.504000 0.514000 -1.366593
7  1  349.028000 634.813000 2.084000 2.003000 4.204000 1.563000 -2.325547
8  1  233.417000 695.562000 1.967000 3.132000 13.818000 3.606000 2.825636
24  1  293.789000 682.759000 0.327000 2.038000 4.629000 1.488000 -2.235214
20  0  307.464000 690.285000 -0.035000 0.661000 0.572000 1.697000 -2.117311
9  1  321.107000 668.561000 1.157000 2.111000 4.549000 2.347000 -0.621774
11  1  348.121000 646.137000 1.938000 2.094000 5.567000 1.996000 2.796803
22  1  306.827000 694.108000 0.246000 2.560000 5.637000 2.229000 0.903662

30 18 1535657122.649085
13  2  317.625000 672.047000 0.676000 0.486000 0.479000 1.312000 -1.827796
1  1  306.333000 666.475000 1.381000 2.749000 8.702000 3.078000 2.780938
23  1  297.341000 681.336000 0.376000 1.984000 4.326000 1.547000 0.933995
21  0  307.866000 689.134000 0.020000 0.803000 0.765000 1.885000 -2.142022
19  1  283.342000 669.781000 0.951000 1.970000 4.588000 2.000000 -2.216708
5  1  330.789000 641.074000 1.481000 2.060000 4.512000 1.723000 2.423582
25  1  300.547000 691.293000 -0.008000 2.155000 4.713000 1.614000 -2.247941
6  1  313.751000 667.246000 0.937000 2.090000 4.795000 2.000000 2.740502
18  1  286.770000 677.926000 0.785000 0.933000 2.072000 1.839000 -2.237617
14  2  319.057000 670.203000 0.160000 1.214000 0.504000 0.514000 -1.366593
7  1  349.028000 634.813000 2.094000 2.003000 4.204000 1.563000 -2.325547
8  1  228.775000 697.043000 1.970000 3.132000 13.818000 3.606000 2.827383
24  1  291.434000 679.756000 0.496000 2.038000 4.629000 1.488000 -2.229396
20  0  307.126000 689.729000 -0.020000 0.661000 0.572000 1.697000 -2.117311
9  1  321.102000 668.556000 1.166000 2.111000 4.549000 2.347000 -0.619835
26  1  289.280000 669.010000 0.775000 1.888000 4.487000 1.482000 0.961956
11  1  348.121000 646.137000 1.938000 2.094000 5.567000 1.996000 2.796803
22  1  309.452000 697.257000 0.090000 2.560000 5.637000 2.229000 0.877465

31 18 1535657123.148366
13  2  317.625000 672.047000 0.669000 0.486000 0.479000 1.312000 -1.827796
1  1  306.284000 666.483000 1.390000 2.749000 8.702000 3.078000 2.780938
23  1  299.628000 684.373000 0.262000 1.984000 4.326000 1.547000 0.933995
21  0  307.564000 688.606000 0.041000 0.803000 0.765000 1.885000 -2.126519
19  1  281.094000 666.833000 0.933000 1.970000 4.588000 2.000000 -2.216708
5  1  330.789000 641.074000 1.485000 2.060000 4.512000 1.723000 2.423582
25  1  298.210000 688.395000 0.141000 2.155000 4.713000 1.614000 -2.239223
6  1  313.751000 667.246000 0.937000 2.090000 4.795000 2.000000 2.740502
18  1  285.428000 676.321000 0.814000 0.933000 2.072000 1.839000 -2.249243
14  2  319.057000 670.203000 0.160000 1.214000 0.504000 0.514000 -1.366593
7  1  349.028000 634.813000 2.104000 2.003000 4.204000 1.563000 -2.325547
8  1  224.138000 698.522000 1.973000 3.132000 13.818000 3.606000 2.829128
24  1  289.099000 676.832000 0.607000 2.038000 4.629000 1.488000 -2.233754
20  0  306.789000 689.174000 -0.005000 0.661000 0.572000 1.697000 -2.117311
9  1  321.098000 668.551000 1.175000 2.111000 4.549000 2.347000 -0.617899
26  1  291.627000 672.377000 0.668000 1.888000 4.487000 1.482000 0.953234
11  1  348.121000 646.137000 1.938000 2.094000 5.567000 1.996000 2.796803
22  1  312.154000 700.332000 -0.066000 2.560000 5.637000 2.229000 0.851302

32 17 1535657123.648262
13  2  317.625000 672.047000 0.662000 0.486000 0.479000 1.312000 -1.827796
1  1  306.235000 666.491000 1.398000 2.749000 8.702000 3.078000 2.780938
23  1  301.918000 687.414000 0.147000 1.984000 4.326000 1.547000 0.933995
21  0  307.262000 688.078000 0.063000 0.803000 0.765000 1.885000 -2.110997
5  1  330.789000 641.074000 1.490000 2.060000 4.512000 1.723000 2.423582
25  1  295.548000 685.035000 0.281000 2.155000 4.713000 1.614000 -2.239223
6  1  313.751000 667.246000 0.937000 2.090000 4.795000 2.000000 2.740502
18  1  284.084000 674.714000 0.843000 0.933000 2.072000 1.839000 -2.260884
14  2  319.057000 670.203000 0.160000 1.214000 0.504000 0.514000 -1.366593
7  1  349.028000 634.813000 2.114000 2.003000 4.204000 1.563000 -2.325547
8  1  219.283000 700.022000 1.976000 3.132000 13.818000 3.606000 2.850061
24  1  286.761000 673.905000 0.718000 2.038000 4.629000 1.488000 -2.238118
20  0  306.451000 688.617000 0.010000 0.661000 0.572000 1.697000 -2.117311
9  1  321.094000 668.546000 1.184000 2.111000 4.549000 2.347000 -0.615960
26  1  293.977000 675.748000 0.562000 1.888000 4.487000 1.482000 0.944502
11  1  348.121000 646.137000 1.938000 2.094000 5.567000 1.996000 2.796803
22  1  314.820000 703.446000 -0.222000 2.560000 5.637000 2.229000 0.851302

33 16 1535657124.148113
13  2  317.625000 672.047000 0.655000 0.486000 0.479000 1.312000 -1.827796
1  1  306.187000 666.498000 1.407000 2.749000 8.702000 3.078000 2.780938
23  1  304.359000 690.526000 -0.028000 1.984000 4.326000 1.547000 0.922369
21  0  306.961000 687.549000 0.084000 0.803000 0.765000 1.885000 -2.095477
5  1  330.789000 641.074000 1.486000 2.060000 4.512000 1.723000 2.423582
25  1  292.886000 681.676000 0.421000 2.155000 4.713000 1.614000 -2.239223
6  1  313.751000 667.246000 0.937000 2.090000 4.795000 2.000000 2.740502
18  1  282.740000 673.107000 0.872000 0.933000 2.072000 1.839000 -2.272523
14  2  319.057000 670.203000 0.160000 1.214000 0.504000 0.514000 -1.366593
7  1  349.028000 634.813000 2.114000 2.003000 4.204000 1.563000 -2.325547
8  1  214.397000 701.420000 1.979000 3.132000 13.818000 3.606000 2.870992
24  1  284.423000 670.977000 0.778000 2.038000 4.629000 1.488000 -2.242481
20  0  306.143000 688.088000 0.062000 0.661000 0.572000 1.697000 -2.105685
9  1  321.089000 668.542000 1.193000 2.111000 4.549000 2.347000 -0.614022
26  1  296.214000 678.956000 0.455000 1.888000 4.487000 1.482000 0.953223
11  1  348.121000 646.137000 1.938000 2.094000 5.567000 1.996000 2.796803

34 17 1535657124.648599
13  2  317.625000 672.047000 0.648000 0.486000 0.479000 1.312000 -1.827796
1  1  306.180000 666.490000 1.416000 2.749000 8.702000 3.078000 2.780938
23  1  306.803000 693.641000 -0.203000 1.984000 4.326000 1.547000 0.910728
27  1  312.445000 705.589000 -0.612000 2.082000 4.443000 1.682000 -2.271633
21  0  306.624000 686.988000 0.118000 0.803000 0.765000 1.885000 -2.112932
5  1  330.789000 641.074000 1.482000 2.060000 4.512000 1.723000 2.423582
25  1  290.221000 678.313000 0.561000 2.155000 4.713000 1.614000 -2.239223
6  1  313.751000 667.246000 0.937000 2.090000 4.795000 2.000000 2.740502
18  1  281.390000 671.434000 0.918000 0.933000 2.072000 1.839000 -2.260887
14  2  319.057000 670.203000 0.160000 1.214000 0.504000 0.514000 -1.366593
7  1  349.028000 634.813000 2.114000 2.003000 4.204000 1.563000 -2.325547
8  1  209.464000 702.666000 1.983000 3.132000 13.818000 3.606000 2.891949
24  1  282.082000 668.046000 0.839000 2.038000 4.629000 1.488000 -2.246850
20  0  305.835000 687.559000 0.115000 0.661000 0.572000 1.697000 -2.094043
9  1  321.085000 668.537000 1.202000 2.111000 4.549000 2.347000 -0.612081
26  1  298.454000 682.168000 0.348000 1.888000 4.487000 1.482000 0.961956
11  1  348.121000 646.137000 1.938000 2.094000 5.567000 1.996000 2.796803

35 18 1535657125.148970
28  1  301.787000 693.548000 0.138000 2.187000 5.645000 2.133000 -2.242190
13  2  317.625000 672.047000 0.648000 0.486000 0.479000 1.312000 -1.827796
1  1  306.173000 666.482000 1.424000 2.749000 8.702000 3.078000 2.780938
23  1  309.246000 696.756000 -0.303000 1.984000 4.326000 1.547000 0.899089
27  1  310.539000 703.330000 -0.479000 2.082000 4.443000 1.682000 -2.271633
21  0  306.273000 686.436000 0.151000 0.803000 0.765000 1.885000 -2.130384
5  1  330.789000 641.074000 1.479000 2.060000 4.512000 1.723000 2.423582
25  1  287.629000 674.987000 0.650000 2.155000 4.713000 1.614000 -2.221769
6  1  313.751000 667.246000 0.937000 2.090000 4.795000 2.000000 2.740502
18  1  280.041000 669.761000 0.964000 0.933000 2.072000 1.839000 -2.249252
14  2  319.057000 670.203000 0.160000 1.214000 0.504000 0.514000 -1.366593
7  1  349.028000 634.813000 2.114000 2.003000 4.204000 1.563000 -2.325547
8  1  204.532000 703.911000 1.986000 3.132000 13.818000 3.606000 2.912902
24  1  279.742000 665.116000 1.000000 2.038000 4.629000 1.488000 -2.246850
20  0  305.527000 687.029000 0.167000 0.661000 0.572000 1.697000 -2.082405
9  1  321.081000 668.532000 1.211000 2.111000 4.549000 2.347000 -0.610140
26  1  300.721000 685.421000 0.202000 1.888000 4.487000 1.482000 0.961956
11  1  348.121000 646.137000 1.938000 2.094000 5.567000 1.996000 2.796803

36 16 1535657125.649405
28  1  299.815000 691.023000 0.252000 2.187000 5.645000 2.133000 -2.242190
13  2  317.625000 672.047000 0.648000 0.486000 0.479000 1.312000 -1.827796
1  1  306.166000 666.474000 1.433000 2.749000 8.702000 3.078000 2.780938
23  1  312.089000 700.200000 -0.503000 1.984000 4.326000 1.547000 0.864182
27  1  308.633000 701.071000 -0.346000 2.082000 4.443000 1.682000 -2.271633
21  0  305.922000 685.884000 0.184000 0.803000 0.765000 1.885000 -2.147837
5  1  330.789000 641.074000 1.475000 2.060000 4.512000 1.723000 2.423582
25  1  285.156000 671.761000 0.731000 2.155000 4.713000 1.614000 -2.239223
6  1  313.751000 667.246000 0.937000 2.090000 4.795000 2.000000 2.740502
18  1  278.692000 668.088000 1.010000 0.933000 2.072000 1.839000 -2.237617
14  2  319.057000 670.203000 0.160000 1.214000 0.504000 0.514000 -1.366593
7  1  349.028000 634.813000 2.114000 2.003000 4.204000 1.563000 -2.325547
20  0  305.222000 686.469000 0.185000 0.661000 0.572000 1.697000 -2.091134
9  1  321.076000 668.527000 1.220000 2.111000 4.549000 2.347000 -0.608200
26  1  303.085000 688.811000 0.059000 1.888000 4.487000 1.482000 0.961956
11  1  348.121000 646.137000 1.938000 2.094000 5.567000 1.996000 2.796803

37 14 1535657126.149278
28  1  297.845000 688.501000 0.366000 2.187000 5.645000 2.133000 -2.242190
13  2  317.625000 672.047000 0.648000 0.486000 0.479000 1.312000 -1.827796
1  1  306.159000 666.466000 1.442000 2.749000 8.702000 3.078000 2.780938
27  1  306.729000 698.815000 -0.214000 2.082000 4.443000 1.682000 -2.271633
21  0  305.578000 685.319000 0.234000 0.803000 0.765000 1.885000 -2.147837
5  1  330.789000 641.074000 1.472000 2.060000 4.512000 1.723000 2.423582
25  1  282.735000 668.704000 0.762000 2.155000 4.713000 1.614000 -2.239223
6  1  313.751000 667.246000 0.937000 2.090000 4.795000 2.000000 2.740502
14  2  319.057000 670.203000 0.160000 1.214000 0.504000 0.514000 -1.366593
7  1  349.028000 634.813000 2.114000 2.003000 4.204000 1.563000 -2.325547
20  0  304.917000 685.909000 0.203000 0.661000 0.572000 1.697000 -2.099853
9  1  321.072000 668.522000 1.229000 2.111000 4.549000 2.347000 -0.606261
26  1  305.446000 692.198000 -0.084000 1.888000 4.487000 1.482000 0.961956
11  1  348.121000 646.137000 1.938000 2.094000 5.567000 1.996000 2.796803

38 14 1535657126.649732
28  1  295.668000 685.741000 0.479000 2.187000 5.645000 2.133000 -2.236370
13  2  317.625000 672.047000 0.648000 0.486000 0.479000 1.312000 -1.827796
29  1  286.297000 666.855000 1.151000 2.024000 4.780000 2.264000 0.907135
1  1  306.153000 666.458000 1.450000 2.749000 8.702000 3.078000 2.780938
27  1  304.823000 696.556000 -0.081000 2.082000 4.443000 1.682000 -2.271633
21  0  305.234000 684.754000 0.284000 0.803000 0.765000 1.885000 -2.147837
5  1  330.789000 641.074000 1.468000 2.060000 4.512000 1.723000 2.423582
6  1  313.751000 667.246000 0.937000 2.090000 4.795000 2.000000 2.740502
14  2  319.057000 670.203000 0.160000 1.214000 0.504000 0.514000 -1.366593
7  1  349.028000 634.813000 2.114000 2.003000 4.204000 1.563000 -2.325547
20  0  304.611000 685.349000 0.221000 0.661000 0.572000 1.697000 -2.108582
9  1  321.068000 668.517000 1.238000 2.111000 4.549000 2.347000 -0.604320
26  1  307.810000 695.588000 -0.228000 1.888000 4.487000 1.482000 0.961956
11  1  348.121000 646.137000 1.938000 2.094000 5.567000 1.996000 2.796803

39 14 1535657127.150180
28  1  293.491000 682.980000 0.593000 2.187000 5.645000 2.133000 -2.230550
13  2  317.625000 672.047000 0.648000 0.486000 0.479000 1.312000 -1.827796
29  1  288.706000 669.935000 1.088000 2.024000 4.780000 2.264000 0.907135
1  1  306.146000 666.450000 1.459000 2.749000 8.702000 3.078000 2.780938
27  1  302.918000 694.297000 0.052000 2.082000 4.443000 1.682000 -2.271633
21  0  304.891000 684.188000 0.334000 0.803000 0.765000 1.885000 -2.147837
5  1  330.789000 641.074000 1.465000 2.060000 4.512000 1.723000 2.423582
6  1  313.751000 667.246000 0.937000 2.090000 4.795000 2.000000 2.740502
14  2  319.057000 670.203000 0.160000 1.214000 0.504000 0.514000 -1.366593
7  1  349.028000 634.813000 2.114000 2.003000 4.204000 1.563000 -2.325547
20  0  304.306000 684.789000 0.239000 0.661000 0.572000 1.697000 -2.117311
9  1  321.079000 668.536000 1.202000 2.111000 4.549000 2.347000 -0.615965
26  1  310.174000 698.979000 -0.371000 1.888000 4.487000 1.482000 0.961956
11  1  348.121000 646.137000 1.938000 2.094000 5.567000 1.996000 2.796803

40 12 1535657127.650049
28  1  291.317000 680.224000 0.707000 2.187000 5.645000 2.133000 -2.224736
13  2  317.625000 672.047000 0.648000 0.486000 0.479000 1.312000 -1.827796
29  1  291.265000 673.261000 0.988000 2.024000 4.780000 2.264000 0.907135
1  1  306.139000 666.442000 1.467000 2.749000 8.702000 3.078000 2.780938
27  1  301.014000 692.041000 0.185000 2.082000 4.443000 1.682000 -2.271633
21  0  304.595000 683.712000 0.359000 0.803000 0.765000 1.885000 -2.147837
5  1  330.789000 641.074000 1.461000 2.060000 4.512000 1.723000 2.423582
6  1  313.751000 667.246000 0.937000 2.090000 4.795000 2.000000 2.740502
14  2  319.057000 670.203000 0.160000 1.214000 0.504000 0.514000 -1.366593
7  1  349.028000 634.813000 2.114000 2.003000 4.204000 1.563000 -2.325547
9  1  321.089000 668.554000 1.167000 2.111000 4.549000 2.347000 -0.627596
11  1  348.121000 646.137000 1.938000 2.094000 5.567000 1.996000 2.796803

41 12 1535657128.149910
28  1  289.020000 677.243000 0.820000 2.187000 5.645000 2.133000 -2.224736
13  2  317.625000 672.047000 0.648000 0.486000 0.479000 1.312000 -1.827796
29  1  293.824000 676.587000 0.888000 2.024000 4.780000 2.264000 0.907135
1  1  306.132000 666.434000 1.476000 2.749000 8.702000 3.078000 2.780938
27  1  299.117000 689.793000 0.189000 2.082000 4.443000 1.682000 -2.271633
21  0  304.300000 683.237000 0.384000 0.803000 0.765000 1.885000 -2.147837
5  1  330.789000 641.074000 1.458000 2.060000 4.512000 1.723000 2.423582
6  1  313.751000 667.246000 0.937000 2.090000 4.795000 2.000000 2.740502
14  2  319.057000 670.203000 0.160000 1.214000 0.504000 0.514000 -1.366593
7  1  349.028000 634.813000 2.114000 2.003000 4.204000 1.563000 -2.325547
9  1  321.100000 668.572000 1.132000 2.111000 4.549000 2.347000 -0.639227
11  1  348.121000 646.137000 1.938000 2.094000 5.567000 1.996000 2.796803

