41
1.72201  0.00475453  1.49491  0.507724  -0.497339  0.498372  -0.496483
1252.81  826.588  1252.81  469.985  
1 1 1535657108.262404
../data/CAM_FRONT/n008-2018-08-30-15-16-55-0400__CAM_FRONT__1535657108262404.jpg
334.733461 658.648655 2.882565
1 1238 376 282 264 1

2 1 1535657108.762404
../data/CAM_FRONT/n008-2018-08-30-15-16-55-0400__CAM_FRONT__1535657108762404.jpg
332.271050 659.361481 2.853394
1 1267 359 215 317 1

3 1 1535657109.262404
../data/CAM_FRONT/n008-2018-08-30-15-16-55-0400__CAM_FRONT__1535657109262404.jpg
329.835661 660.134631 2.830196
1 1327 315 265 434 1

4 1 1535657109.762404
../data/CAM_FRONT/n008-2018-08-30-15-16-55-0400__CAM_FRONT__1535657109762404.jpg
327.419900 660.960972 2.817941
1 563 465 194 68 1

5 2 1535657110.162404
../data/CAM_FRONT/n008-2018-08-30-15-16-55-0400__CAM_FRONT__1535657110162404.jpg
325.534679 661.626164 2.815923
1 607 463 208 74 1
2 1600 312 32 437 1

6 1 1535657110.612404
../data/CAM_FRONT/n008-2018-08-30-15-16-55-0400__CAM_FRONT__1535657110612404.jpg
323.527323 662.346022 2.808651
1 658 460 227 81 1

7 2 1535657111.112404
../data/CAM_FRONT/n008-2018-08-30-15-16-55-0400__CAM_FRONT__1535657111112404.jpg
321.497951 663.110303 2.783647
1 743 456 248 91 1
2 991 370 653 171 1

8 2 1535657111.612404
../data/CAM_FRONT/n008-2018-08-30-15-16-55-0400__CAM_FRONT__1535657111612404.jpg
319.636980 663.886250 2.753093
1 848 452 270 101 1
2 872 367 658 179 1

9 2 1535657112.112404
../data/CAM_FRONT/n008-2018-08-30-15-16-55-0400__CAM_FRONT__1535657112112404.jpg
318.012101 664.608486 2.738491
1 1009 447 308 112 1
2 772 364 661 186 1

10 3 1535657112.612404
../data/CAM_FRONT/n008-2018-08-30-15-16-55-0400__CAM_FRONT__1535657112612404.jpg
316.442530 665.310990 2.735853
1 179 480 262 80 1
2 1239 440 377 127 1
3 694 361 651 193 1

11 3 1535657113.112404
../data/CAM_FRONT/n008-2018-08-30-15-16-55-0400__CAM_FRONT__1535657113112404.jpg
315.051482 665.924858 2.731707
1 251 479 285 88 1
2 1507 438 49 136 1
3 635 357 639 202 1

12 2 1535657113.612404
../data/CAM_FRONT/n008-2018-08-30-15-16-55-0400__CAM_FRONT__1535657113612404.jpg
313.812438 666.478003 2.729815
1 346 477 311 97 1
2 594 355 600 208 1

13 2 1535657114.112404
../data/CAM_FRONT/n008-2018-08-30-15-16-55-0400__CAM_FRONT__1535657114112404.jpg
312.700051 666.988457 2.729616
1 466 474 339 109 1
2 581 357 525 207 1

14 2 1535657114.612404
../data/CAM_FRONT/n008-2018-08-30-15-16-55-0400__CAM_FRONT__1535657114612404.jpg
311.706741 667.442073 2.726896
1 629 471 370 120 1
2 580 360 443 204 1

15 3 1535657115.112404
../data/CAM_FRONT/n008-2018-08-30-15-16-55-0400__CAM_FRONT__1535657115112404.jpg
310.827422 667.851086 2.715462
1 1307 469 334 105 1
2 825 467 407 133 1
3 576 367 353 195 1

16 2 1535657115.612404
../data/CAM_FRONT/n008-2018-08-30-15-16-55-0400__CAM_FRONT__1535657115612404.jpg
310.106219 668.201382 2.700339
1 1120 461 480 147 1
2 580 374 265 184 1

17 3 1535657116.112404
../data/CAM_FRONT/n008-2018-08-30-15-16-55-0400__CAM_FRONT__1535657116112404.jpg
309.616508 668.441677 2.689256
1 855 474 334 106 1
2 1433 463 63 149 1
3 602 381 182 173 1

18 2 1535657116.612404
../data/CAM_FRONT/n008-2018-08-30-15-16-55-0400__CAM_FRONT__1535657116612404.jpg
309.331418 668.583806 2.681982
1 636 477 332 103 1
2 606 391 138 157 1

19 2 1535657117.112404
../data/CAM_FRONT/n008-2018-08-30-15-16-55-0400__CAM_FRONT__1535657117112404.jpg
309.207876 668.647850 2.678387
1 420 480 332 99 1
2 596 398 127 145 1

20 2 1535657117.612404
../data/CAM_FRONT/n008-2018-08-30-15-16-55-0400__CAM_FRONT__1535657117612404.jpg
309.172855 668.668329 2.678795
1 228 482 328 96 1
2 608 406 115 131 1

21 3 1535657118.112404
../data/CAM_FRONT/n008-2018-08-30-15-16-55-0400__CAM_FRONT__1535657118112404.jpg
309.184119 668.663907 2.678580
1 617 413 104 119 1
2 977 399 545 186 1
3 -23 427 481 179 1

22 4 1535657118.612404
../data/CAM_FRONT/n008-2018-08-30-15-16-55-0400__CAM_FRONT__1535657118612404.jpg
309.185760 668.664017 2.678444
1 -4 487 204 87 1
2 624 418 95 110 1
3 754 405 504 179 1
4 230 421 483 188 1

23 1 1535657119.112404
../data/CAM_FRONT/n008-2018-08-30-15-16-55-0400__CAM_FRONT__1535657119112404.jpg
309.186073 668.664620 2.678371
1 509 413 483 198 1

24 2 1535657119.612404
../data/CAM_FRONT/n008-2018-08-30-15-16-55-0400__CAM_FRONT__1535657119612404.jpg
309.186394 668.665089 2.678260
1 316 417 471 165 1
2 818 405 520 209 1

25 3 1535657120.112404
../data/CAM_FRONT/n008-2018-08-30-15-16-55-0400__CAM_FRONT__1535657120112404.jpg
309.186579 668.665526 2.678319
1 643 432 75 86 1
2 125 422 461 158 1
3 1151 409 483 203 1

26 6 1535657120.612404
../data/CAM_FRONT/n008-2018-08-30-15-16-55-0400__CAM_FRONT__1535657120612404.jpg
309.186792 668.665867 2.678219
1 13 482 368 121 1
2 931 438 333 145 1
3 1217 452 143 117 1
4 649 436 69 79 1
5 -48 427 447 152 1
6 1473 401 80 214 1

27 5 1535657121.112404
../data/CAM_FRONT/n008-2018-08-30-15-16-55-0400__CAM_FRONT__1535657121112404.jpg
309.187032 668.666127 2.678157
1 271 479 374 127 1
2 685 443 313 138 1
3 1074 454 133 115 1
4 651 439 65 74 1
5 108 432 113 145 1

28 4 1535657121.612404
../data/CAM_FRONT/n008-2018-08-30-15-16-55-0400__CAM_FRONT__1535657121612404.jpg
309.187095 668.666420 2.678224
1 544 475 372 133 1
2 471 448 311 132 1
3 936 457 128 111 1
4 654 442 60 68 1

29 5 1535657122.112404
../data/CAM_FRONT/n008-2018-08-30-15-16-55-0400__CAM_FRONT__1535657122112404.jpg
309.187250 668.666620 2.678216
1 844 471 388 140 1
2 275 452 308 126 1
3 804 459 128 108 1
4 656 445 56 64 1
5 1068 473 354 111 1

30 6 1535657122.612404
../data/CAM_FRONT/n008-2018-08-30-15-16-55-0400__CAM_FRONT__1535657122612404.jpg
309.187297 668.666833 2.678261
1 1162 466 445 148 1
2 81 456 307 121 1
3 679 461 127 106 1
4 655 447 53 60 1
5 807 477 322 106 1
6 -31 487 410 124 1

31 6 1535657123.112404
../data/CAM_FRONT/n008-2018-08-30-15-16-55-0400__CAM_FRONT__1535657123112404.jpg
309.187420 668.666975 2.678142
1 1487 466 66 148 1
2 -5 459 211 118 1
3 570 463 126 103 1
4 654 449 51 56 1
5 571 480 318 101 1
6 268 483 405 130 1

32 5 1535657123.612404
../data/CAM_FRONT/n008-2018-08-30-15-16-55-0400__CAM_FRONT__1535657123612404.jpg
309.187521 668.667099 2.678178
1 1259 463 342 121 1
2 466 464 126 102 1
3 651 451 52 53 1
4 355 483 316 97 1
5 595 479 399 136 1

33 5 1535657124.112404
../data/CAM_FRONT/n008-2018-08-30-15-16-55-0400__CAM_FRONT__1535657124112404.jpg
309.187494 668.667263 2.678314
1 966 466 348 118 1
2 367 466 125 99 1
3 648 453 51 50 1
4 157 485 312 94 1
5 934 475 430 141 1

34 5 1535657124.612404
../data/CAM_FRONT/n008-2018-08-30-15-16-55-0400__CAM_FRONT__1535657124612404.jpg
309.187544 668.667366 2.678223
1 683 470 324 112 1
2 268 468 124 97 1
3 642 454 52 48 1
4 -27 487 308 91 1
5 1270 476 37 140 1

35 5 1535657125.112404
../data/CAM_FRONT/n008-2018-08-30-15-16-55-0400__CAM_FRONT__1535657125112404.jpg
309.187633 668.667432 2.678203
1 429 474 324 107 1
2 172 469 124 95 1
3 637 456 52 45 1
4 14 489 92 88 1
5 1600 472 29 128 1

36 2 1535657125.612404
../data/CAM_FRONT/n008-2018-08-30-15-16-55-0400__CAM_FRONT__1535657125612404.jpg
309.187655 668.667516 2.678227
1 203 477 324 103 1
2 81 471 122 93 1

37 1 1535657126.112404
../data/CAM_FRONT/n008-2018-08-30-15-16-55-0400__CAM_FRONT__1535657126112404.jpg
309.187670 668.667590 2.678228
1 6 480 321 99 1

38 0 1535657126.612404
../data/CAM_FRONT/n008-2018-08-30-15-16-55-0400__CAM_FRONT__1535657126612404.jpg
309.187757 668.667617 2.678176

39 2 1535657127.112404
../data/CAM_FRONT/n008-2018-08-30-15-16-55-0400__CAM_FRONT__1535657127112404.jpg
309.187794 668.667659 2.678132
1 1032 426 423 157 1
2 49 425 404 180 1

40 2 1535657127.612404
../data/CAM_FRONT/n008-2018-08-30-15-16-55-0400__CAM_FRONT__1535657127612404.jpg
309.187840 668.667688 2.678129
1 797 431 390 150 1
2 331 417 409 191 1

41 2 1535657128.112404
../data/CAM_FRONT/n008-2018-08-30-15-16-55-0400__CAM_FRONT__1535657128112404.jpg
309.187857 668.667724 2.678105
1 563 436 376 144 1
2 645 409 411 202 1

