40
1.72201  0.00475453  1.49491  0.507724  -0.497339  0.498372  -0.496483
1252.81  826.588  1252.81  469.985  
1 3 1533151603.512404
../data/CAM_FRONT/n008-2018-08-01-15-16-36-0400__CAM_FRONT__1533151603512404.jpg
599.849775 1647.641129 -0.500641
1 1246 453 43 88 0
2 989 477 92 48 1
3 968 477 39 28 1

2 4 1533151604.012404
../data/CAM_FRONT/n008-2018-08-01-15-16-36-0400__CAM_FRONT__1533151604012404.jpg
603.568608 1645.536401 -0.518247
1 1295 448 56 106 0
2 1005 478 71 49 1
3 942 477 45 32 1
4 795 470 94 61 1

3 4 1533151604.512404
../data/CAM_FRONT/n008-2018-08-01-15-16-36-0400__CAM_FRONT__1533151604512404.jpg
607.193716 1643.374074 -0.545317
1 1356 441 77 133 0
2 992 478 69 50 1
3 902 477 52 37 1
4 713 468 119 78 1

4 4 1533151605.012404
../data/CAM_FRONT/n008-2018-08-01-15-16-36-0400__CAM_FRONT__1533151605012404.jpg
610.730703 1641.142628 -0.573856
1 1467 428 109 178 0
2 970 478 69 51 1
3 854 477 62 44 1
4 579 463 173 114 1

5 3 1533151605.512404
../data/CAM_FRONT/n008-2018-08-01-15-16-36-0400__CAM_FRONT__1533151605512404.jpg
614.199960 1638.821691 -0.601031
1 952 478 67 50 1
2 798 478 78 53 1
3 289 450 345 204 1

6 3 1533151606.012404
../data/CAM_FRONT/n008-2018-08-01-15-16-36-0400__CAM_FRONT__1533151606012404.jpg
617.683529 1636.343975 -0.624820
1 929 479 68 50 1
2 728 478 104 69 1
3 -46 434 345 318 1

7 2 1533151606.512404
../data/CAM_FRONT/n008-2018-08-01-15-16-36-0400__CAM_FRONT__1533151606512404.jpg
621.155543 1633.725327 -0.655712
1 899 479 68 50 1
2 604 477 159 101 1

8 2 1533151607.012404
../data/CAM_FRONT/n008-2018-08-01-15-16-36-0400__CAM_FRONT__1533151607012404.jpg
624.647469 1630.946488 -0.676676
1 874 479 67 50 1
2 297 476 342 195 1

9 7 1533151607.512404
../data/CAM_FRONT/n008-2018-08-01-15-16-36-0400__CAM_FRONT__1533151607512404.jpg
628.091042 1628.080526 -0.690747
1 857 479 67 50 1
2 418 476 210 71 1
3 60 483 346 145 1
4 564 479 78 47 1
5 976 475 110 68 1
6 1260 457 51 92 0
7 707 480 65 44 1

10 7 1533151608.012404
../data/CAM_FRONT/n008-2018-08-01-15-16-36-0400__CAM_FRONT__1533151608012404.jpg
631.526425 1625.179661 -0.695216
1 853 480 65 48 1
2 365 475 247 83 1
3 79 485 173 140 1
4 524 479 90 53 1
5 989 475 133 80 1
6 1322 454 62 107 0
7 674 480 78 52 1

11 6 1533151608.512404
../data/CAM_FRONT/n008-2018-08-01-15-16-36-0400__CAM_FRONT__1533151608512404.jpg
634.881503 1622.318414 -0.692082
1 860 479 65 49 1
2 302 474 291 98 1
3 489 479 105 59 1
4 1021 473 169 99 1
5 1424 448 79 130 0
6 653 480 92 60 1

12 6 1533151609.012404
../data/CAM_FRONT/n008-2018-08-01-15-16-36-0400__CAM_FRONT__1533151609012404.jpg
637.888884 1619.774863 -0.690536
1 863 479 62 46 1
2 211 472 354 119 1
3 445 479 122 67 1
4 1054 472 218 121 1
5 1543 441 105 158 0
6 623 480 109 70 1

13 4 1533151609.512404
../data/CAM_FRONT/n008-2018-08-01-15-16-36-0400__CAM_FRONT__1533151609512404.jpg
640.421201 1617.634762 -0.692505
1 101 470 431 144 1
2 394 478 141 76 1
3 1087 470 287 152 1
4 584 480 128 80 1

14 4 1533151609.912404
../data/CAM_FRONT/n008-2018-08-01-15-16-36-0400__CAM_FRONT__1533151609912404.jpg
642.045951 1616.254394 -0.694220
1 17 469 498 165 1
2 352 478 157 82 1
3 1115 468 354 181 1
4 554 480 143 88 1

15 4 1533151610.412404
../data/CAM_FRONT/n008-2018-08-01-15-16-36-0400__CAM_FRONT__1533151610412404.jpg
643.627772 1614.916427 -0.693897
1 -8 467 564 189 1
2 307 478 177 89 1
3 1154 466 455 221 1
4 523 480 161 97 1

16 4 1533151610.912404
../data/CAM_FRONT/n008-2018-08-01-15-16-36-0400__CAM_FRONT__1533151610912404.jpg
644.744307 1613.969614 -0.693454
1 11 465 607 208 1
2 269 478 194 95 1
3 1192 467 243 260 1
4 498 480 175 104 1

17 4 1533151611.412404
../data/CAM_FRONT/n008-2018-08-01-15-16-36-0400__CAM_FRONT__1533151611412404.jpg
645.460364 1613.360255 -0.693061
1 193 464 575 211 1
2 240 478 207 100 1
3 1223 465 299 299 1
4 465 480 206 109 1

18 4 1533151611.862404
../data/CAM_FRONT/n008-2018-08-01-15-16-36-0400__CAM_FRONT__1533151611862404.jpg
646.030610 1612.871967 -0.693701
1 347 463 530 204 1
2 212 478 219 104 1
3 1251 463 362 342 1
4 423 480 227 118 1

19 4 1533151612.362404
../data/CAM_FRONT/n008-2018-08-01-15-16-36-0400__CAM_FRONT__1533151612362404.jpg
646.667344 1612.324817 -0.695693
1 484 462 458 196 1
2 178 478 235 110 1
3 1286 467 254 205 1
4 370 480 255 130 1

20 4 1533151612.862404
../data/CAM_FRONT/n008-2018-08-01-15-16-36-0400__CAM_FRONT__1533151612862404.jpg
647.361562 1611.727706 -0.697811
1 663 463 333 166 1
2 141 478 252 115 1
3 1329 465 280 228 1
4 278 480 327 146 1

21 4 1533151613.362404
../data/CAM_FRONT/n008-2018-08-01-15-16-36-0400__CAM_FRONT__1533151613362404.jpg
648.142038 1611.056962 -0.695780
1 773 464 236 143 1
2 102 477 272 123 1
3 610 444 89 76 1
4 165 480 413 167 1

22 4 1533151613.912404
../data/CAM_FRONT/n008-2018-08-01-15-16-36-0400__CAM_FRONT__1533151613912404.jpg
649.181415 1610.175601 -0.694467
1 826 465 162 127 1
2 45 477 302 132 1
3 604 443 92 78 1
4 36 480 504 195 1

23 6 1533151614.412404
../data/CAM_FRONT/n008-2018-08-01-15-16-36-0400__CAM_FRONT__1533151614412404.jpg
650.236458 1609.281779 -0.694145
1 862 466 134 115 1
2 1025 474 77 62 1
3 -26 477 339 144 1
4 597 442 95 81 1
5 1502 461 99 95 1
6 3 480 483 234 1

24 5 1533151614.912404
../data/CAM_FRONT/n008-2018-08-01-15-16-36-0400__CAM_FRONT__1533151614912404.jpg
651.499152 1608.211802 -0.693591
1 880 468 118 100 1
2 1035 473 82 66 1
3 32 477 230 161 1
4 589 440 100 84 1
5 265 480 140 183 1

25 6 1533151615.412404
../data/CAM_FRONT/n008-2018-08-01-15-16-36-0400__CAM_FRONT__1533151615412404.jpg
652.920748 1606.999809 -0.693600
1 892 469 107 90 1
2 1045 473 89 70 1
3 41 477 146 134 1
4 577 438 105 88 1
5 1600 458 29 113 1
6 114 480 149 233 1

26 3 1533151615.912404
../data/CAM_FRONT/n008-2018-08-01-15-16-36-0400__CAM_FRONT__1533151615912404.jpg
654.510591 1605.648476 -0.694662
1 893 470 101 82 1
2 1057 472 98 76 1
3 561 436 112 93 1

27 3 1533151616.412404
../data/CAM_FRONT/n008-2018-08-01-15-16-36-0400__CAM_FRONT__1533151616412404.jpg
656.296153 1604.127802 -0.697136
1 888 470 92 76 1
2 1071 471 110 83 1
3 539 434 120 98 1

28 2 1533151616.912404
../data/CAM_FRONT/n008-2018-08-01-15-16-36-0400__CAM_FRONT__1533151616912404.jpg
658.270455 1602.440329 -0.700705
1 1089 470 127 93 1
2 512 430 131 105 1

29 2 1533151617.362404
../data/CAM_FRONT/n008-2018-08-01-15-16-36-0400__CAM_FRONT__1533151617362404.jpg
660.189336 1600.795469 -0.703985
1 1111 469 149 106 1
2 483 427 143 113 1

30 5 1533151617.912404
../data/CAM_FRONT/n008-2018-08-01-15-16-36-0400__CAM_FRONT__1533151617912404.jpg
662.667761 1598.652022 -0.708584
1 1305 450 193 95 1
2 1150 467 189 127 1
3 1032 460 121 89 1
4 438 421 163 125 1
5 1067 452 197 118 1

31 5 1533151618.412404
../data/CAM_FRONT/n008-2018-08-01-15-16-36-0400__CAM_FRONT__1533151618412404.jpg
665.065835 1596.549665 -0.712042
1 1350 446 231 108 1
2 1203 464 253 159 1
3 1047 457 143 102 1
4 385 414 187 140 1
5 1093 447 243 141 1

32 5 1533151618.912404
../data/CAM_FRONT/n008-2018-08-01-15-16-36-0400__CAM_FRONT__1533151618912404.jpg
667.611357 1594.300567 -0.713976
1 1416 441 163 126 1
2 1293 461 164 215 1
3 1072 454 174 119 1
4 314 404 224 161 1
5 1135 439 319 176 1

33 6 1533151619.412404
../data/CAM_FRONT/n008-2018-08-01-15-16-36-0400__CAM_FRONT__1533151619412404.jpg
670.274773 1591.973696 -0.714751
1 1512 443 119 118 1
2 429 463 138 86 1
3 296 449 118 162 1
4 1111 448 225 146 1
5 220 391 276 189 1
6 1204 427 221 237 1

34 5 1533151619.912458
../data/CAM_FRONT/n008-2018-08-01-15-16-36-0400__CAM_FRONT__1533151619912458.jpg
673.078788 1589.490887 -0.717014
1 364 460 165 99 1
2 -39 426 163 286 1
3 1167 438 316 191 1
4 71 370 363 233 1
5 1320 431 224 213 1

35 6 1533151620.412404
../data/CAM_FRONT/n008-2018-08-01-15-16-36-0400__CAM_FRONT__1533151620412404.jpg
675.971367 1586.901563 -0.717105
1 475 459 94 79 1
2 672 482 77 59 1
3 276 456 206 117 1
4 1263 421 240 279 1
5 75 336 274 303 1
6 1067 464 154 105 1

36 5 1533151621.012404
../data/CAM_FRONT/n008-2018-08-01-15-16-36-0400__CAM_FRONT__1533151621012404.jpg
679.517076 1583.757427 -0.713367
1 422 455 113 92 1
2 624 483 106 79 1
3 122 450 286 149 1
4 -25 354 215 267 1
5 1125 459 215 137 1

37 6 1533151621.412404
../data/CAM_FRONT/n008-2018-08-01-15-16-36-0400__CAM_FRONT__1533151621412404.jpg
681.940821 1581.601292 -0.712859
1 371 452 131 103 1
2 1050 471 142 86 1
3 544 483 155 111 1
4 -48 443 380 184 1
5 1007 458 91 82 1
6 1178 453 290 174 1

38 6 1533151621.912404
../data/CAM_FRONT/n008-2018-08-01-15-16-36-0400__CAM_FRONT__1533151621912404.jpg
685.015430 1578.912951 -0.710966
1 290 448 163 120 1
2 1088 469 180 104 1
3 311 485 318 197 1
4 31 445 163 171 1
5 1031 454 109 96 1
6 1292 443 231 257 1

39 6 1533151622.412404
../data/CAM_FRONT/n008-2018-08-01-15-16-36-0400__CAM_FRONT__1533151622412404.jpg
688.102736 1576.187695 -0.713822
1 1021 460 106 85 1
2 162 441 215 146 1
3 1131 466 244 132 1
4 993 466 98 69 1
5 34 491 326 290 1
6 1056 449 135 114 1

40 5 1533151622.912404
../data/CAM_FRONT/n008-2018-08-01-15-16-36-0400__CAM_FRONT__1533151622912404.jpg
691.230366 1573.431942 -0.709545
1 1053 457 129 99 1
2 -21 430 300 187 1
3 1212 460 369 183 1
4 1013 464 115 79 1
5 1103 442 176 141 1

