41
1 0 1535489296.044866
1316.378176 1038.593668 2.413943

2 32 1535489296.554563
1316.378189 1038.593664 2.413936
1 1293.212483 1030.887439 0.810195 0.508122
2 1295.618799 1033.256605 1.152277 0.828199
3 1310.110570 1053.932736 2.300553 2.620630
4 1277.908973 1072.345959 -0.004001 -0.006001
5 1276.425986 1070.932000 -0.002000 0.000000
6 1331.381000 1089.942000 0.000000 0.000000
7 1299.447783 1037.561182 1.002241 0.470113
8 1328.425000 1052.566000 0.000000 0.000000
9 1331.484000 1043.453000 0.000000 0.000000
10 1337.482000 1035.208000 0.000000 0.000000
11 1300.011959 1037.706979 1.028247 0.440106
12 1330.066000 1046.334000 0.000000 0.000000
13 1351.279000 1022.468000 0.000000 0.000000
14 1269.750391 1025.185799 0.944227 1.152277
15 1321.517000 1033.800986 0.000000 -0.002000
16 1257.181959 1029.018986 -0.006001 -0.002000
17 1284.165233 1031.909125 3.432825 3.416821
18 1262.217000 1081.462000 0.000000 0.000000
19 1340.579729 1102.094648 -0.040010 -0.052012
20 1325.647000 1026.158000 0.000000 0.000000
21 1342.828000 1030.123000 0.000000 0.000000
22 1340.122973 1032.574986 -0.004001 -0.002000
23 1273.894000 1072.524000 0.000000 0.000000
24 1335.042000 1037.999000 0.000000 0.000000
25 1298.059472 1034.502255 0.956230 0.924222
26 1185.410293 1119.910303 6.987679 -4.831161
27 1326.916000 1029.509000 0.000000 0.000000
28 1277.680887 1033.954643 2.790671 3.788911
29 1275.742417 1022.093918 3.016725 3.090743
30 1293.835988 1033.569522 1.180284 0.668161
31 1241.664510 1063.116720 1.848444 -0.780187
32 1313.096000 1036.989000 0.000000 0.000000

3 36 1535489297.065218
1316.378190 1038.593671 2.413953
1 1293.626214 1031.146914 0.810214 0.508134
2 1296.206653 1033.676441 1.120295 0.652172
3 1277.906930 1072.342930 -0.004001 -0.004001
4 1276.424965 1070.932000 -0.002001 0.000000
5 1331.381000 1089.942000 0.000000 0.000000
6 1299.959583 1037.801283 1.002264 0.472124
7 1328.425000 1052.566000 0.000000 0.000000
8 1331.484000 1043.453000 0.000000 0.000000
9 1337.482000 1035.208000 0.000000 0.000000
10 1334.824000 1094.850000 0.000000 0.000000
11 1330.066000 1046.334000 0.000000 0.000000
12 1270.237794 1025.780392 1.242328 1.504397
13 1266.468730 1047.579231 -1.782470 0.868229
14 1257.178860 1029.018000 -0.008002 0.000000
15 1285.936473 1033.654434 4.473180 3.444908
16 1262.217000 1081.462000 0.000000 0.000000
17 1340.560000 1102.069000 0.000000 0.000000
18 1243.691531 1095.726014 1.284339 -0.854225
19 1325.647000 1026.158000 0.000000 0.000000
20 1342.828000 1030.123000 0.000000 0.000000
21 1328.997281 1049.563070 0.016004 0.004001
22 1319.410000 1031.387000 0.000000 0.000000
23 1365.093719 1014.906228 -0.016004 -0.044012
24 1300.109267 1035.256197 1.098290 0.980258
25 1340.120965 1032.574000 -0.002001 0.000000
26 1273.893965 1072.523965 -0.002001 -0.002001
27 1335.042000 1037.999000 0.000000 0.000000
28 1326.916000 1029.509000 0.000000 0.000000
29 1264.560000 1079.653000 0.000000 0.000000
30 1279.116381 1035.901719 3.384893 4.487183
31 1277.284293 1023.670783 3.094816 3.008793
32 1294.438390 1033.911354 1.162306 0.704186
33 1193.242252 1113.102482 10.844860 -6.983842
34 1242.596320 1062.709855 1.158305 -1.262333
35 1296.210390 1035.152179 1.048276 0.808213
36 1313.096000 1036.989000 0.000000 0.000000

4 40 1535489297.575425
1316.378197 1038.593671 2.413953
1 1294.039534 1031.406167 0.808186 0.508117
2 1296.778737 1034.008291 1.138262 0.620143
3 1312.443035 1056.477035 2.332537 2.332537
4 1277.904944 1072.340888 -0.002000 -0.004001
5 1276.423944 1070.932000 -0.002000 0.000000
6 1331.381000 1089.942000 0.000000 0.000000
7 1300.472562 1038.034745 1.060244 0.206047
8 1328.425000 1052.566000 0.000000 0.000000
9 1331.484000 1043.453000 0.000000 0.000000
10 1337.482000 1035.208000 0.000000 0.000000
11 1301.059386 1038.151199 0.982226 0.294068
12 1334.824000 1094.850000 0.000000 0.000000
13 1330.066000 1046.334000 0.000000 0.000000
14 1351.279000 1022.468000 0.000000 0.000000
15 1270.898800 1026.562000 2.216510 2.008463
16 1321.518000 1033.799944 0.000000 -0.002000
17 1265.580944 1048.015681 -1.006232 0.634146
18 1288.232326 1035.459123 4.961143 5.133182
19 1262.217000 1081.462000 0.000000 0.000000
20 1340.560000 1102.069000 0.000000 0.000000
21 1279.399681 1031.045035 4.651071 4.843115
22 1244.346753 1095.290183 1.282295 -0.854197
23 1325.647000 1026.158000 0.000000 0.000000
24 1342.828000 1030.123000 0.000000 0.000000
25 1329.005000 1049.565000 0.000000 0.000000
26 1319.410000 1031.387000 0.000000 0.000000
27 1365.086056 1014.885056 0.002000 0.002000
28 1300.669621 1035.756386 1.098253 0.982226
29 1340.119888 1032.574000 -0.004001 0.000000
30 1273.893000 1072.523000 0.000000 0.000000
31 1335.042000 1037.999000 0.000000 0.000000
32 1299.330004 1035.519729 1.040240 0.564130
33 1326.916000 1029.509000 0.000000 0.000000
34 1264.560000 1079.653000 0.000000 0.000000
35 1280.851908 1038.209736 3.690850 5.155187
36 1278.856314 1025.200924 2.844655 2.830652
37 1266.882000 1077.846000 0.000000 0.000000
38 1295.030848 1034.271470 1.142263 0.734169
39 1198.741174 1109.538670 9.618215 -7.005613
40 1333.186000 1040.597000 0.000000 0.000000

5 35 1535489298.015510
1316.378186 1038.593685 2.413858
1 1277.904064 1072.339128 -0.002000 -0.004001
2 1276.423064 1070.932000 -0.002000 0.000000
3 1300.939159 1038.125423 1.060244 0.206047
4 1331.484000 1043.453000 0.000000 0.000000
5 1337.482000 1035.208000 0.000000 0.000000
6 1301.491649 1038.280614 0.982226 0.294068
7 1334.824000 1094.850000 0.000000 0.000000
8 1330.066000 1046.334000 0.000000 0.000000
9 1351.279000 1022.468000 0.000000 0.000000
10 1265.138117 1048.294759 -1.006232 0.634146
11 1290.415651 1037.718160 4.961143 5.133182
12 1262.217000 1081.462000 0.000000 0.000000
13 1281.446548 1033.176418 4.651071 4.843115
14 1244.911072 1094.914264 1.282295 -0.854197
15 1325.647000 1026.158000 0.000000 0.000000
16 1342.828000 1030.123000 0.000000 0.000000
17 1319.410000 1031.387000 0.000000 0.000000
18 1365.086936 1014.885936 0.002000 0.002000
19 1301.152946 1036.188649 1.098253 0.982226
20 1340.118128 1032.574000 -0.004001 0.000000
21 1273.893000 1072.523000 0.000000 0.000000
22 1335.042000 1037.999000 0.000000 0.000000
23 1345.406000 1027.941000 0.000000 0.000000
24 1299.787798 1035.767994 1.040240 0.564130
25 1195.618971 1112.852199 6.987609 -4.831113
26 1326.916000 1029.509000 0.000000 0.000000
27 1264.560000 1079.653000 0.000000 0.000000
28 1282.476196 1040.478458 3.690850 5.155187
29 1280.108205 1026.446652 2.844655 2.830652
30 1266.882000 1077.846000 0.000000 0.000000
31 1295.533541 1034.594567 1.142263 0.734169
32 1202.974008 1106.455604 9.618215 -7.005613
33 1243.749455 1061.581437 1.270293 -1.110256
34 1333.186000 1040.597000 0.000000 0.000000
35 1313.096000 1036.989000 0.000000 0.000000

6 29 1535489298.525723
1316.378192 1038.593684 2.413947
1 1277.902086 1072.336129 -0.004001 -0.006002
2 1276.422043 1070.932000 -0.002001 0.000000
3 1301.464822 1038.289881 1.028281 0.330090
4 1328.425000 1052.566000 0.000000 0.000000
5 1331.484000 1043.453000 0.000000 0.000000
6 1301.964109 1038.518688 0.922252 0.478131
7 1334.824000 1094.850000 0.000000 0.000000
8 1330.066000 1046.334000 0.000000 0.000000
9 1351.279000 1022.468000 0.000000 0.000000
10 1273.122885 1028.746253 2.462674 2.584707
11 1321.518957 1033.799000 0.002001 0.000000
12 1264.393145 1048.823088 -1.490408 1.062291
13 1257.167173 1029.016043 -0.008002 -0.002001
14 1292.946993 1040.336326 4.961358 5.131404
15 1262.217000 1081.462000 0.000000 0.000000
16 1340.560000 1102.069000 0.000000 0.000000
17 1245.565342 1094.478424 1.282351 -0.854234
18 1342.828000 1030.123000 0.000000 0.000000
19 1319.410000 1031.387000 0.000000 0.000000
20 1335.042000 1037.999000 0.000000 0.000000
21 1199.185241 1110.387202 6.989913 -4.831322
22 1326.916000 1029.509000 0.000000 0.000000
23 1284.438811 1043.492505 3.857056 5.957631
24 1266.882000 1077.846000 0.000000 0.000000
25 1296.105837 1034.984474 1.120307 0.766210
26 1207.815522 1103.136584 9.480595 -6.471771
27 1244.361241 1061.040782 1.194327 -1.056289
28 1297.739434 1036.332568 1.046286 0.808221
29 1333.186000 1040.597000 0.000000 0.000000

7 42 1535489299.035843
1316.378201 1038.593679 2.413926
1 1295.221798 1032.148229 0.810146 0.508092
2 1298.538026 1034.958866 1.054190 0.628113
3 1315.852463 1059.885463 2.336421 2.336421
4 1277.900045 1072.334045 -0.004001 -0.004001
5 1276.421023 1070.932000 -0.002000 0.000000
6 1331.381000 1089.942000 0.000000 0.000000
7 1301.967822 1038.514933 0.984177 0.446080
8 1331.484000 1043.453000 0.000000 0.000000
9 1302.435503 1038.762570 0.924167 0.478086
10 1334.824000 1094.850000 0.000000 0.000000
11 1330.066000 1046.334000 0.000000 0.000000
12 1351.279000 1022.468000 0.000000 0.000000
13 1274.767012 1030.798583 3.256587 4.086737
14 1321.519977 1033.798023 0.002000 -0.002000
15 1263.632927 1049.364936 -1.490269 1.062191
16 1257.163091 1029.015023 -0.008001 -0.002000
17 1295.707315 1043.170679 5.430979 5.575005
18 1262.217000 1081.462000 0.000000 0.000000
19 1340.560000 1102.069000 0.000000 0.000000
20 1287.076245 1039.502273 5.084917 6.579186
21 1325.647000 1026.158000 0.000000 0.000000
22 1342.828000 1030.123000 0.000000 0.000000
23 1329.005000 1049.565000 0.000000 0.000000
24 1319.410000 1031.387000 0.000000 0.000000
25 1365.088000 1014.889955 0.000000 0.004001
26 1302.300254 1036.920980 1.122202 0.706127
27 1340.115045 1032.574000 -0.004001 0.000000
28 1273.893000 1072.523000 0.000000 0.000000
29 1335.042000 1037.999000 0.000000 0.000000
30 1345.406000 1027.941000 0.000000 0.000000
31 1300.982708 1036.548684 0.906163 0.556100
32 1202.749639 1107.922869 6.987259 -4.830871
33 1264.560000 1079.653000 0.000000 0.000000
34 1285.551076 1046.773705 2.106380 6.453163
35 1284.590539 1031.455472 4.442801 4.976897
36 1266.882000 1077.846000 0.000000 0.000000
37 1296.730050 1035.278547 1.228221 0.568102
38 1212.651329 1099.833545 9.479709 -6.475167
39 1244.922549 1060.539133 1.096198 -0.980177
40 1298.273117 1036.744821 1.046189 0.808146
41 1333.186000 1040.597000 0.000000 0.000000
42 1313.096000 1036.989000 0.000000 0.000000

8 37 1535489299.546035
1316.378202 1038.593682 2.413968
1 1299.075923 1035.279358 1.054304 0.628181
2 1316.904898 1061.158447 2.056592 2.498720
3 1277.899002 1072.332004 -0.002001 -0.004001
4 1276.419004 1070.932000 -0.004001 0.000000
5 1331.381000 1089.942000 0.000000 0.000000
6 1328.425000 1052.566000 0.000000 0.000000
7 1331.484000 1043.453000 0.000000 0.000000
8 1337.482000 1035.208000 0.000000 0.000000
9 1302.906058 1039.005513 0.922266 0.476137
10 1334.824000 1094.850000 0.000000 0.000000
11 1330.066000 1046.334000 0.000000 0.000000
12 1351.279000 1022.468000 0.000000 0.000000
13 1276.428672 1032.883823 3.256938 4.087177
14 1321.520000 1033.797002 0.000000 -0.002001
15 1263.005251 1049.837058 -1.224353 0.922266
16 1257.159008 1029.014002 -0.008002 -0.002001
17 1298.805779 1046.276767 6.087753 6.099757
18 1340.560000 1102.069000 0.000000 0.000000
19 1290.071982 1042.492029 5.889696 5.843683
20 1246.845749 1093.587910 1.224353 -0.890256
21 1325.647000 1026.158000 0.000000 0.000000
22 1342.828000 1030.123000 0.000000 0.000000
23 1329.005000 1049.565000 0.000000 0.000000
24 1302.989614 1037.375086 1.356391 0.894258
25 1340.114002 1032.574000 -0.002001 0.000000
26 1335.042000 1037.999000 0.000000 0.000000
27 1345.406000 1027.941000 0.000000 0.000000
28 1301.542874 1036.917258 1.102317 0.726209
29 1326.916000 1029.509000 0.000000 0.000000
30 1286.479148 1050.142250 1.812522 6.605903
31 1266.882000 1077.846000 0.000000 0.000000
32 1297.356745 1035.568419 1.228354 0.568164
33 1218.087085 1095.949805 10.681076 -7.638200
34 1245.488865 1060.362339 1.110320 -0.332096
35 1298.866808 1037.052389 1.166336 0.598172
36 1333.186000 1040.597000 0.000000 0.000000
37 1313.096000 1036.989000 0.000000 0.000000

9 41 1535489300.056156
1316.378213 1038.593675 2.414045
1 1296.259301 1032.851001 1.226351 0.868248
2 1299.613715 1035.599789 1.054302 0.628180
3 1318.106979 1062.387343 2.276651 2.424694
4 1246.431249 1017.521120 -0.190054 -0.204058
5 1276.417982 1070.932000 -0.002001 0.000000
6 1331.381000 1089.942000 0.000000 0.000000
7 1302.955945 1039.110438 0.862247 0.590169
8 1328.425000 1052.566000 0.000000 0.000000
9 1331.484000 1043.453000 0.000000 0.000000
10 1337.482000 1035.208000 0.000000 0.000000
11 1330.066000 1046.334000 0.000000 0.000000
12 1278.097460 1034.969769 4.065163 4.207204
13 1321.521000 1033.796982 0.000000 -0.002001
14 1262.381736 1050.308517 -1.222350 0.924264
15 1257.155926 1029.013000 -0.008002 0.000000
16 1302.084900 1049.644255 6.825953 7.190057
17 1262.217000 1081.462000 0.000000 0.000000
18 1293.110577 1045.301697 5.705632 6.369822
19 1247.471282 1093.132796 1.224350 -0.890255
20 1325.647000 1026.158000 0.000000 0.000000
21 1329.005000 1049.565000 0.000000 0.000000
22 1239.214576 1012.077650 -0.046013 -0.038011
23 1319.410000 1031.387000 0.000000 0.000000
24 1365.089018 1014.894037 0.002001 0.004001
25 1303.417651 1037.809010 0.830238 0.652187
26 1340.111982 1032.573000 -0.002001 0.000000
27 1335.042000 1037.999000 0.000000 0.000000
28 1345.406000 1027.941000 0.000000 0.000000
29 1209.642080 1102.880452 6.519865 -5.051445
30 1333.004000 1019.419000 0.000000 0.000000
31 1326.916000 1029.509000 0.000000 0.000000
32 1264.560000 1079.653000 0.000000 0.000000
33 1286.174250 1053.630048 -4.205203 7.276082
34 1291.028554 1038.175932 6.245787 6.069737
35 1266.882000 1077.846000 0.000000 0.000000
36 1297.983319 1035.858254 1.228351 0.570163
37 1223.047395 1092.882474 8.290372 -5.157476
38 1246.083729 1059.986179 1.164333 -0.740212
39 1279.250836 1030.902200 6.601889 6.749931
40 1333.186000 1040.597000 0.000000 0.000000
41 1313.096000 1036.989000 0.000000 0.000000

10 43 1535489300.566393
1316.378215 1038.593676 2.414061
1 1296.885002 1033.293993 1.224910 0.867228
2 1319.267149 1063.623046 2.202040 2.349908
3 1246.340897 1017.424132 0.147868 0.159858
4 1276.416961 1070.932000 -0.001998 0.000000
5 1331.381000 1089.942000 0.000000 0.000000
6 1303.395054 1039.415270 0.819271 0.779306
7 1328.425000 1052.566000 0.000000 0.000000
8 1331.484000 1043.453000 0.000000 0.000000
9 1337.482000 1035.208000 0.000000 0.000000
10 1303.926876 1039.787855 0.861233 0.911189
11 1334.824000 1094.850000 0.000000 0.000000
12 1330.066000 1046.334000 0.000000 0.000000
13 1351.279000 1022.468000 0.000000 0.000000
14 1280.160756 1037.139914 3.508876 5.405188
15 1321.521039 1033.796000 0.001998 0.000000
16 1261.758037 1050.780090 -1.222911 0.923178
17 1257.151843 1029.012961 -0.007993 -0.001998
18 1305.560157 1053.319732 6.438268 7.539288
19 1262.217000 1081.462000 0.000000 0.000000
20 1296.028444 1048.544896 6.044619 6.016644
21 1248.096041 1092.678498 1.226908 -0.893205
22 1325.647000 1026.158000 0.000000 0.000000
23 1342.828000 1030.123000 0.000000 0.000000
24 1329.005000 1049.565000 0.000000 0.000000
25 1239.191099 1012.058217 -0.045959 -0.039964
26 1319.410000 1031.387000 0.000000 0.000000
27 1365.090039 1014.896078 0.001998 0.003996
28 1303.852683 1038.150966 1.412742 1.121002
29 1340.110922 1032.573000 -0.003996 0.000000
30 1273.893000 1072.522000 0.000000 0.000000
31 1335.042000 1037.999000 0.000000 0.000000
32 1345.406000 1027.941000 0.000000 0.000000
33 1302.955267 1037.606029 0.881215 0.971135
34 1333.004000 1019.419000 0.000000 0.000000
35 1264.560000 1079.653000 0.000000 0.000000
36 1284.011820 1057.331443 -5.061494 6.708028
37 1294.220136 1041.282193 6.488224 6.542176
38 1298.610080 1036.149120 1.228906 0.567495
39 1227.277493 1090.250902 8.292617 -5.159407
40 1300.055866 1037.663746 1.166961 0.599466
41 1282.599438 1034.330486 5.585028 5.944708
42 1333.186000 1040.597000 0.000000 0.000000
43 1313.096000 1036.989000 0.000000 0.000000

11 41 1535489301.077553
1316.378213 1038.593680 2.414007
1 1297.511170 1033.737377 1.226334 0.870237
2 1300.784352 1036.169917 1.232336 0.492134
3 1320.402220 1064.824490 2.514685 2.358642
4 1246.414971 1017.504153 0.098027 0.104028
5 1277.893879 1072.324818 -0.004001 -0.006002
6 1276.415939 1070.932000 -0.002001 0.000000
7 1331.381000 1089.942000 0.000000 0.000000
8 1303.813922 1039.813588 0.822224 0.778212
9 1328.425000 1052.566000 0.000000 0.000000
10 1331.484000 1043.453000 0.000000 0.000000
11 1275.960704 1026.618534 4.477219 5.263433
12 1304.360586 1040.247162 0.646176 0.698190
13 1334.824000 1094.850000 0.000000 0.000000
14 1330.066000 1046.334000 0.000000 0.000000
15 1341.083424 1013.720576 0.014004 -0.014004
16 1281.931557 1039.883921 2.756751 4.781302
17 1321.522061 1033.795939 0.002001 -0.002001
18 1261.132891 1051.251953 -1.224333 0.922251
19 1257.147757 1029.011939 -0.008002 -0.002001
20 1308.864771 1057.195125 6.887875 8.252247
21 1262.217000 1081.462000 0.000000 0.000000
22 1325.647000 1026.158000 0.000000 0.000000
23 1329.005000 1049.565000 0.000000 0.000000
24 1239.167605 1012.037848 -0.046013 -0.038010
25 1365.091000 1014.898121 0.000000 0.004001
26 1304.567836 1038.717893 1.182322 0.920251
27 1340.108879 1032.573000 -0.004001 0.000000
28 1273.893000 1072.522000 0.000000 0.000000
29 1335.042000 1037.999000 0.000000 0.000000
30 1345.406000 1027.941000 0.000000 0.000000
31 1303.405741 1038.102409 0.882240 0.970264
32 1216.302614 1097.720893 6.519775 -5.051375
33 1326.916000 1029.509000 0.000000 0.000000
34 1264.560000 1079.653000 0.000000 0.000000
35 1266.882000 1077.846000 0.000000 0.000000
36 1299.236108 1036.438432 1.158315 0.542148
37 1231.516277 1087.613680 8.290257 -5.157404
38 1247.252078 1059.174351 1.124306 -0.846230
39 1285.462786 1037.378792 5.865597 6.261705
40 1333.186000 1040.597000 0.000000 0.000000
41 1313.096000 1036.989000 0.000000 0.000000

12 40 1535489301.516659
1316.378217 1038.593677 2.414071
1 1298.049661 1034.119503 1.226334 0.870237
2 1301.325478 1036.386016 1.232336 0.492134
3 1321.506433 1065.860184 2.514685 2.358642
4 1246.458015 1017.549833 0.098027 0.104028
5 1277.892122 1072.322183 -0.004001 -0.006002
6 1331.381000 1089.942000 0.000000 0.000000
7 1328.425000 1052.566000 0.000000 0.000000
8 1331.484000 1043.453000 0.000000 0.000000
9 1337.482000 1035.208000 0.000000 0.000000
10 1277.926678 1028.929739 4.477219 5.263433
11 1304.644325 1040.553742 0.646176 0.698190
12 1334.824000 1094.850000 0.000000 0.000000
13 1330.066000 1046.334000 0.000000 0.000000
14 1351.279000 1022.468000 0.000000 0.000000
15 1321.522939 1033.795061 0.002001 -0.002001
16 1260.595278 1051.656919 -1.224333 0.922251
17 1257.144244 1029.011061 -0.008002 -0.002001
18 1311.889278 1060.818736 6.887875 8.252247
19 1262.217000 1081.462000 0.000000 0.000000
20 1301.896882 1054.552953 6.309718 6.635807
21 1249.260722 1091.831106 1.224333 -0.890242
22 1325.647000 1026.158000 0.000000 0.000000
23 1342.828000 1030.123000 0.000000 0.000000
24 1329.005000 1049.565000 0.000000 0.000000
25 1239.147401 1012.021157 -0.046013 -0.038010
26 1365.091000 1014.899878 0.000000 0.004001
27 1305.087001 1039.121980 1.182322 0.920251
28 1340.107122 1032.573000 -0.004001 0.000000
29 1335.042000 1037.999000 0.000000 0.000000
30 1345.406000 1027.941000 0.000000 0.000000
31 1219.165486 1095.502804 6.519775 -5.051375
32 1333.004000 1019.419000 0.000000 0.000000
33 1264.560000 1079.653000 0.000000 0.000000
34 1278.835865 1063.393983 -5.841591 6.043646
35 1300.385461 1047.499755 6.487766 6.543782
36 1299.744732 1036.676493 1.158315 0.542148
37 1247.745767 1058.802766 1.124306 -0.846230
38 1301.164488 1038.232787 1.166318 0.598163
39 1288.038405 1040.128344 5.865597 6.261705
40 1333.186000 1040.597000 0.000000 0.000000

13 40 1535489302.031330
1316.378208 1038.593687 2.413918
1 1301.958736 1036.639294 1.230293 0.492117
2 1322.760911 1067.115723 2.432579 2.444582
3 1246.508465 1017.604340 0.098023 0.106025
4 1276.414031 1070.932000 -0.002000 0.000000
5 1331.381000 1089.942000 0.000000 0.000000
6 1304.597157 1040.555815 0.820195 0.778185
7 1331.484000 1043.453000 0.000000 0.000000
8 1337.482000 1035.208000 0.000000 0.000000
9 1280.889599 1032.264354 5.837389 6.555560
10 1334.824000 1094.850000 0.000000 0.000000
11 1330.066000 1046.334000 0.000000 0.000000
12 1341.097749 1013.708188 0.016004 -0.012003
13 1351.279000 1022.468000 0.000000 0.000000
14 1284.444595 1044.542942 2.516599 4.985186
15 1321.523000 1033.795000 0.000000 0.000000
16 1259.966139 1052.132529 -1.222291 0.924220
17 1257.140125 1029.010031 -0.008002 -0.002000
18 1315.434154 1065.065792 6.887639 8.251963
19 1305.090929 1057.997161 6.199475 6.695593
20 1249.891799 1091.371970 1.226292 -0.892212
21 1325.647000 1026.158000 0.000000 0.000000
22 1342.828000 1030.123000 0.000000 0.000000
23 1239.123720 1012.001595 -0.046011 -0.038009
24 1305.727454 1039.336955 1.248297 0.386092
25 1340.106031 1032.573000 -0.002000 0.000000
26 1273.893000 1072.521031 0.000000 -0.002000
27 1335.042000 1037.999000 0.000000 0.000000
28 1304.540695 1039.055900 1.488354 1.028245
29 1222.521886 1092.903091 6.521552 -5.051202
30 1333.004000 1019.419000 0.000000 0.000000
31 1326.916000 1029.509000 0.000000 0.000000
32 1264.560000 1079.653000 0.000000 0.000000
33 1275.494302 1066.137244 -6.533555 5.285258
34 1303.717638 1050.996376 6.473540 6.809620
35 1266.882000 1077.846000 0.000000 0.000000
36 1300.341833 1036.956480 1.160276 0.544129
37 1248.323428 1058.415684 1.122267 -0.746178
38 1301.763770 1038.558071 1.164277 0.634151
39 1291.715860 1044.037750 7.225719 7.679827
40 1333.186000 1040.597000 0.000000 0.000000

14 42 1535489302.542074
1316.378207 1038.593689 2.413961
1 1302.587408 1036.890368 1.230914 0.491566
2 1323.960437 1068.406453 2.345931 2.529768
3 1246.557486 1017.657444 0.095915 0.103908
4 1277.889011 1072.318021 -0.001998 -0.003996
5 1276.413011 1070.932000 -0.001998 0.000000
6 1304.999784 1040.992409 0.787305 0.857244
7 1328.425000 1052.566000 0.000000 0.000000
8 1283.870743 1035.612891 5.836851 6.556216
9 1334.824000 1094.850000 0.000000 0.000000
10 1330.066000 1046.334000 0.000000 0.000000
11 1351.279000 1022.468000 0.000000 0.000000
12 1285.290279 1047.162510 1.628563 5.133472
13 1321.523989 1033.794011 0.001998 -0.001998
14 1257.136043 1029.009011 -0.007993 -0.001998
15 1318.951125 1069.280806 6.885926 8.252720
16 1262.217000 1081.462000 0.000000 0.000000
17 1307.763146 1061.030326 5.201412 5.914782
18 1250.517440 1090.916773 1.224919 -0.891214
19 1325.647000 1026.158000 0.000000 0.000000
20 1329.005000 1049.565000 0.000000 0.000000
21 1239.132893 1012.008914 0.019982 0.015986
22 1319.410000 1031.387000 0.000000 0.000000
23 1365.092000 1014.902979 0.000000 0.003996
24 1306.333654 1039.902943 1.184955 1.131002
25 1273.893000 1072.521000 0.000000 0.000000
26 1335.042000 1037.999000 0.000000 0.000000
27 1345.406000 1027.941000 0.000000 0.000000
28 1305.118997 1039.598307 1.121011 1.063062
29 1225.853073 1090.323052 6.522246 -5.051544
30 1333.004000 1019.419000 0.000000 0.000000
31 1326.916000 1029.509000 0.000000 0.000000
32 1264.560000 1079.653000 0.000000 0.000000
33 1271.862180 1068.423169 -7.129711 4.450074
34 1307.320130 1054.656563 7.071762 7.177668
35 1266.882000 1077.846000 0.000000 0.000000
36 1300.908072 1037.378527 1.107023 0.835263
37 1243.641784 1080.031918 8.256716 -5.213401
38 1248.896986 1058.035981 1.123009 -0.743344
39 1302.357772 1038.881608 1.162974 0.633441
40 1295.178767 1047.505788 6.766031 6.762035
41 1333.186000 1040.597000 0.000000 0.000000
42 1313.096000 1036.989000 0.000000 0.000000

15 45 1535489303.052152
1316.378213 1038.593685 2.414007
1 1299.775707 1035.246035 1.178145 0.832956
2 1325.039226 1069.816413 2.111156 2.769016
3 1246.606527 1017.709491 -0.097553 -0.105058
4 1276.411988 1070.932000 -0.002501 0.000000
5 1331.381000 1089.942000 0.000000 0.000000
6 1305.334914 1041.290217 0.807942 0.870477
7 1328.425000 1052.566000 0.000000 0.000000
8 1331.484000 1043.453000 0.000000 0.000000
9 1337.482000 1035.208000 0.000000 0.000000
10 1286.955947 1039.059509 5.563046 6.298449
11 1305.778817 1041.704107 0.787931 0.847964
12 1330.066000 1046.334000 0.000000 0.000000
13 1341.112073 1013.695939 0.015008 -0.012507
14 1351.279000 1022.468000 0.000000 0.000000
15 1285.704164 1049.743454 -0.172595 6.493555
16 1321.524012 1033.793000 0.002501 0.000000
17 1258.718075 1053.075471 -1.223170 0.923005
18 1257.132964 1029.008988 -0.007504 -0.002501
19 1322.616823 1073.665669 7.188936 8.602210
20 1262.217000 1081.462000 0.000000 0.000000
21 1310.329615 1064.121964 4.875169 6.185887
22 1251.142937 1090.461687 1.225671 -0.890488
23 1325.647000 1026.158000 0.000000 0.000000
24 1342.828000 1030.123000 0.000000 0.000000
25 1329.005000 1049.565000 0.000000 0.000000
26 1239.143097 1012.018073 0.020011 0.015008
27 1319.410000 1031.387000 0.000000 0.000000
28 1365.093000 1014.905024 0.000000 0.005003
29 1306.899355 1040.443137 1.105605 1.060581
30 1273.893000 1072.521000 0.000000 0.000000
31 1335.042000 1037.999000 0.000000 0.000000
32 1229.178600 1087.745537 6.523572 -5.050265
33 1333.004000 1019.419000 0.000000 0.000000
34 1326.916000 1029.509000 0.000000 0.000000
35 1264.560000 1079.653000 0.000000 0.000000
36 1269.076634 1070.391672 -5.442980 3.854611
37 1310.632546 1058.212568 6.305953 7.136407
38 1266.882000 1077.846000 0.000000 0.000000
39 1301.472355 1037.805059 1.105605 0.837959
40 1247.571706 1077.530967 8.196988 -5.167830
41 1249.469440 1057.655389 1.123115 -0.745408
42 1302.950326 1039.204526 0.892989 0.727899
43 1333.186000 1040.597000 0.000000 0.000000
44 1313.096000 1036.989000 0.000000 0.000000
45 1251.934000 1023.237000 0.000000 0.000000

16 43 1535489303.422281
1316.378219 1038.593681 2.414021
1 1300.211773 1035.554336 1.178145 0.832956
2 1303.609565 1037.405439 1.065583 0.707888
3 1325.820627 1070.841306 2.111156 2.769016
4 1246.570420 1017.670606 -0.097553 -0.105058
5 1277.885124 1072.314062 -0.005003 -0.002501
6 1276.411062 1070.932000 -0.002501 0.000000
7 1331.381000 1089.942000 0.000000 0.000000
8 1305.633957 1041.612405 0.807942 0.870477
9 1328.425000 1052.566000 0.000000 0.000000
10 1331.484000 1043.453000 0.000000 0.000000
11 1337.482000 1035.208000 0.000000 0.000000
12 1289.014992 1041.390749 5.563046 6.298449
13 1306.070453 1042.017964 0.787931 0.847964
14 1330.066000 1046.334000 0.000000 0.000000
15 1341.117628 1013.691310 0.015008 -0.012507
16 1351.279000 1022.468000 0.000000 0.000000
17 1285.640282 1052.146908 -0.172595 6.493555
18 1321.524938 1033.793000 0.002501 0.000000
19 1257.130186 1029.008062 -0.007504 -0.002501
20 1325.277657 1076.849597 7.188936 8.602210
21 1262.217000 1081.462000 0.000000 0.000000
22 1251.596594 1090.132091 1.225671 -0.890488
23 1342.828000 1030.123000 0.000000 0.000000
24 1329.005000 1049.565000 0.000000 0.000000
25 1239.150504 1012.023628 0.020011 0.015008
26 1319.410000 1031.387000 0.000000 0.000000
27 1307.308572 1040.835689 1.105605 1.060581
28 1340.102062 1032.572000 -0.002501 0.000000
29 1273.893000 1072.521000 0.000000 0.000000
30 1335.042000 1037.999000 0.000000 0.000000
31 1345.406000 1027.941000 0.000000 0.000000
32 1306.105200 1040.534565 1.120614 1.065583
33 1231.593164 1085.876287 6.523572 -5.050265
34 1333.004000 1019.419000 0.000000 0.000000
35 1264.560000 1079.653000 0.000000 0.000000
36 1267.062029 1071.818375 -5.442980 3.854611
37 1312.966562 1060.853961 6.305953 7.136407
38 1266.882000 1077.846000 0.000000 0.000000
39 1301.881572 1038.115212 1.105605 0.837959
40 1250.605650 1075.618203 8.196988 -5.167830
41 1249.885138 1057.379492 1.123115 -0.745408
42 1303.280847 1039.473942 0.892989 0.727899
43 1251.934000 1023.237000 0.000000 0.000000

17 43 1535489303.932469
1316.378209 1038.593690 2.413957
1 1300.806116 1035.986699 1.164275 0.848200
2 1304.146740 1037.776440 1.052248 0.728172
3 1326.937204 1072.496596 2.192518 3.268772
4 1246.519451 1017.616538 -0.100024 -0.106025
5 1277.884029 1072.311087 -0.002000 -0.006001
6 1276.409058 1070.932000 -0.004001 0.000000
7 1331.381000 1089.942000 0.000000 0.000000
8 1306.016179 1041.913645 0.746176 0.576136
9 1328.425000 1052.566000 0.000000 0.000000
10 1331.484000 1043.453000 0.000000 0.000000
11 1337.482000 1035.208000 0.000000 0.000000
12 1292.842758 1045.222194 7.601794 7.571787
13 1335.348334 1095.407348 1.080255 1.148271
14 1330.066000 1046.334000 0.000000 0.000000
15 1341.125768 1013.685174 0.016004 -0.012003
16 1351.279000 1022.468000 0.000000 0.000000
17 1285.261198 1055.049102 -0.772182 5.647333
18 1321.525971 1033.792029 0.002000 -0.002000
19 1257.611625 1053.854612 -1.284303 0.854202
20 1328.944764 1081.237282 7.187697 8.600030
21 1262.217000 1081.462000 0.000000 0.000000
22 1314.544592 1069.626528 4.717113 6.307489
23 1252.245520 1089.617709 1.274301 -1.014239
24 1342.828000 1030.123000 0.000000 0.000000
25 1329.005000 1049.565000 0.000000 0.000000
26 1319.410000 1031.387000 0.000000 0.000000
27 1365.093971 1014.908942 0.002000 0.004001
28 1307.873928 1041.375653 1.108262 1.058250
29 1340.100058 1032.572000 -0.004001 0.000000
30 1273.893000 1072.521000 0.000000 0.000000
31 1345.406000 1027.941000 0.000000 0.000000
32 1234.856339 1083.468205 6.389508 -4.703110
33 1326.916000 1029.509000 0.000000 0.000000
34 1264.560000 1079.653000 0.000000 0.000000
35 1316.081604 1064.478011 6.095439 7.101676
36 1266.882000 1077.846000 0.000000 0.000000
37 1254.788113 1072.980964 8.197935 -5.169220
38 1250.457725 1056.999792 1.122265 -0.744176
39 1303.736061 1039.844469 0.892211 0.726171
40 1304.512005 1056.837034 6.481530 6.479529
41 1333.186000 1040.597000 0.000000 0.000000
42 1313.096000 1036.989000 0.000000 0.000000
43 1251.934000 1023.237000 0.000000 0.000000

18 33 1535489304.442643
1316.378204 1038.593696 2.413898
1 1301.388207 1036.435300 1.140285 0.880220
2 1328.054793 1074.163269 2.190547 3.266816
3 1246.469412 1017.562446 -0.098024 -0.106026
4 1276.408008 1070.932000 -0.002000 0.000000
5 1331.381000 1089.942000 0.000000 0.000000
6 1306.455368 1042.347393 0.864216 0.858214
7 1328.425000 1052.566000 0.000000 0.000000
8 1331.484000 1043.453000 0.000000 0.000000
9 1336.000602 1096.111173 1.284321 1.386346
10 1330.066000 1046.334000 0.000000 0.000000
11 1341.132941 1013.678059 0.014003 -0.014003
12 1321.526000 1033.792000 0.000000 0.000000
13 1257.036717 1054.381636 -1.122280 1.038259
14 1257.122034 1029.006008 -0.008002 -0.002000
15 1329.005000 1049.565000 0.000000 0.000000
16 1239.170916 1012.040933 0.020005 0.016004
17 1319.410000 1031.387000 0.000000 0.000000
18 1365.094992 1014.909992 0.002000 0.002000
19 1308.543459 1041.911586 1.318329 1.050262
20 1340.099008 1032.572000 -0.002000 0.000000
21 1273.893000 1072.520008 0.000000 -0.002000
22 1335.042000 1037.999000 0.000000 0.000000
23 1345.406000 1027.941000 0.000000 0.000000
24 1307.262233 1041.718115 1.134283 1.162290
25 1326.916000 1029.509000 0.000000 0.000000
26 1319.241951 1068.304427 6.197549 7.511877
27 1266.882000 1077.846000 0.000000 0.000000
28 1258.102900 1070.768128 6.447611 -4.313078
29 1251.183980 1056.540801 1.432358 -0.904226
30 1307.640271 1060.039640 6.121530 6.271567
31 1333.186000 1040.597000 0.000000 0.000000
32 1313.096000 1036.989000 0.000000 0.000000
33 1251.934000 1023.237000 0.000000 0.000000

19 42 1535489304.952858
1316.378212 1038.593689 2.413974
1 1301.970375 1036.884932 1.140265 0.882205
2 1305.191648 1038.560384 1.010235 0.784182
3 1328.979793 1075.547652 1.930448 2.620609
4 1246.489235 1017.584246 0.042010 0.044010
5 1277.879989 1072.306966 -0.002000 -0.006001
6 1276.406989 1070.932000 -0.002000 0.000000
7 1331.386704 1089.949303 1.020237 1.306303
8 1306.906847 1042.771534 0.688160 0.632147
9 1328.425000 1052.566000 0.000000 0.000000
10 1331.484000 1043.453000 0.000000 0.000000
11 1337.482000 1035.208000 0.000000 0.000000
12 1299.937108 1052.430338 6.279458 6.499509
13 1307.350212 1043.169948 0.932216 0.706164
14 1336.661600 1096.826692 2.432565 2.806652
15 1330.066000 1046.334000 0.000000 0.000000
16 1282.919546 1060.435632 -3.300767 5.121189
17 1256.338278 1054.749503 -1.202279 0.984229
18 1257.117955 1029.005000 -0.008002 0.000000
19 1262.217000 1081.462000 0.000000 0.000000
20 1318.860833 1075.959611 3.010699 3.328773
21 1325.647000 1026.158000 0.000000 0.000000
22 1342.828000 1030.123000 0.000000 0.000000
23 1239.181112 1012.049089 0.020005 0.016004
24 1319.410000 1031.387000 0.000000 0.000000
25 1283.055971 1035.365022 6.791577 7.873828
26 1309.027290 1042.427671 0.946220 1.014236
27 1340.096978 1032.571000 -0.004001 0.000000
28 1273.893000 1072.520000 0.000000 0.000000
29 1335.042000 1037.999000 0.000000 0.000000
30 1345.406000 1027.941000 0.000000 0.000000
31 1241.377734 1078.669705 6.391484 -4.703092
32 1326.916000 1029.509000 0.000000 0.000000
33 1264.560000 1079.653000 0.000000 0.000000
34 1322.402157 1072.140006 6.109419 8.049869
35 1266.882000 1077.846000 0.000000 0.000000
36 1303.590364 1039.325915 1.138264 0.700163
37 1261.392047 1068.566886 6.447497 -4.313002
38 1304.611608 1040.626496 0.824191 0.804187
39 1310.443210 1063.460723 4.509047 6.389484
40 1333.186000 1040.597000 0.000000 0.000000
41 1313.096000 1036.989000 0.000000 0.000000
42 1251.934000 1023.237000 0.000000 0.000000

20 38 1535489305.468000
1316.378203 1038.593698 2.413842
1 1302.558358 1037.342689 1.168308 1.040274
2 1305.708935 1038.966227 0.860227 0.874231
3 1329.976793 1076.895762 2.052541 2.530667
4 1246.510876 1017.606918 0.042011 0.044012
5 1307.267187 1043.100267 0.968255 0.780206
6 1337.482000 1035.208000 0.000000 0.000000
7 1303.172550 1055.772882 6.309664 6.229643
8 1307.828434 1043.535934 0.836221 0.812214
9 1337.922976 1098.282695 2.828746 3.294869
10 1341.148292 1013.665750 0.014004 -0.012003
11 1351.279000 1022.468000 0.000000 0.000000
12 1281.185396 1063.062138 -4.921298 4.563203
13 1321.527042 1033.790958 0.002001 -0.002001
14 1255.717139 1055.253726 -1.288340 0.850224
15 1257.113833 1029.004958 -0.008002 -0.002001
16 1262.217000 1081.462000 0.000000 0.000000
17 1320.436297 1077.727791 4.187104 5.889553
18 1325.647000 1026.158000 0.000000 0.000000
19 1329.005000 1049.565000 0.000000 0.000000
20 1239.191417 1012.057375 0.020005 0.018005
21 1286.564112 1039.411532 7.247911 7.411954
22 1309.512434 1042.947978 0.836221 0.910240
23 1340.094958 1032.571000 -0.002001 0.000000
24 1273.893000 1072.520000 0.000000 0.000000
25 1335.042000 1037.999000 0.000000 0.000000
26 1308.538647 1042.923356 1.038274 1.072283
27 1244.670218 1076.246984 6.389685 -4.701240
28 1333.004000 1019.419000 0.000000 0.000000
29 1264.560000 1079.653000 0.000000 0.000000
30 1325.549379 1076.286795 6.109611 8.048122
31 1266.882000 1077.846000 0.000000 0.000000
32 1304.174230 1039.689101 1.018269 0.820216
33 1264.674889 1066.368099 4.599213 -3.208846
34 1252.492778 1055.321103 1.332351 -1.050277
35 1305.039688 1041.043687 0.992262 0.944249
36 1333.186000 1040.597000 0.000000 0.000000
37 1313.096000 1036.989000 0.000000 0.000000
38 1251.934000 1023.237000 0.000000 0.000000

21 42 1535489305.978246
1316.378211 1038.593691 2.413964
1 1303.154523 1037.873458 1.169586 1.039410
2 1306.146203 1039.410641 0.807095 0.821114
3 1331.030293 1078.182984 2.251053 2.401256
4 1246.532251 1017.629376 0.040054 0.044060
5 1277.876875 1072.301875 -0.004005 -0.004005
6 1276.404937 1070.931937 -0.002003 -0.002003
7 1332.432832 1091.288838 1.019382 1.307774
8 1307.754389 1043.498327 0.749016 0.779056
9 1328.425000 1052.566000 0.000000 0.000000
10 1331.484000 1043.453000 0.000000 0.000000
11 1337.482000 1035.208000 0.000000 0.000000
12 1306.372922 1058.950995 5.697727 6.212425
13 1330.066000 1046.334000 0.000000 0.000000
14 1341.154250 1013.660625 -0.024033 0.020027
15 1278.657082 1065.391651 -5.473423 4.600238
16 1321.528063 1033.790000 0.002003 0.000000
17 1255.059850 1055.687579 -1.285744 0.851154
18 1257.109812 1029.003937 -0.006008 -0.002003
19 1262.217000 1081.462000 0.000000 0.000000
20 1322.508666 1080.686960 2.134895 4.417991
21 1254.733274 1087.869546 1.225662 -0.879192
22 1325.647000 1026.158000 0.000000 0.000000
23 1329.005000 1049.565000 0.000000 0.000000
24 1239.201625 1012.066500 0.020027 0.016022
25 1319.410000 1031.387000 0.000000 0.000000
26 1290.282339 1043.200084 7.888698 7.624340
27 1365.096063 1014.916125 0.002003 0.004005
28 1340.093875 1032.571000 -0.004005 0.000000
29 1335.042000 1037.999000 0.000000 0.000000
30 1345.406000 1027.941000 0.000000 0.000000
31 1309.080402 1043.478213 1.421928 1.319790
32 1247.930623 1073.848159 6.392669 -4.702377
33 1326.916000 1029.509000 0.000000 0.000000
34 1264.560000 1079.653000 0.000000 0.000000
35 1328.688631 1080.378208 6.809234 7.564258
36 1266.882000 1077.846000 0.000000 0.000000
37 1304.693770 1040.107641 1.017380 0.821114
38 1267.023902 1064.734190 4.672336 -3.100204
39 1315.136246 1070.110961 3.050136 4.450035
40 1333.186000 1040.597000 0.000000 0.000000
41 1313.096000 1036.989000 0.000000 0.000000
42 1251.934000 1023.237000 0.000000 0.000000

22 38 1535489306.413246
1316.378213 1038.593689 2.413972
1 1303.663292 1038.325601 1.169586 1.039410
2 1332.009501 1079.227530 2.251053 2.401256
3 1246.549674 1017.648542 0.040054 0.044060
4 1277.875133 1072.300133 -0.004005 -0.004005
5 1276.404066 1070.931066 -0.002003 -0.002003
6 1332.876263 1091.857719 1.019382 1.307774
7 1308.080211 1043.837217 0.749016 0.779056
8 1331.484000 1043.453000 0.000000 0.000000
9 1337.482000 1035.208000 0.000000 0.000000
10 1308.851433 1061.653399 5.697727 6.212425
11 1330.066000 1046.334000 0.000000 0.000000
12 1351.279000 1022.468000 0.000000 0.000000
13 1276.276144 1067.392755 -5.473423 4.600238
14 1321.528934 1033.790000 0.002003 0.000000
15 1254.500552 1056.057831 -1.285744 0.851154
16 1257.107199 1029.003066 -0.006008 -0.002003
17 1262.217000 1081.462000 0.000000 0.000000
18 1255.266437 1087.487097 1.225662 -0.879192
19 1342.828000 1030.123000 0.000000 0.000000
20 1329.005000 1049.565000 0.000000 0.000000
21 1293.713923 1046.516672 7.888698 7.624340
22 1365.096934 1014.917867 0.002003 0.004005
23 1310.334108 1043.775229 0.903225 0.839138
24 1273.893000 1072.519066 0.000000 -0.002003
25 1335.042000 1037.999000 0.000000 0.000000
26 1345.406000 1027.941000 0.000000 0.000000
27 1309.698941 1044.052321 1.421928 1.319790
28 1250.711434 1071.802626 6.392669 -4.702377
29 1326.916000 1029.509000 0.000000 0.000000
30 1264.560000 1079.653000 0.000000 0.000000
31 1331.650648 1083.668660 6.809234 7.564258
32 1266.882000 1077.846000 0.000000 0.000000
33 1305.136330 1040.464825 1.017380 0.821114
34 1269.056368 1063.385602 4.672336 -3.100204
35 1253.751924 1054.327797 1.331806 -1.051426
36 1333.186000 1040.597000 0.000000 0.000000
37 1313.096000 1036.989000 0.000000 0.000000
38 1251.934000 1023.237000 0.000000 0.000000

23 38 1535489306.923405
1316.378220 1038.593684 2.414003
1 1304.258747 1038.855734 1.167029 1.039135
2 1306.909147 1040.187774 0.807328 0.823315
3 1333.157455 1080.452908 2.250128 2.402001
4 1246.571020 1017.670973 0.041965 0.043963
5 1277.874047 1072.297140 -0.001998 -0.005995
6 1276.403047 1070.931000 -0.001998 0.000000
7 1308.529234 1044.219547 0.889260 0.747378
8 1328.425000 1052.566000 0.000000 0.000000
9 1331.484000 1043.453000 0.000000 0.000000
10 1281.339257 1031.705930 5.727234 6.040973
11 1311.256503 1064.429190 4.646134 5.387517
12 1308.997794 1044.619800 0.865280 0.779352
13 1330.066000 1046.334000 0.000000 0.000000
14 1351.279000 1022.468000 0.000000 0.000000
15 1321.529000 1033.789047 0.000000 -0.001998
16 1253.843099 1056.492121 -1.288928 0.851292
17 1257.103187 1029.002047 -0.007993 -0.001998
18 1262.217000 1081.462000 0.000000 0.000000
19 1325.031429 1084.575869 3.193343 3.816824
20 1255.819894 1087.090966 1.075105 -0.769360
21 1325.647000 1026.158000 0.000000 0.000000
22 1329.005000 1049.565000 0.000000 0.000000
23 1239.219580 1012.081627 0.017985 0.015987
24 1319.410000 1031.387000 0.000000 0.000000
25 1297.737811 1050.405971 7.887437 7.623657
26 1365.097953 1014.919907 0.001998 0.003997
27 1335.042000 1037.999000 0.000000 0.000000
28 1345.406000 1027.941000 0.000000 0.000000
29 1310.236014 1044.627961 1.027145 1.115072
30 1253.971764 1069.402850 6.390682 -4.704086
31 1333.004000 1019.419000 0.000000 0.000000
32 1335.304191 1087.544531 7.186021 7.599676
33 1305.599954 1040.874287 0.901250 0.801333
34 1270.212001 1062.622339 2.098254 -1.384848
35 1254.316521 1053.923106 1.091092 -0.775355
36 1306.423794 1042.365494 0.865280 0.835305
37 1318.018789 1074.317076 3.049463 4.450297
38 1333.186000 1040.597000 0.000000 0.000000

24 35 1535489307.438620
1316.378217 1038.593687 2.413980
1 1304.860633 1039.391659 1.168278 1.040248
2 1307.325520 1040.610424 0.808192 0.820195
3 1334.316955 1081.690736 2.250535 2.402572
4 1246.591679 1017.693647 0.040010 0.044010
5 1277.872032 1072.295032 -0.004001 -0.004001
6 1276.402016 1070.931000 -0.002000 0.000000
7 1308.900290 1044.557771 0.712169 0.652155
8 1331.484000 1043.453000 0.000000 0.000000
9 1285.130380 1035.619503 7.435769 7.669825
10 1337.482000 1035.208000 0.000000 0.000000
11 1312.981647 1066.504225 3.286782 3.962943
12 1309.426343 1044.964675 0.830198 0.664158
13 1330.066000 1046.334000 0.000000 0.000000
14 1341.123128 1013.686888 -0.016004 0.014003
15 1351.279000 1022.468000 0.000000 0.000000
16 1269.902044 1072.195419 -6.241485 4.687115
17 1321.529984 1033.789000 0.002000 0.000000
18 1257.099064 1029.001016 -0.008002 -0.002000
19 1325.647000 1026.158000 0.000000 0.000000
20 1239.229840 1012.089872 0.020005 0.016004
21 1319.410000 1031.387000 0.000000 0.000000
22 1301.574460 1054.109529 7.425767 7.167705
23 1365.098000 1014.921968 0.000000 0.004001
24 1311.260750 1044.634279 0.904215 0.838199
25 1345.406000 1027.941000 0.000000 0.000000
26 1310.765756 1045.202066 1.028245 1.114265
27 1333.004000 1019.419000 0.000000 0.000000
28 1326.916000 1029.509000 0.000000 0.000000
29 1264.560000 1079.653000 0.000000 0.000000
30 1339.007369 1091.459081 7.187710 7.597808
31 1306.063782 1041.288552 0.900214 0.804191
32 1254.874322 1053.518304 1.082258 -0.786187
33 1306.870055 1042.795311 0.866206 0.834198
34 1333.186000 1040.597000 0.000000 0.000000
35 1313.096000 1036.989000 0.000000 0.000000

25 38 1535489307.948255
1316.378218 1038.593686 2.413993
1 1305.455545 1039.921990 0.904300 1.164259
2 1307.736371 1041.029485 0.802094 0.868750
3 1335.463846 1082.915105 2.250752 2.401839
4 1246.613068 1017.716076 0.039994 0.044437
5 1277.869996 1072.292992 -0.002222 -0.004444
6 1276.399996 1070.931000 -0.002222 0.000000
7 1336.785674 1096.481419 2.735119 3.170605
8 1309.364386 1044.877207 0.810982 0.706554
9 1328.425000 1052.566000 0.000000 0.000000
10 1288.270533 1038.777522 6.163461 6.156795
11 1341.113973 1013.694023 -0.015553 0.013331
12 1351.279000 1022.468000 0.000000 0.000000
13 1266.671187 1074.853794 -6.912230 5.145845
14 1252.523877 1057.363538 -1.242024 0.899856
15 1332.414000 1024.987000 0.000000 0.000000
16 1262.217000 1081.462000 0.000000 0.000000
17 1328.475621 1090.176556 2.704013 4.421517
18 1256.735720 1086.360455 1.006506 -0.904300
19 1325.647000 1026.158000 0.000000 0.000000
20 1319.410000 1031.387000 0.000000 0.000000
21 1305.126019 1057.532605 6.447860 6.205676
22 1365.099000 1014.924004 0.000000 0.002222
23 1311.776731 1045.111606 1.013172 0.939850
24 1340.087992 1032.570000 -0.004444 0.000000
25 1273.893000 1072.519000 0.000000 0.000000
26 1335.042000 1037.999000 0.000000 0.000000
27 1311.288758 1045.770906 1.028725 1.115378
28 1259.463289 1065.861502 4.850337 -3.217264
29 1333.004000 1019.419000 0.000000 0.000000
30 1326.916000 1029.509000 0.000000 0.000000
31 1342.788956 1095.432556 7.581012 7.932068
32 1266.882000 1077.846000 0.000000 0.000000
33 1306.667743 1041.753192 1.019837 0.697666
34 1271.291304 1061.894791 0.177749 -0.122203
35 1255.477028 1053.083538 1.186477 -0.855419
36 1321.144210 1078.877606 3.048402 4.450401
37 1313.096000 1036.989000 0.000000 0.000000
38 1251.934000 1023.237000 0.000000 0.000000

26 34 1535489308.387927
1316.378223 1038.593681 2.414094
1 1336.453439 1083.971126 2.250752 2.401839
2 1246.630652 1017.735614 0.039994 0.044437
3 1276.399019 1070.931000 -0.002222 0.000000
4 1337.988230 1097.875445 2.735119 3.170605
5 1328.425000 1052.566000 0.000000 0.000000
6 1290.980434 1041.484492 6.163461 6.156795
7 1337.482000 1035.208000 0.000000 0.000000
8 1330.066000 1046.334000 0.000000 0.000000
9 1341.107135 1013.699884 -0.015553 0.013331
10 1351.279000 1022.468000 0.000000 0.000000
11 1263.632073 1077.116278 -6.912230 5.145845
12 1251.977794 1057.759179 -1.242024 0.899856
13 1257.092058 1029.000000 -0.006666 0.000000
14 1262.217000 1081.462000 0.000000 0.000000
15 1329.664500 1092.120573 2.704013 4.421517
16 1257.178253 1085.962859 1.006506 -0.904300
17 1342.828000 1030.123000 0.000000 0.000000
18 1329.005000 1049.565000 0.000000 0.000000
19 1319.410000 1031.387000 0.000000 0.000000
20 1307.960963 1060.261067 6.447860 6.205676
21 1312.222195 1045.524832 1.013172 0.939850
22 1340.086039 1032.570000 -0.004444 0.000000
23 1273.893000 1072.519000 0.000000 0.000000
24 1335.042000 1037.999000 0.000000 0.000000
25 1345.406000 1027.941000 0.000000 0.000000
26 1261.595847 1064.446961 4.850337 -3.217264
27 1346.122115 1098.920064 7.581012 7.932068
28 1271.369455 1061.841062 0.177749 -0.122203
29 1255.998689 1052.707434 1.186477 -0.855419
30 1307.768944 1043.680924 1.042056 1.044278
31 1322.484507 1080.834322 3.048402 4.450401
32 1333.186000 1040.597000 0.000000 0.000000
33 1313.096000 1036.989000 0.000000 0.000000
34 1251.934000 1023.237000 0.000000 0.000000

27 33 1535489308.899204
1316.378218 1038.593686 2.414007
1 1306.314439 1041.030147 0.902208 1.164268
2 1308.499168 1041.854341 0.802185 0.866199
3 1337.603164 1085.198786 1.910440 2.140493
4 1277.866989 1072.287989 -0.004001 -0.004001
5 1276.397995 1070.931000 -0.002000 0.000000
6 1339.384699 1099.494765 2.478571 2.872662
7 1310.138260 1045.587060 0.836193 0.762176
8 1331.484000 1043.453000 0.000000 0.000000
9 1294.805860 1045.298849 6.607522 6.603521
10 1317.212830 1072.617204 2.896667 4.515040
11 1330.066000 1046.334000 0.000000 0.000000
12 1351.279000 1022.468000 0.000000 0.000000
13 1259.967929 1079.835870 -7.425710 5.501267
14 1321.532000 1033.786995 0.000000 -0.002000
15 1257.087978 1028.998995 -0.008002 -0.002000
16 1257.693471 1085.500772 1.284296 -0.824190
17 1325.647000 1026.158000 0.000000 0.000000
18 1342.828000 1030.123000 0.000000 0.000000
19 1329.005000 1049.565000 0.000000 0.000000
20 1239.259054 1012.114049 0.020005 0.018004
21 1365.100005 1014.927011 0.002000 0.004001
22 1312.740736 1046.004541 1.012233 0.940217
23 1340.084989 1032.570000 -0.004001 0.000000
24 1273.892000 1072.518000 0.000000 0.000000
25 1335.042000 1037.999000 0.000000 0.000000
26 1345.406000 1027.941000 0.000000 0.000000
27 1312.265266 1046.831374 0.838193 0.878202
28 1264.069829 1062.806609 2.526582 -1.624374
29 1333.004000 1019.419000 0.000000 0.000000
30 1326.916000 1029.509000 0.000000 0.000000
31 1308.300120 1044.214233 0.784181 0.826190
32 1324.044240 1083.109031 3.048702 4.451025
33 1313.096000 1036.989000 0.000000 0.000000

28 38 1535489309.409214
1316.378212 1038.593692 2.413981
1 1308.908291 1042.296112 0.802215 0.866232
2 1246.672539 1017.780590 0.042011 0.046012
3 1277.864974 1072.285949 -0.002001 -0.004001
4 1276.396974 1070.931000 -0.002001 0.000000
5 1310.564599 1045.975521 0.826221 0.742199
6 1328.425000 1052.566000 0.000000 0.000000
7 1331.484000 1043.453000 0.000000 0.000000
8 1298.187391 1048.678006 7.514014 7.484006
9 1337.482000 1035.208000 0.000000 0.000000
10 1318.690160 1074.919947 2.896776 4.517211
11 1330.066000 1046.334000 0.000000 0.000000
12 1341.100897 1013.706051 -0.008002 0.004001
13 1351.279000 1022.468000 0.000000 0.000000
14 1256.175529 1082.643729 -7.832099 5.669519
15 1321.532026 1033.786000 0.002001 0.000000
16 1250.639191 1058.745395 -1.310351 0.966259
17 1257.083897 1028.997974 -0.008002 -0.002001
18 1332.414000 1024.987000 0.000000 0.000000
19 1262.217000 1081.462000 0.000000 0.000000
20 1333.078960 1097.012463 3.348897 4.791284
21 1253.324618 1015.261862 0.204055 1.470394
22 1325.647000 1026.158000 0.000000 0.000000
23 1329.005000 1049.565000 0.000000 0.000000
24 1239.269257 1012.123205 0.020005 0.016004
25 1319.410000 1031.387000 0.000000 0.000000
26 1312.064646 1066.251266 2.778745 5.477468
27 1365.101000 1014.929051 0.000000 0.004001
28 1313.257011 1046.484036 1.014272 0.938251
29 1340.082974 1032.569974 -0.002001 -0.002001
30 1265.357078 1061.976032 2.422649 -1.790480
31 1333.004000 1019.419000 0.000000 0.000000
32 1326.916000 1029.509000 0.000000 0.000000
33 1266.882000 1077.846000 0.000000 0.000000
34 1271.496538 1061.792307 -0.036010 -0.054014
35 1308.700086 1044.635599 0.786211 0.826221
36 1333.186000 1040.597000 0.000000 0.000000
37 1313.096000 1036.989000 0.000000 0.000000
38 1251.934000 1023.237000 0.000000 0.000000

29 40 1535489309.919404
1316.378218 1038.593687 2.414067
1 1307.346104 1042.306293 1.041108 1.394805
2 1309.317552 1042.738079 0.801314 0.867257
3 1246.693972 1017.804018 0.041964 0.043962
4 1277.863907 1072.283861 -0.003997 -0.005995
5 1276.395954 1070.931000 -0.001998 0.000000
6 1341.579983 1102.052492 1.079076 1.662576
7 1328.425000 1052.566000 0.000000 0.000000
8 1302.018364 1052.485065 7.401661 7.000005
9 1337.482000 1035.208000 0.000000 0.000000
10 1320.168084 1077.224558 2.897519 4.516132
11 1311.535727 1046.680470 0.895233 0.711391
12 1330.066000 1046.334000 0.000000 0.000000
13 1341.096861 1013.708139 -0.005995 0.005995
14 1351.279000 1022.468000 0.000000 0.000000
15 1252.169696 1085.543285 -8.262924 5.972885
16 1321.533000 1033.785954 0.000000 -0.001998
17 1249.979348 1059.230712 -0.935199 0.635456
18 1257.079815 1028.996954 -0.007993 -0.001998
19 1332.414000 1024.987000 0.000000 0.000000
20 1262.217000 1081.462000 0.000000 0.000000
21 1334.787493 1099.456989 3.347134 4.793895
22 1253.428719 1016.012004 0.203825 1.468742
23 1259.008125 1084.656793 1.430775 -0.959179
24 1342.828000 1030.123000 0.000000 0.000000
25 1329.005000 1049.565000 0.000000 0.000000
26 1319.410000 1031.387000 0.000000 0.000000
27 1365.101046 1014.931093 0.001998 0.003997
28 1340.081907 1032.569000 -0.003997 0.000000
29 1273.892000 1072.518000 0.000000 0.000000
30 1335.042000 1037.999000 0.000000 0.000000
31 1313.310851 1047.810011 1.202970 1.037112
32 1266.551481 1061.094192 0.625464 -0.423637
33 1326.916000 1029.509000 0.000000 0.000000
34 1308.833712 1043.429983 0.635456 1.079076
35 1271.478167 1061.764751 -0.035969 -0.053954
36 1257.825421 1051.409576 1.486727 -0.709392
37 1309.092438 1045.049659 0.407651 0.503569
38 1327.191173 1087.696159 3.117330 4.542110
39 1333.186000 1040.597000 0.000000 0.000000
40 1251.934000 1023.237000 0.000000 0.000000

30 40 1535489310.429582
1316.378220 1038.593685 2.414005
1 1307.874455 1043.019780 0.956011 1.452192
2 1309.719734 1043.184232 0.599779 0.979639
3 1277.861880 1072.280880 -0.003635 -0.003635
4 1276.394940 1070.931000 -0.001818 0.000000
5 1342.121551 1102.890371 0.806975 1.348594
6 1311.419465 1046.720903 0.865135 0.696107
7 1328.425000 1052.566000 0.000000 0.000000
8 1331.484000 1043.453000 0.000000 0.000000
9 1305.795461 1056.057604 7.429987 7.039222
10 1337.482000 1035.208000 0.000000 0.000000
11 1321.625092 1079.485248 2.251897 3.198820
12 1311.987339 1047.040093 0.739727 0.610684
13 1330.066000 1046.334000 0.000000 0.000000
14 1351.279000 1022.468000 0.000000 0.000000
15 1247.952715 1088.584044 -8.306028 5.776052
16 1249.508004 1059.561448 -0.759720 0.834238
17 1257.075761 1028.995940 -0.007270 -0.001818
18 1332.414000 1024.987000 0.000000 0.000000
19 1262.217000 1081.462000 0.000000 0.000000
20 1336.524573 1101.952804 4.242072 6.315852
21 1259.738122 1084.167426 1.432199 -0.959646
22 1325.647000 1026.158000 0.000000 0.000000
23 1342.828000 1030.123000 0.000000 0.000000
24 1329.005000 1049.565000 0.000000 0.000000
25 1239.289658 1012.139538 0.019993 0.016358
26 1319.410000 1031.387000 0.000000 0.000000
27 1314.947198 1071.413460 2.559056 4.360210
28 1340.079940 1032.569000 -0.001818 0.000000
29 1273.892000 1072.518000 0.000000 0.000000
30 1335.042000 1037.999000 0.000000 0.000000
31 1345.406000 1027.941000 0.000000 0.000000
32 1313.925305 1048.339205 1.225003 1.039617
33 1266.870571 1060.878126 0.625224 -0.421663
34 1333.004000 1019.419000 0.000000 0.000000
35 1326.916000 1029.509000 0.000000 0.000000
36 1258.572614 1051.043253 1.143215 -0.843325
37 1328.781616 1090.013380 3.118850 4.540144
38 1333.186000 1040.597000 0.000000 0.000000
39 1313.096000 1036.989000 0.000000 0.000000
40 1251.934000 1023.237000 0.000000 0.000000

31 37 1535489310.941104
1316.378221 1038.593684 2.414084
1 1308.363475 1043.762608 0.956011 1.452192
2 1310.026534 1043.685339 0.599779 0.979639
3 1246.735769 1017.848748 0.039985 0.043620
4 1276.394011 1070.931000 -0.001818 0.000000
5 1342.534336 1103.580206 0.806975 1.348594
6 1311.862000 1047.076977 0.865135 0.696107
7 1328.425000 1052.566000 0.000000 0.000000
8 1331.484000 1043.453000 0.000000 0.000000
9 1337.482000 1035.208000 0.000000 0.000000
10 1312.365725 1047.352471 0.739727 0.610684
11 1341.091032 1013.713968 -0.005453 0.005453
12 1351.279000 1022.468000 0.000000 0.000000
13 1243.704001 1091.538620 -8.306028 5.776052
14 1321.533989 1033.785000 0.001818 0.000000
15 1257.072042 1028.995011 -0.007270 -0.001818
16 1332.414000 1024.987000 0.000000 0.000000
17 1262.217000 1081.462000 0.000000 0.000000
18 1338.694485 1105.183501 4.242072 6.315852
19 1329.005000 1049.565000 0.000000 0.000000
20 1239.299884 1012.147905 0.019993 0.016358
21 1319.410000 1031.387000 0.000000 0.000000
22 1365.102989 1014.934979 0.001818 0.003635
23 1314.591347 1047.720694 0.805158 0.745180
24 1340.079011 1032.569000 -0.001818 0.000000
25 1273.892000 1072.518000 0.000000 0.000000
26 1335.042000 1037.999000 0.000000 0.000000
27 1345.406000 1027.941000 0.000000 0.000000
28 1267.190387 1060.662437 0.625224 -0.421663
29 1333.004000 1019.419000 0.000000 0.000000
30 1326.916000 1029.509000 0.000000 0.000000
31 1266.882000 1077.846000 0.000000 0.000000
32 1271.461000 1061.739000 0.000000 0.000000
33 1309.568017 1045.577943 0.516173 0.528896
34 1330.376976 1092.335762 3.118850 4.540144
35 1333.186000 1040.597000 0.000000 0.000000
36 1313.096000 1036.989000 0.000000 0.000000
37 1251.934000 1023.237000 0.000000 0.000000

32 41 1535489311.374886
1316.378227 1038.593679 2.414102
1 1308.670429 1044.304444 0.704269 1.246356
2 1246.754067 1017.868018 0.042212 0.044433
3 1277.859049 1072.277098 -0.002222 -0.004443
4 1342.925058 1104.211778 0.901998 1.457415
5 1312.245451 1047.370068 0.884224 0.675387
6 1328.425000 1052.566000 0.000000 0.000000
7 1331.484000 1043.453000 0.000000 0.000000
8 1312.987052 1063.028985 7.822496 7.780284
9 1337.482000 1035.208000 0.000000 0.000000
10 1323.754193 1082.508318 2.252772 3.196981
11 1312.863507 1047.704973 1.153046 0.815352
12 1330.066000 1046.334000 0.000000 0.000000
13 1341.088147 1013.715902 -0.006665 0.004443
14 1239.913332 1094.317194 -8.744488 6.413958
15 1321.534951 1033.784049 0.002222 -0.002222
16 1248.623394 1060.161306 -1.148603 0.393235
17 1257.069147 1028.995000 -0.006665 0.000000
18 1332.414000 1024.987000 0.000000 0.000000
19 1262.217000 1081.462000 0.000000 0.000000
20 1340.213785 1108.136352 3.492463 6.813858
21 1253.724481 1018.151483 0.204394 1.470745
22 1325.647000 1026.158000 0.000000 0.000000
23 1342.828000 1030.123000 0.000000 0.000000
24 1329.005000 1049.565000 0.000000 0.000000
25 1319.410000 1031.387000 0.000000 0.000000
26 1317.311264 1075.385340 2.430506 4.010112
27 1365.103000 1014.936902 0.000000 0.004443
28 1314.944022 1048.145289 0.813131 0.981978
29 1340.077098 1032.569000 -0.004443 0.000000
30 1335.042000 1037.999000 0.000000 0.000000
31 1314.964075 1049.223121 0.946431 0.808687
32 1333.004000 1019.419000 0.000000 0.000000
33 1266.882000 1077.846000 0.000000 0.000000
34 1309.799840 1044.875612 0.730929 0.786471
35 1271.461000 1061.739000 0.000000 0.000000
36 1259.652753 1050.246616 1.141938 -0.842012
37 1310.076869 1046.052637 1.181928 1.101948
38 1331.729086 1094.305601 3.117001 4.541091
39 1333.186000 1040.597000 0.000000 0.000000
40 1313.096000 1036.989000 0.000000 0.000000
41 1251.934000 1023.237000 0.000000 0.000000

33 43 1535489311.890116
1316.378222 1038.593683 2.414036
1 1309.125490 1045.019811 0.891241 1.394812
2 1310.660365 1044.520409 0.771343 0.765348
3 1246.774708 1017.890679 0.039966 0.043963
4 1312.708431 1047.706241 0.899234 0.651445
5 1328.425000 1052.566000 0.000000 0.000000
6 1331.484000 1043.453000 0.000000 0.000000
7 1317.016866 1067.038158 7.821339 7.781373
8 1337.482000 1035.208000 0.000000 0.000000
9 1324.913563 1084.155644 2.250084 3.197277
10 1313.264438 1047.971321 0.761352 0.503571
11 1330.066000 1046.334000 0.000000 0.000000
12 1341.085044 1013.718956 -0.005995 0.005995
13 1351.279000 1022.468000 0.000000 0.000000
14 1235.408864 1097.621157 -8.742555 6.412539
15 1321.535000 1033.784000 0.000000 0.000000
16 1247.538692 1060.990840 -2.148171 1.664582
17 1257.065058 1028.994015 -0.007993 -0.001998
18 1332.414000 1024.987000 0.000000 0.000000
19 1262.217000 1081.462000 0.000000 0.000000
20 1342.713120 1112.624742 4.911817 8.796509
21 1253.828526 1018.909256 0.201828 1.470747
22 1261.829534 1082.766007 1.432780 -0.959183
23 1325.647000 1026.158000 0.000000 0.000000
24 1342.828000 1030.123000 0.000000 0.000000
25 1329.005000 1049.565000 0.000000 0.000000
26 1239.318854 1012.163883 0.019983 0.015986
27 1319.410000 1031.387000 0.000000 0.000000
28 1318.828323 1077.218163 2.967473 3.536988
29 1340.076015 1032.569000 -0.001998 0.000000
30 1273.892000 1072.517000 0.000000 0.000000
31 1335.042000 1037.999000 0.000000 0.000000
32 1345.406000 1027.941000 0.000000 0.000000
33 1315.471789 1049.615453 0.987159 0.759353
34 1267.367591 1060.527139 -0.217815 0.117900
35 1333.004000 1019.419000 0.000000 0.000000
36 1326.916000 1029.509000 0.000000 0.000000
37 1310.175672 1045.281249 0.729379 0.787329
38 1271.461000 1061.739000 0.000000 0.000000
39 1260.241650 1049.813145 1.143027 -0.841284
40 1310.695227 1046.232694 1.200977 0.315731
41 1333.186000 1040.597000 0.000000 0.000000
42 1313.096000 1036.989000 0.000000 0.000000
43 1251.934000 1023.237000 0.000000 0.000000

34 39 1535489312.400596
1316.378222 1038.593683 2.414051
1 1309.502004 1045.740845 0.736101 1.412195
2 1311.055249 1044.910770 0.826114 0.650090
3 1246.796109 1017.913120 0.040006 0.044006
4 1277.854995 1072.271989 -0.002000 -0.004001
5 1276.389995 1070.931000 -0.002000 0.000000
6 1313.176538 1048.026645 0.932128 0.604083
7 1328.425000 1052.566000 0.000000 0.000000
8 1331.484000 1043.453000 0.000000 0.000000
9 1321.010302 1071.010188 7.823078 7.781072
10 1313.785075 1048.305362 0.762105 0.500069
11 1330.066000 1046.334000 0.000000 0.000000
12 1341.081978 1013.722016 -0.008001 0.006001
13 1351.279000 1022.468000 0.000000 0.000000
14 1230.936922 1100.935923 -8.475168 6.214856
15 1246.883678 1061.437170 -1.220168 1.164160
16 1332.414000 1024.987000 0.000000 0.000000
17 1262.217000 1081.462000 0.000000 0.000000
18 1345.211687 1117.094227 1.354187 1.552214
19 1262.288233 1082.353800 0.820113 -0.808111
20 1325.647000 1026.158000 0.000000 0.000000
21 1342.828000 1030.123000 0.000000 0.000000
22 1329.005000 1049.565000 0.000000 0.000000
23 1319.410000 1031.387000 0.000000 0.000000
24 1320.122865 1078.781500 2.888398 2.754380
25 1365.104005 1014.940011 0.002000 0.004001
26 1316.034178 1048.874438 1.534211 0.528073
27 1273.892000 1072.517000 0.000000 0.000000
28 1345.406000 1027.941000 0.000000 0.000000
29 1267.257406 1060.587327 -0.218030 0.120017
30 1326.916000 1029.509000 0.000000 0.000000
31 1266.882000 1077.846000 0.000000 0.000000
32 1310.548522 1045.683326 0.926128 0.854118
33 1271.461000 1061.739000 0.000000 0.000000
34 1260.833154 1049.418898 1.158160 -0.772106
35 1311.057745 1046.590413 1.008139 0.886122
36 1334.927486 1098.963364 3.116429 4.540626
37 1333.186000 1040.597000 0.000000 0.000000
38 1313.096000 1036.989000 0.000000 0.000000
39 1251.934000 1023.237000 0.000000 0.000000

35 30 1535489312.909674
1316.378215 1038.593690 2.413949
1 1309.876469 1046.459297 0.713445 1.372932
2 1246.816498 1017.935522 0.041967 0.043966
3 1277.853953 1072.269929 -0.003997 -0.005995
4 1276.388976 1070.931000 -0.001998 0.000000
5 1331.484000 1043.453000 0.000000 0.000000
6 1325.009854 1074.988095 9.254802 9.190852
7 1314.175244 1048.560927 0.947263 0.583546
8 1351.279000 1022.468000 0.000000 0.000000
9 1321.536024 1033.782000 0.001998 0.000000
10 1246.260348 1062.025204 -1.402909 0.775397
11 1257.056905 1028.991976 -0.007994 -0.001998
12 1332.414000 1024.987000 0.000000 0.000000
13 1262.217000 1081.462000 0.000000 0.000000
14 1345.916099 1117.897336 2.619962 2.639947
15 1254.328835 1020.076545 0.491618 1.141113
16 1262.707576 1081.943792 0.975242 -0.691462
17 1342.828000 1030.123000 0.000000 0.000000
18 1329.005000 1049.565000 0.000000 0.000000
19 1319.410000 1031.387000 0.000000 0.000000
20 1321.589767 1080.182431 2.591984 2.647941
21 1316.815242 1049.143262 1.536805 0.527590
22 1340.072953 1032.568000 -0.003997 0.000000
23 1273.892000 1072.516976 0.000000 -0.001998
24 1345.406000 1027.941000 0.000000 0.000000
25 1267.149712 1060.646288 0.059953 -0.059953
26 1326.916000 1029.509000 0.000000 0.000000
27 1311.020007 1046.118153 0.927279 0.855335
28 1271.461000 1061.739000 0.000000 0.000000
29 1333.186000 1040.597000 0.000000 0.000000
30 1251.934000 1023.237000 0.000000 0.000000

36 37 1535489313.419607
1316.378218 1038.593687 2.414062
1 1310.240278 1047.159443 0.713451 1.374941
2 1311.875861 1045.658418 0.787394 0.813374
3 1246.837899 1017.957941 0.041968 0.043966
4 1277.851914 1072.266914 -0.003997 -0.003997
5 1276.387957 1070.931000 -0.001998 0.000000
6 1314.135413 1048.623719 0.953266 0.313758
7 1331.484000 1043.453000 0.000000 0.000000
8 1329.624893 1079.572192 4.384623 4.398613
9 1314.659783 1048.849638 1.017217 0.169869
10 1330.066000 1046.334000 0.000000 0.000000
11 1341.074872 1013.727128 -0.005995 0.005995
12 1351.279000 1022.468000 0.000000 0.000000
13 1222.240720 1107.317303 -6.177243 4.964177
14 1321.537043 1033.781957 0.001998 -0.001998
15 1245.546070 1062.424713 -1.350960 0.967255
16 1257.052872 1028.991000 -0.005995 0.000000
17 1332.414000 1024.987000 0.000000 0.000000
18 1262.217000 1081.462000 0.000000 0.000000
19 1254.579570 1020.658479 0.493620 1.143120
20 1325.647000 1026.158000 0.000000 0.000000
21 1342.828000 1030.123000 0.000000 0.000000
22 1329.005000 1049.565000 0.000000 0.000000
23 1319.410000 1031.387000 0.000000 0.000000
24 1322.894045 1081.514259 1.776632 1.786624
25 1365.106000 1014.944086 0.000000 0.003997
26 1317.590436 1049.404338 1.141121 0.155880
27 1340.070914 1032.568000 -0.003997 0.000000
28 1273.892000 1072.516000 0.000000 0.000000
29 1335.042000 1037.999000 0.000000 0.000000
30 1345.406000 1027.941000 0.000000 0.000000
31 1317.569743 1050.147676 1.388930 0.311760
32 1267.180241 1060.615759 0.057955 -0.057955
33 1326.916000 1029.509000 0.000000 0.000000
34 1266.882000 1077.846000 0.000000 0.000000
35 1311.492900 1046.554359 0.929284 0.857340
36 1312.084612 1047.492958 1.009223 0.885318
37 1313.096000 1036.989000 0.000000 0.000000

37 39 1535489313.930747
1316.378231 1038.593675 2.414150
1 1310.605554 1047.844064 0.732184 0.810204
2 1312.278291 1046.074128 0.786198 0.812204
3 1246.859287 1017.980416 0.040010 0.044011
4 1277.849936 1072.264871 -0.002001 -0.004001
5 1314.621860 1048.779856 0.928234 0.182046
6 1328.425000 1052.566000 0.000000 0.000000
7 1331.484000 1043.453000 0.000000 0.000000
8 1331.866129 1081.820451 4.387105 4.397107
9 1337.482000 1035.208000 0.000000 0.000000
10 1315.177504 1048.942648 0.948239 0.362091
11 1341.071807 1013.730193 -0.006002 0.006002
12 1351.279000 1022.468000 0.000000 0.000000
13 1219.069824 1109.833040 -6.595661 4.291080
14 1321.538000 1033.781000 0.000000 0.000000
15 1244.855496 1062.919083 -1.352340 0.966243
16 1257.049743 1028.990936 -0.008002 -0.002001
17 1332.414000 1024.987000 0.000000 0.000000
18 1262.217000 1081.462000 0.000000 0.000000
19 1254.831896 1021.258706 0.494124 1.638413
20 1263.756449 1081.191323 1.226309 -0.798201
21 1325.647000 1026.158000 0.000000 0.000000
22 1342.828000 1030.123000 0.000000 0.000000
23 1329.005000 1049.565000 0.000000 0.000000
24 1319.410000 1031.387000 0.000000 0.000000
25 1323.802147 1082.427533 1.776447 1.788450
26 1365.106064 1014.946129 0.002001 0.004001
27 1340.068936 1032.568000 -0.002001 0.000000
28 1273.892000 1072.516000 0.000000 0.000000
29 1335.042000 1037.999000 0.000000 0.000000
30 1345.406000 1027.941000 0.000000 0.000000
31 1318.288607 1050.328534 1.666420 0.980247
32 1267.209866 1060.586069 0.058015 -0.060015
33 1326.916000 1029.509000 0.000000 0.000000
34 1311.964707 1046.989069 0.830209 0.748188
35 1271.461000 1061.739000 0.000000 0.000000
36 1262.604395 1048.234649 1.100277 -0.850214
37 1333.186000 1040.597000 0.000000 0.000000
38 1313.096000 1036.989000 0.000000 0.000000
39 1251.934000 1023.237000 0.000000 0.000000

38 38 1535489314.370869
1316.378239 1038.593669 2.414176
1 1310.927804 1048.200652 0.732184 0.810204
2 1312.624314 1046.431597 0.786198 0.812204
3 1277.849055 1072.263110 -0.002001 -0.004001
4 1276.386055 1070.931000 -0.002001 0.000000
5 1315.030396 1048.859979 0.928234 0.182046
6 1331.484000 1043.453000 0.000000 0.000000
7 1333.796990 1083.755714 4.387105 4.397107
8 1337.482000 1035.208000 0.000000 0.000000
9 1315.594845 1049.102012 0.948239 0.362091
10 1330.066000 1046.334000 0.000000 0.000000
11 1341.069166 1013.732834 -0.006002 0.006002
12 1351.279000 1022.468000 0.000000 0.000000
13 1216.166929 1111.721639 -6.595661 4.291080
14 1321.538000 1033.781000 0.000000 0.000000
15 1244.260302 1063.344348 -1.352340 0.966243
16 1257.046221 1028.990055 -0.008002 -0.002001
17 1332.414000 1024.987000 0.000000 0.000000
18 1262.217000 1081.462000 0.000000 0.000000
19 1255.049371 1021.979807 0.494124 1.638413
20 1325.647000 1026.158000 0.000000 0.000000
21 1342.828000 1030.123000 0.000000 0.000000
22 1329.005000 1049.565000 0.000000 0.000000
23 1319.410000 1031.387000 0.000000 0.000000
24 1324.584000 1083.214669 1.776447 1.788450
25 1365.106945 1014.947890 0.002001 0.004001
26 1273.892000 1072.516000 0.000000 0.000000
27 1335.042000 1037.999000 0.000000 0.000000
28 1345.406000 1027.941000 0.000000 0.000000
29 1319.022035 1050.759962 1.666420 0.980247
30 1267.235400 1060.559655 0.058015 -0.060015
31 1326.916000 1029.509000 0.000000 0.000000
32 1312.330100 1047.318363 0.830209 0.748188
33 1271.461000 1061.739000 0.000000 0.000000
34 1263.088651 1047.860452 1.100277 -0.850214
35 1313.044189 1048.335555 1.008254 0.886223
36 1333.186000 1040.597000 0.000000 0.000000
37 1313.096000 1036.989000 0.000000 0.000000
38 1251.934000 1023.237000 0.000000 0.000000

39 38 1535489314.881042
1316.378234 1038.593673 2.414112
1 1313.025405 1046.846920 0.786184 0.814191
2 1246.898274 1018.022239 0.042010 0.044010
3 1277.847069 1072.261069 -0.004001 -0.004001
4 1276.385035 1070.931000 -0.002000 0.000000
5 1315.581181 1049.007880 1.088255 0.296069
6 1328.425000 1052.566000 0.000000 0.000000
7 1331.484000 1043.453000 0.000000 0.000000
8 1337.482000 1035.208000 0.000000 0.000000
9 1316.095980 1049.239434 0.984230 0.264062
10 1341.066104 1013.734931 -0.006001 0.004001
11 1351.279000 1022.468000 0.000000 0.000000
12 1212.830053 1113.967755 -6.537531 4.409032
13 1321.538965 1033.780035 0.002000 -0.002000
14 1243.570386 1063.837291 -1.352317 0.966226
15 1257.042138 1028.989035 -0.008002 -0.002000
16 1332.414000 1024.987000 0.000000 0.000000
17 1262.217000 1081.462000 0.000000 0.000000
18 1255.303386 1023.124597 0.498117 2.278533
19 1264.921794 1080.432803 1.226287 -0.798187
20 1325.647000 1026.158000 0.000000 0.000000
21 1342.828000 1030.123000 0.000000 0.000000
22 1329.005000 1049.565000 0.000000 0.000000
23 1319.410000 1031.387000 0.000000 0.000000
24 1325.490280 1084.127073 1.776416 1.788419
25 1319.315174 1049.903804 1.204282 0.416097
26 1340.066069 1032.568000 -0.004001 0.000000
27 1273.892000 1072.516000 0.000000 0.000000
28 1335.042000 1037.999000 0.000000 0.000000
29 1345.406000 1027.941000 0.000000 0.000000
30 1319.694548 1051.081449 1.298304 0.610143
31 1267.265962 1060.529038 0.060014 -0.060014
32 1326.916000 1029.509000 0.000000 0.000000
33 1266.882000 1077.846000 0.000000 0.000000
34 1312.754609 1047.700062 0.832195 0.748175
35 1263.653835 1047.431530 1.108259 -0.840197
36 1333.186000 1040.597000 0.000000 0.000000
37 1313.096000 1036.989000 0.000000 0.000000
38 1251.934000 1023.237000 0.000000 0.000000

40 32 1535489315.466213
1316.378227 1038.593679 2.414125
1 1246.921743 1018.048778 0.042010 0.044011
2 1277.844929 1072.257929 -0.004001 -0.004001
3 1276.383929 1070.931000 -0.004001 0.000000
4 1316.152042 1049.139113 1.246302 0.176043
5 1328.425000 1052.566000 0.000000 0.000000
6 1331.484000 1043.453000 0.000000 0.000000
7 1337.482000 1035.208000 0.000000 0.000000
8 1316.724070 1049.326547 1.078261 0.144035
9 1330.066000 1046.334000 0.000000 0.000000
10 1341.061894 1013.738106 -0.006001 0.006001
11 1351.279000 1022.468000 0.000000 0.000000
12 1321.540000 1033.779965 0.000000 -0.002000
13 1332.414000 1024.987000 0.000000 0.000000
14 1262.217000 1081.462000 0.000000 0.000000
15 1255.515747 1024.120874 -0.410099 1.180286
16 1265.639653 1079.965883 1.224297 -0.798193
17 1325.647000 1026.158000 0.000000 0.000000
18 1329.005000 1049.565000 0.000000 0.000000
19 1319.410000 1031.387000 0.000000 0.000000
20 1326.529418 1085.172630 1.776430 1.788433
21 1365.108000 1014.952000 0.000000 0.000000
22 1340.064929 1032.567000 -0.004001 0.000000
23 1335.042000 1037.999000 0.000000 0.000000
24 1345.406000 1027.941000 0.000000 0.000000
25 1267.300026 1060.494939 0.058014 -0.060015
26 1326.916000 1029.509000 0.000000 0.000000
27 1266.882000 1077.846000 0.000000 0.000000
28 1313.238029 1048.130555 0.680165 0.314076
29 1271.461000 1061.739000 0.000000 0.000000
30 1264.301601 1046.939140 1.108268 -0.840204
31 1333.186000 1040.597000 0.000000 0.000000
32 1313.096000 1036.989000 0.000000 0.000000

41 0 1535489315.976447
1316.378227 1038.593679 2.414062

