41
1  14  1542800367.947576
608.858751 2011.052220 -1.557497
1  625.757782 1963.150595 1.036000  1.829312 4.847920 1.673000  2.526626
2  611.161356 2024.849242 0.253000  2.018610 4.369791 1.636000  -2.150493
3  615.434016 1981.219402 0.787000  2.148672 4.870134 1.749000  2.386867
4  615.510262 2038.490122 -0.469000  2.281446 4.550281 1.679000  0.966764
5  598.325616 1999.232585 0.850000  1.856265 5.014603 1.595000  2.020707
6  595.529674 2023.982472 1.163000  2.066641 5.299133 2.121000  -0.034370
7  597.846902 2006.912436 0.863000  1.974608 4.322319 1.564000  1.486960
8  626.982734 1978.799651 0.976000  2.068621 4.596020 1.570000  -0.662109
9  616.303439 1996.490741 0.788000  1.973815 4.637678 1.650000  -0.746858
10  600.841360 2015.816806 0.893000  1.966431 4.632193 1.638000  1.107279
11  608.043595 2021.058555 0.511000  1.674571 4.192853 1.544000  -2.183989
12  630.835521 2057.989057 -2.321000  1.982768 4.138803 1.553000  1.009188
13  628.843112 1969.747095 1.056000  2.144253 4.828421 1.641000  2.376175
14  640.415119 1970.275662 1.143000  1.797413 4.274990 1.490000  -0.778960

2  16  1542800368.447460
609.227471 2007.957511 -1.320414
1  619.256753 1969.167874 0.736000  1.965237 4.785291 1.673000  2.476791
2  643.851205 1955.582115 0.186000  1.386663 5.134081 1.613000  2.430318
3  610.804730 2024.988516 0.303000  2.072356 4.571257 1.636000  -2.146712
4  642.373601 1945.050503 0.736000  1.754072 4.576175 1.792000  2.463867
5  612.422227 1984.583656 0.810000  2.018823 4.875835 1.749000  2.386083
6  619.011366 2043.607855 -1.204000  2.071243 4.404562 1.679000  1.018487
7  597.195312 2002.368766 0.999000  1.951718 5.078569 1.595000  1.769074
8  595.585710 2024.028805 1.363000  2.093476 5.241838 2.121000  -0.020707
9  598.336767 2009.395580 0.984000  1.994589 4.477752 1.564000  1.405075
10  632.194147 1973.477702 1.028000  2.107276 4.465355 1.570000  -0.518164
11  588.645785 2026.637737 1.541000  2.071519 4.571751 1.718000  -0.524709
12  619.170945 1993.528625 0.600000  2.128721 4.732216 1.650000  -0.742993
13  602.573132 2018.947743 0.943000  1.977553 4.774637 1.638000  1.061509
14  608.145885 2021.088928 0.511000  1.912623 4.197286 1.544000  -2.152133
15  633.761269 2062.187900 -2.721000  1.932965 4.024577 1.553000  1.041143
16  625.224696 1971.988140 0.772000  2.317599 4.486781 1.641000  2.366533

3  18  1542800368.948430
610.384463 2004.811594 -1.098554
1  613.715426 1975.227221 0.786000  1.995801 4.804601 1.673000  2.454278
2  677.819084 1919.321002 0.626000  2.449367 4.123788 1.582000  1.906160
3  640.747553 1959.045771 0.337000  2.134715 5.062395 1.613000  2.298438
4  610.612132 2025.395577 0.175000  2.251353 4.638369 1.636000  -2.112877
5  539.716735 2061.436119 2.780000  1.118751 3.819963 1.844000  -0.250526
6  637.308582 1951.753838 0.736000  1.976920 4.701051 1.792000  2.213767
7  609.445249 1987.456816 0.833000  2.264691 4.947513 1.749000  2.357919
8  622.233408 2048.284337 -1.941000  2.553572 4.781248 1.679000  0.961698
9  597.136480 2005.094018 1.149000  2.084968 5.033409 1.595000  1.535500
10  595.559202 2024.521777 1.363000  2.164571 5.177490 2.121000  -0.034426
11  599.537148 2012.714932 0.999000  1.833984 4.444995 1.564000  1.240552
12  636.745109 1969.345069 0.328000  2.463752 4.298642 1.570000  -0.695127
13  588.519017 2026.597505 1.642000  2.064460 4.635589 1.718000  -0.542581
14  622.831984 1990.648345 0.513000  2.259949 4.600431 1.650000  -0.704564
15  604.389183 2022.521846 0.929000  2.277463 4.740607 1.638000  0.985529
16  607.855081 2021.470129 0.628000  1.885189 4.014837 1.544000  -2.224651
17  647.785614 1951.920308 0.447000  1.630345 4.780315 1.592000  2.418388
18  621.833387 1975.658672 0.689000  2.263294 4.686117 1.641000  2.342830

4  18  1542800369.448339
612.235641 2001.769059 -0.917523
1  606.936436 1981.534429 0.736000  1.855391 4.930334 1.673000  2.363424
2  676.963689 1920.358688 0.637000  2.013599 4.188511 1.582000  2.464776
3  637.809005 1961.468918 0.487000  2.006062 4.744894 1.613000  2.344596
4  610.581920 2024.959751 0.298000  2.103166 4.283881 1.636000  -2.128392
5  549.005358 2054.334340 2.929000  2.672815 4.674466 1.844000  -0.686137
6  631.427571 1956.493561 0.537000  2.174777 5.033840 1.792000  2.481191
7  605.752409 1990.384157 0.856000  2.108419 4.877794 1.749000  2.367939
8  656.108694 1942.194469 0.660000  1.752756 4.762115 1.659000  2.433251
9  597.772093 2007.798178 1.249000  2.038022 5.074234 1.595000  1.520266
10  595.611643 2024.142577 1.488000  2.386891 5.436939 2.121000  -0.023136
11  601.198540 2016.022799 1.031000  1.884304 4.360055 1.564000  1.140112
12  641.462452 1965.058227 0.279000  2.298802 4.693495 1.570000  -0.709038
13  588.329541 2026.066821 1.742000  1.866286 4.670216 1.718000  -0.571788
14  625.874657 1987.711812 0.525000  2.097915 4.613056 1.650000  -0.793917
15  606.362849 2025.312172 0.965000  1.925615 4.743125 1.638000  0.947450
16  607.448414 2021.070291 0.745000  1.878157 4.034201 1.544000  -2.110057
17  645.453996 1955.247254 0.448000  1.917087 4.935157 1.592000  2.254899
18  618.205410 1978.780573 0.731000  2.000289 4.795819 1.641000  2.379652

5  20  1542800369.949334
614.784636 1998.776777 -0.793150
1  601.321921 1986.484058 1.049000  1.878318 4.823084 1.673000  2.428849
2  675.130515 1924.478109 0.648000  2.196640 4.364939 1.582000  2.540786
3  635.345793 1964.602185 0.637000  1.850067 4.853393 1.613000  2.381584
4  610.868262 2025.524883 0.598000  1.988945 4.546083 1.636000  -2.146859
5  556.563456 2046.011077 2.729000  2.368896 4.600542 1.844000  -0.719746
6  626.784338 1962.313772 0.736000  2.353071 4.659369 1.792000  2.222025
7  603.120560 1992.623167 1.051000  2.171869 4.855645 1.749000  2.338216
8  655.417321 1944.992149 0.699000  2.081035 5.173744 1.659000  2.279367
9  598.204062 2011.416134 1.249000  1.947543 5.230110 1.595000  1.351418
10  595.635226 2024.400278 1.613000  2.217779 5.282352 2.121000  -0.010317
11  650.608153 1943.213666 0.139000  1.515791 5.919501 2.000000  2.320612
12  603.401169 2019.004455 1.062000  1.647857 4.312561 1.564000  1.069718
13  646.441662 1959.790060 0.231000  1.859632 4.471848 1.570000  -0.753357
14  588.704429 2025.959079 1.792000  2.000705 4.486311 1.718000  -0.497067
15  629.737215 1984.068116 0.450000  2.213831 4.674532 1.650000  -0.746079
16  608.401823 2028.621545 0.751000  1.994820 4.410917 1.638000  1.053069
17  664.470933 1933.440142 0.425000  2.003390 4.793205 1.615000  2.422552
18  607.886714 2020.707600 0.861000  1.754961 4.048041 1.544000  -2.096759
19  642.932534 1956.195731 0.497000  2.030912 4.558146 1.592000  2.385326
20  614.998287 1981.930836 0.773000  2.280369 4.618102 1.641000  2.380045

6  21  1542800370.450291
617.830057 1995.731590 -0.756233
1  595.050989 1992.387982 1.129000  1.909561 4.967341 1.673000  2.397353
2  673.916389 1926.202797 0.660000  2.867094 4.668324 1.582000  2.227030
3  631.839590 1967.538529 0.687000  2.164822 5.169255 1.613000  2.375134
4  610.204504 2025.443815 0.798000  2.040745 4.472154 1.636000  -2.156771
5  559.113465 2047.958125 2.880000  1.902374 4.638191 1.844000  -0.817630
6  619.157610 1968.563058 0.836000  2.057337 4.900414 1.792000  2.325981
7  600.365948 1995.520796 1.210000  2.106969 5.116771 1.749000  2.288017
8  652.875079 1947.154991 0.738000  2.252674 5.497431 1.659000  2.190915
9  599.561610 2014.137952 1.249000  2.020501 5.097653 1.595000  1.086179
10  595.668693 2024.193378 1.764000  2.446869 5.441271 2.121000  0.094817
11  644.937255 1948.210862 0.659000  2.510761 5.720618 2.000000  2.446725
12  604.896988 2021.802081 1.094000  1.938022 4.190836 1.564000  1.012701
13  651.618246 1955.250047 0.432000  1.765532 4.888883 1.570000  -0.693586
14  589.005533 2025.953199 1.917000  2.039449 4.395609 1.718000  -0.565337
15  633.314505 1980.846311 0.409000  2.353512 4.566737 1.650000  -0.785049
16  610.109182 2032.051426 0.537000  1.887384 4.788438 1.638000  1.034951
17  661.375646 1935.815353 0.513000  2.199268 5.233970 1.615000  2.286421
18  607.753189 2020.883458 0.978000  1.733892 4.092970 1.544000  -2.195856
19  641.847045 1957.064116 0.714000  2.154631 4.755530 1.592000  2.436129
20  611.866935 1984.618911 0.906000  2.161997 4.642132 1.641000  2.448279
21  656.362041 1931.221957 0.720000  1.960600 5.084760 1.918000  2.400562

7  21  1542800370.949037
621.237699 1992.493032 -0.746249
1  589.259747 1998.258565 1.472000  2.050301 5.053061 1.673000  2.448648
2  670.809961 1927.045292 0.671000  2.168716 5.465803 1.582000  2.357601
3  629.128423 1969.465993 0.787000  2.041281 4.756768 1.613000  2.433012
4  610.390367 2025.340825 0.847000  2.079980 4.617534 1.636000  -2.196650
5  562.132395 2046.722125 3.029000  2.596406 4.366077 1.844000  -0.629606
6  612.952974 1975.044922 0.961000  2.128963 4.764112 1.792000  2.358617
7  600.376368 1997.870799 1.368000  2.265726 5.014438 1.749000  2.116944
8  649.490482 1950.924089 0.777000  2.513873 5.353854 1.659000  2.279378
9  601.310686 2017.171574 1.267000  1.999894 5.196216 1.595000  1.080831
10  595.415039 2023.277907 1.863000  2.261706 5.296462 2.121000  -0.028025
11  638.999862 1954.007493 0.678000  2.058099 5.869707 2.000000  2.518115
12  699.863118 1898.768429 0.378000  2.224926 4.935724 1.651000  2.717157
13  687.391126 1903.242185 0.384000  1.605548 4.596442 1.719000  2.644023
14  656.858506 1950.623221 0.633000  1.927224 4.598809 1.570000  -0.921776
15  589.315342 2026.619116 2.042000  2.265529 4.733907 1.718000  -0.481359
16  637.746249 1977.337929 0.467000  2.118212 4.540485 1.650000  -0.757037
17  660.300067 1938.451803 0.626000  2.232047 4.642307 1.615000  2.305302
18  608.074970 2021.254649 1.094000  1.908083 3.791998 1.544000  -2.113836
19  639.402558 1959.239858 0.831000  2.094593 5.112005 1.592000  2.435547
20  608.570573 1987.979639 1.039000  1.951752 4.639683 1.641000  2.412638
21  653.375171 1933.489262 0.898000  2.351647 4.723869 1.918000  2.372693

8  22  1542800371.448359
624.940162 1989.017849 -0.740234
1  582.863684 2004.080584 1.615000  2.028887 4.884944 1.673000  2.416144
2  669.837488 1928.741446 0.732000  2.518583 4.556302 1.582000  2.436180
3  625.524957 1971.954907 0.886000  2.060348 5.034399 1.613000  2.419394
4  566.953302 2044.816480 3.178000  1.998506 4.066658 1.844000  -0.582282
5  606.284181 1980.839702 1.085000  2.099859 4.721112 1.792000  2.392691
6  597.531463 2001.602691 1.476000  2.073233 5.006188 1.749000  2.028289
7  646.046979 1953.843975 0.865000  2.378915 4.976445 1.659000  2.465975
8  603.779722 2021.033404 1.184000  2.103772 4.880298 1.595000  1.057314
9  595.860378 2024.114095 1.913000  2.190555 5.768442 2.121000  0.161188
10  630.809382 1962.453416 0.948000  2.178802 5.882783 2.000000  2.367639
11  697.267671 1902.302809 0.628000  1.991994 5.259943 1.651000  2.319620
12  682.235431 1909.693513 0.507000  1.875112 5.663199 1.719000  2.316473
13  661.309729 1945.097435 0.583000  1.441836 4.922920 1.570000  -0.792211
14  589.192027 2026.652634 2.142000  1.900841 4.549249 1.718000  -0.522883
15  641.374159 1974.054289 0.525000  2.074243 4.497898 1.650000  -0.774457
16  666.350833 1926.316144 0.629000  1.392214 4.444672 1.614000  2.499230
17  658.239207 1940.483153 0.689000  1.606139 4.803171 1.615000  2.369494
18  607.708915 2021.248408 1.111000  1.893605 4.135642 1.544000  -2.211134
19  677.846042 1916.089254 0.441000  2.071464 4.711127 1.687000  2.401218
20  635.705420 1961.690317 0.897000  2.032158 4.805669 1.592000  2.436449
21  605.664678 1990.328090 1.173000  1.917829 4.447071 1.641000  2.425925
22  649.391699 1937.223340 0.977000  2.057867 4.864951 1.918000  2.311494

9  22  1542800371.948272
628.804714 1985.446999 -0.738260
1  576.499674 2010.186341 1.959000  1.739079 4.376834 1.673000  2.252301
2  667.020937 1932.680676 0.644000  2.594522 4.004380 1.582000  2.399378
3  622.817202 1975.254394 1.086000  2.192018 4.945381 1.613000  2.335164
4  568.496396 2039.447779 3.228000  2.446457 3.982987 1.844000  -0.981960
5  599.790829 1987.550878 1.343000  2.216231 4.995356 1.792000  2.407471
6  596.730242 2004.335880 1.700000  1.983551 5.381380 1.749000  1.895804
7  643.112317 1956.612459 0.954000  2.244317 5.092536 1.659000  2.411800
8  595.404766 2023.738456 1.963000  2.495342 5.521487 2.121000  0.001065
9  625.571739 1966.601053 1.217000  1.880779 6.047544 2.000000  2.362373
10  693.585515 1901.290943 0.678000  2.504150 4.914829 1.651000  2.439098
11  677.064131 1915.255240 0.630000  2.087085 4.850974 1.719000  2.037293
12  668.677398 1939.344886 0.534000  2.442119 4.353475 1.570000  -0.735817
13  589.043312 2026.256200 2.242000  1.810758 4.679122 1.718000  -0.369657
14  645.841159 1969.674366 0.625000  2.041080 4.639433 1.650000  -0.738258
15  659.509965 1931.144477 0.711000  2.801215 4.454661 1.614000  2.298768
16  655.629618 1943.073365 0.731000  1.842631 5.011584 1.615000  2.487387
17  607.836179 2020.334164 1.327000  1.677375 3.864564 1.544000  -2.201962
18  673.082955 1919.240105 0.626000  2.724418 5.296347 1.687000  2.385519
19  633.281819 1964.382525 0.997000  2.024070 4.779086 1.592000  2.344182
20  602.793760 1992.760509 1.373000  2.026896 4.623419 1.641000  2.366038
21  666.977572 1919.806600 0.597000  2.357333 4.548386 1.790000  2.283102
22  645.417514 1940.576008 1.055000  2.018004 4.729488 1.918000  2.461509

10  22  1542800372.397808
632.467505 1982.078368 -0.737017
1  570.123909 2014.096931 2.127000  2.071208 4.540955 1.673000  2.405289
2  664.354977 1934.101967 0.788000  2.044326 4.189339 1.582000  2.323273
3  619.594190 1977.636516 1.086000  2.172809 4.983050 1.613000  2.369740
4  572.969217 2040.892718 3.073000  2.388536 4.995548 1.844000  -0.685253
5  593.712320 1992.805800 1.575000  2.142015 4.901090 1.792000  2.546910
6  596.944743 2006.196384 1.732000  2.100724 4.674345 1.749000  1.937950
7  640.616316 1958.737544 1.017000  2.176176 4.925155 1.659000  2.395476
8  596.281924 2023.350755 1.995000  2.378691 5.088234 2.121000  0.073061
9  619.177416 1972.307009 1.267000  2.026571 5.638955 2.000000  2.391491
10  692.033116 1904.431702 0.723000  2.114802 4.887373 1.651000  2.641022
11  675.068637 1919.179610 0.735000  2.409097 4.940205 1.719000  2.204987
12  672.977296 1935.868028 0.790000  2.140253 5.122649 1.570000  -0.868677
13  589.760814 2026.459209 2.298000  1.749939 4.688218 1.718000  -0.569881
14  649.493074 1965.591716 0.575000  2.110359 4.822204 1.650000  -0.772190
15  655.744368 1934.292363 0.834000  2.356709 4.789081 1.614000  2.424957
16  653.346516 1945.570379 0.769000  2.356796 4.867129 1.615000  2.314463
17  607.738884 2020.796007 1.432000  2.083334 4.151381 1.544000  -2.191257
18  669.785721 1924.053141 0.792000  2.840651 4.665501 1.687000  2.527637
19  631.234766 1966.675250 0.997000  2.018393 5.103996 1.592000  2.328733
20  600.977788 1994.982106 1.573000  1.912655 4.549167 1.641000  2.342180
21  662.856333 1921.565393 0.700000  1.649097 4.856580 1.790000  2.266800
22  641.681701 1944.065570 1.131000  2.215680 4.708989 1.918000  2.294581

11  22  1542800372.948008
637.069856 1977.823420 -0.739379
1  662.510227 1936.307061 0.944000  2.139044 4.576555 1.582000  2.316702
2  616.583539 1980.811504 1.265000  2.137281 4.943344 1.613000  2.353680
3  574.370724 2036.205339 2.883000  2.229850 5.236618 1.844000  -0.874663
4  586.635936 1999.798275 1.782000  2.229927 5.083836 1.792000  2.412448
5  597.903177 2010.227201 1.868000  2.476028 5.115561 1.749000  1.789110
6  669.477278 1915.296076 0.847000  2.241610 4.539185 1.763000  2.284878
7  636.774639 1962.207578 0.982000  2.158200 4.874374 1.659000  2.349513
8  596.369714 2021.905217 2.034000  1.815037 5.424475 2.121000  -0.029483
9  611.996093 1979.492890 1.367000  1.944145 5.986207 2.000000  2.402504
10  690.361299 1908.520391 0.778000  1.836290 5.230617 1.651000  2.580697
11  672.427227 1924.983127 0.975000  2.046062 4.487231 1.719000  2.327150
12  681.691656 1927.501234 0.903000  2.022412 5.088997 1.570000  -0.731696
13  588.224181 2026.955571 2.366000  1.992718 4.701709 1.718000  -0.419500
14  654.714914 1961.614770 0.595000  2.074764 4.545615 1.650000  -0.806576
15  649.966882 1940.398262 0.925000  1.827044 4.520086 1.614000  2.423123
16  650.550218 1948.575131 0.903000  1.956517 4.959774 1.615000  2.288730
17  608.404578 2020.923027 1.560000  1.714042 4.177986 1.544000  -2.143068
18  666.184220 1928.214653 0.995000  2.102181 4.367878 1.687000  2.191097
19  627.679549 1969.903248 1.172000  1.984495 4.967447 1.592000  2.414128
20  598.343871 1997.458488 1.681000  2.247570 4.291992 1.641000  2.340255
21  658.953948 1927.093463 0.826000  1.915473 4.386171 1.790000  2.391498
22  636.963150 1948.024110 1.162000  2.047561 4.560915 1.918000  2.350473

12  23  1542800373.447883
641.349321 1973.876850 -0.740492
1  660.501278 1938.117002 0.994000  1.896156 4.137263 1.582000  2.281524
2  612.841755 1984.395349 1.427000  2.132754 5.027186 1.613000  2.353023
3  577.144382 2036.489549 2.810000  2.783441 4.217512 1.844000  -0.388293
4  580.868921 2005.768167 1.971000  1.676403 4.625651 1.792000  2.731119
5  686.958758 1907.207052 0.813000  2.278932 5.368876 1.611000  2.294169
6  598.512138 2013.850435 1.944000  2.208536 5.546238 1.749000  1.775159
7  664.859254 1919.523855 0.934000  2.338927 4.819181 1.763000  2.504757
8  633.374150 1965.239528 1.132000  2.239673 4.867703 1.659000  2.308715
9  597.460994 2022.756792 2.069000  1.493031 5.071181 2.121000  -0.105377
10  604.018075 1985.809401 1.512000  1.961576 5.896126 2.000000  2.431813
11  690.367599 1911.309341 0.828000  2.620050 5.281380 1.651000  2.339193
12  670.198474 1927.821457 0.975000  1.732229 4.747635 1.719000  2.434612
13  687.105695 1922.581080 0.855000  1.429263 3.851381 1.570000  -0.753138
14  589.301947 2026.272704 2.428000  2.544931 4.979427 1.718000  -0.548586
15  658.781957 1957.477214 0.613000  2.048857 4.746455 1.650000  -0.783132
16  644.766999 1945.275601 0.911000  2.045117 4.755632 1.614000  2.403012
17  647.603218 1951.516704 1.024000  2.005044 4.923119 1.615000  2.297664
18  607.972163 2021.460308 1.677000  1.688729 3.970929 1.544000  -2.190240
19  661.005410 1931.114330 1.045000  2.221614 4.879073 1.687000  2.420323
20  625.119898 1972.451851 1.330000  1.898869 4.969249 1.592000  2.392440
21  597.440948 1999.772547 1.827000  2.061410 4.703694 1.641000  2.287888
22  655.905928 1930.968410 0.940000  1.559546 4.617683 1.790000  2.396747
23  632.869673 1951.826301 1.191000  2.021338 4.739603 1.918000  2.383529

13  21  1542800373.947765
645.821314 1969.682367 -0.745152
1  658.183158 1940.327476 1.044000  2.043892 4.546428 1.582000  2.349765
2  609.592549 1986.835744 1.736000  2.377221 4.352562 1.613000  2.453364
3  699.409410 1901.246175 0.870000  2.177202 5.223982 1.536000  2.530590
4  574.214221 2010.029273 2.160000  2.171050 4.357647 1.792000  2.285798
5  680.307624 1912.944232 0.928000  2.253285 4.840793 1.611000  2.501620
6  600.405167 2017.582320 2.193000  2.039356 5.333819 1.749000  1.459671
7  661.830455 1924.268220 1.022000  1.744379 4.402323 1.763000  2.390397
8  631.195584 1968.110660 1.332000  2.024796 4.832077 1.659000  2.342307
9  687.523367 1911.479405 0.878000  2.113607 4.873058 1.651000  2.273191
10  667.818377 1930.747600 0.975000  2.074882 4.909944 1.719000  2.187038
11  693.731330 1916.813730 0.808000  2.827182 3.986269 1.570000  -0.821859
12  589.855341 2025.290572 2.431000  2.346370 4.676922 1.718000  -0.498550
13  663.255713 1953.313072 0.578000  2.220143 4.663576 1.650000  -0.752335
14  638.834814 1950.913371 0.997000  2.203793 4.651153 1.614000  2.419055
15  644.303466 1954.774252 1.074000  1.846844 4.935067 1.615000  2.378778
16  607.831098 2020.485771 1.793000  1.505087 3.985658 1.544000  -2.272774
17  654.904914 1935.744801 1.095000  2.248892 4.627669 1.687000  2.400358
18  621.866937 1975.099848 1.489000  2.112401 4.873733 1.592000  2.422394
19  596.216919 2002.089077 1.973000  2.378137 4.550039 1.641000  2.261935
20  651.371323 1934.210899 1.054000  2.083700 4.670050 1.790000  2.330497
21  628.578360 1956.421117 1.291000  2.101377 4.682673 1.918000  2.362010

14  20  1542800374.447637
650.316483 1965.502417 -0.743372
1  655.272955 1943.153686 1.044000  2.300782 4.743255 1.582000  2.347375
2  607.936889 1990.012167 1.836000  2.248317 4.405978 1.613000  2.339246
3  696.680979 1902.241733 1.020000  2.412142 4.901495 1.536000  2.281745
4  566.167378 2016.773045 2.349000  3.022282 4.412284 1.792000  2.224208
5  676.855162 1916.893402 1.043000  2.079105 4.682024 1.611000  2.354847
6  657.659906 1927.849363 1.109000  1.884240 4.665098 1.763000  2.377077
7  627.828074 1971.452061 1.532000  2.261818 4.948074 1.659000  2.434589
8  685.909293 1914.921177 0.928000  2.128829 6.170857 1.651000  2.357010
9  665.784721 1933.335484 1.025000  2.090799 4.903298 1.719000  2.335567
10  699.133555 1911.483370 0.860000  2.469111 3.783157 1.570000  -0.853676
11  589.508260 2026.067374 2.435000  2.412713 4.898804 1.718000  -0.576063
12  728.586805 1870.210928 2.174000  2.570672 12.430807 4.464000  2.875208
13  667.937441 1949.122875 0.594000  2.054492 4.447547 1.650000  -0.823065
14  634.236765 1955.919229 1.084000  2.193645 4.676299 1.614000  2.412830
15  641.691263 1957.073121 1.124000  2.141449 4.799680 1.615000  2.363287
16  650.161135 1940.927134 1.145000  2.107076 4.780140 1.687000  2.414507
17  618.363287 1977.868388 1.647000  2.165639 5.016607 1.592000  2.420752
18  595.865782 2003.103962 2.119000  2.019372 5.091933 1.641000  2.305151
19  647.585215 1937.970005 1.068000  1.862840 4.492404 1.790000  2.377053
20  624.596877 1959.935032 1.391000  2.098781 4.703899 1.918000  2.381192

15  19  1542800374.947539
654.827835 1961.305548 -0.742442
1  653.124286 1945.649486 1.044000  2.199893 4.465462 1.582000  2.296450
2  605.234720 1991.823208 1.911000  1.907028 4.794912 1.613000  2.427261
3  694.469136 1906.033784 1.170000  2.036821 4.865891 1.536000  2.291441
4  561.054017 2023.724584 2.537000  2.791304 4.739917 1.792000  2.417649
5  671.877509 1921.856939 1.158000  1.823444 5.034157 1.611000  2.634510
6  653.748484 1931.545654 1.196000  2.086972 4.528471 1.763000  2.403984
7  624.946761 1973.228651 1.657000  2.007248 4.830167 1.659000  2.386730
8  681.986370 1915.799861 0.978000  2.222215 5.260623 1.651000  2.438742
9  662.374705 1936.581234 1.075000  1.934536 4.762295 1.719000  2.362255
10  708.255898 1905.462705 1.113000  2.010982 4.639162 1.570000  -1.021571
11  589.836462 2026.355681 2.438000  1.185471 4.195169 1.718000  -0.421165
12  727.501454 1869.285053 2.472000  2.977267 13.095719 4.464000  2.567127
13  672.223449 1944.736725 0.660000  2.277062 4.598718 1.650000  -0.765298
14  628.305791 1961.436584 1.070000  2.174800 4.774699 1.614000  2.369761
15  638.963860 1959.578748 1.224000  2.034988 4.897057 1.615000  2.379583
16  644.848116 1945.621648 1.195000  2.344722 4.770317 1.687000  2.364216
17  615.805044 1980.987708 1.623000  1.538812 5.293081 1.592000  2.348247
18  643.741809 1942.290136 1.068000  2.179269 4.703357 1.790000  2.999939
19  620.253632 1963.461353 1.491000  1.830624 4.977573 1.918000  2.353210

16  19  1542800375.447384
659.460944 1957.013447 -0.741507
1  650.614020 1948.736220 1.094000  2.097467 4.282287 1.582000  2.399342
2  639.262858 1945.407039 1.250000  2.040819 4.988197 1.695000  2.390557
3  602.255386 1995.054778 2.036000  2.737111 4.748464 1.613000  2.270451
4  691.986020 1909.140016 1.020000  2.238724 4.564785 1.536000  2.399055
5  665.752494 1926.823357 1.158000  1.962871 4.898780 1.611000  2.439535
6  649.745361 1935.940008 1.284000  1.913843 4.374063 1.763000  2.318550
7  621.713794 1976.625893 1.782000  2.197708 4.998422 1.659000  2.400850
8  681.083497 1917.462079 1.028000  2.008519 5.072898 1.651000  2.380744
9  659.962750 1939.519733 1.087000  2.083804 4.667791 1.719000  2.376047
10  711.362562 1901.105777 1.115000  2.394061 4.753796 1.570000  -0.905277
11  589.711745 2026.898523 2.442000  2.230525 4.137219 1.718000  -0.524363
12  725.256578 1870.291717 2.021000  2.479251 12.573245 4.464000  2.644811
13  676.753696 1940.545164 0.775000  2.070259 4.448697 1.650000  -0.799157
14  623.238597 1965.927840 1.448000  1.890466 4.736797 1.614000  2.385259
15  635.923315 1962.611230 1.324000  2.176998 5.122045 1.615000  2.345260
16  639.276344 1950.563477 1.195000  2.048336 4.743962 1.687000  2.372152
17  612.284117 1983.942538 1.749000  1.516478 4.634858 1.592000  2.316243
18  632.332023 1948.047717 1.068000  2.004942 4.513814 1.790000  2.985834
19  616.969606 1967.678279 1.666000  1.851878 4.739521 1.918000  2.285883

17  21  1542800375.947245
664.064613 1952.735647 -0.744680
1  647.514910 1951.397126 1.244000  2.194602 4.362267 1.582000  2.334304
2  636.074325 1950.677151 1.250000  1.913959 5.178730 1.695000  2.330487
3  599.177657 1996.341002 2.211000  2.008515 4.391274 1.613000  2.406528
4  688.234736 1910.512375 0.870000  2.208453 5.061585 1.536000  2.309288
5  707.954296 1916.173769 0.597000  2.292680 0.906926 0.899000  0.759594
6  659.346289 1932.208540 1.158000  2.139548 4.874187 1.611000  2.531250
7  646.274607 1939.135337 1.371000  2.062016 4.560173 1.763000  2.392940
8  619.434851 1978.215627 1.907000  2.598095 4.944592 1.659000  2.354936
9  751.747326 1856.001711 1.254000  2.107634 4.055204 1.713000  2.033787
10  679.041640 1920.040104 1.078000  2.137650 4.921759 1.651000  2.467977
11  657.120828 1942.995154 1.137000  1.945528 4.685417 1.719000  2.294019
12  718.354668 1894.788083 1.068000  1.795975 4.996422 1.570000  -0.772531
13  589.569412 2024.324395 2.525000  2.466872 5.082626 1.718000  -0.531833
14  722.226648 1871.783670 2.069000  2.786029 12.670182 4.464000  2.660646
15  682.260526 1935.915023 0.646000  2.136705 4.464313 1.650000  -0.824439
16  617.335845 1971.383555 1.826000  2.116392 4.971170 1.614000  2.400523
17  633.294548 1965.659279 1.424000  2.065186 4.969406 1.615000  2.321788
18  633.777671 1955.799111 1.195000  2.119999 4.880131 1.687000  2.370084
19  610.762333 1986.551534 1.974000  1.685250 5.249661 1.592000  2.398251
20  716.340647 1886.821362 0.985000  2.270362 5.057663 1.566000  2.321463
21  612.270584 1971.658837 1.841000  1.719795 4.654983 1.918000  2.407014

18  21  1542800376.447154
668.698540 1948.440471 -0.742927
1  644.474280 1954.543135 1.394000  2.109357 4.305504 1.582000  2.351279
2  630.523369 1953.343355 1.400000  1.994463 5.254219 1.695000  2.436745
3  597.981273 1999.565332 2.436000  2.113739 5.942725 1.613000  2.474692
4  685.825918 1912.873474 0.820000  2.112664 4.696223 1.536000  2.342876
5  708.016359 1916.110868 0.597000  2.211014 0.679967 0.899000  0.662168
6  653.656912 1937.920771 1.220000  2.083391 5.079269 1.611000  2.422669
7  641.875307 1942.917195 1.483000  1.719944 4.672785 1.763000  2.411682
8  617.002501 1980.113386 2.032000  1.693611 4.875237 1.659000  2.267598
9  747.027723 1857.562338 1.254000  2.155570 3.890825 1.713000  2.262861
10  675.702249 1922.526709 1.078000  2.286686 5.096708 1.651000  2.424002
11  767.435062 1846.353105 1.168000  1.663415 4.674496 1.526000  2.439290
12  654.147621 1945.375346 1.187000  1.992303 4.858079 1.719000  2.357291
13  724.041043 1887.844144 1.020000  1.728489 5.149965 1.570000  -0.897095
14  589.921540 2028.200216 2.609000  1.419664 4.687625 1.718000  -0.438664
15  717.663614 1871.131876 2.268000  2.943612 11.613675 4.464000  2.523454
16  687.076018 1931.667684 0.592000  1.950996 4.728625 1.650000  -0.761269
17  611.832169 1974.097718 2.129000  2.345848 4.929886 1.614000  2.350637
18  629.964335 1968.201159 1.524000  1.886333 4.791328 1.615000  2.436595
19  608.819048 1989.726852 2.150000  1.946038 4.765377 1.592000  2.461244
20  712.736000 1891.221020 0.985000  1.854545 4.429135 1.566000  2.345274
21  608.186666 1976.052757 2.016000  1.683296 4.048686 1.918000  2.293531

19  20  1542800376.947003
673.367001 1944.103031 -0.746612
1  640.942166 1957.531632 1.544000  2.214742 4.323434 1.582000  2.253485
2  617.246203 1960.408172 1.645000  1.666775 5.049383 1.695000  2.467161
3  595.923491 2002.762160 2.712000  1.821226 5.383020 1.613000  2.681155
4  682.943950 1915.988706 1.120000  2.024130 4.731064 1.536000  2.479431
5  707.708082 1916.150348 0.597000  2.243564 0.856661 0.899000  0.613560
6  648.706752 1942.474376 1.333000  2.066825 4.719885 1.611000  2.409814
7  638.137979 1947.215653 1.596000  1.804629 4.648389 1.763000  2.367525
8  613.304432 1983.559295 2.157000  2.372450 5.116429 1.659000  2.400039
9  741.389734 1864.359270 1.254000  2.323217 5.087302 1.713000  2.040456
10  672.555127 1925.446124 1.078000  2.091311 5.271632 1.651000  2.299639
11  762.637507 1847.612961 1.184000  1.384389 5.018637 1.526000  2.250040
12  650.481944 1948.928478 1.337000  2.063715 4.765270 1.719000  2.300120
13  729.512893 1883.568648 1.123000  2.308543 4.109927 1.570000  -0.836805
14  590.186779 2025.698880 2.692000  2.148434 3.178779 1.718000  -0.569093
15  716.129617 1874.506308 2.268000  3.073254 12.849004 4.464000  2.530649
16  691.798880 1927.199917 0.607000  2.059230 4.718576 1.650000  -0.680815
17  606.594052 1979.579136 2.132000  1.875359 4.941822 1.614000  2.292074
18  627.681039 1972.693108 1.699000  2.160969 4.752937 1.615000  2.436366
19  709.588002 1894.125691 0.985000  2.559085 4.416497 1.566000  2.339458
20  603.717090 1980.230842 2.191000  2.667571 4.419004 1.918000  2.205426

20  19  1542800377.447456
678.095890 1939.680805 -0.748868
1  638.699225 1960.255550 1.744000  2.436385 4.436808 1.582000  2.320772
2  679.893493 1919.141740 1.006000  1.955449 4.731395 1.536000  2.422971
3  708.387157 1916.073540 0.597000  2.334284 0.559545 0.899000  0.716686
4  643.172739 1947.740280 1.446000  2.140010 4.631314 1.611000  2.356724
5  610.515433 1987.141453 2.282000  2.548559 5.259534 1.659000  2.358174
6  738.081904 1866.252446 1.204000  3.240202 4.489166 1.713000  2.150615
7  669.412254 1928.268630 1.213000  2.110085 5.209028 1.651000  2.331932
8  758.909789 1851.969487 1.201000  1.436741 5.447044 1.526000  2.255410
9  648.063277 1951.712571 1.537000  1.922813 4.841901 1.719000  2.275225
10  697.140417 1904.089652 1.092000  2.267886 4.831318 1.679000  2.242132
11  737.596582 1877.376087 1.126000  2.575505 5.549384 1.570000  -0.894130
12  588.808224 2026.843075 2.948000  2.386620 5.284754 1.718000  -0.394629
13  714.547383 1876.729953 2.268000  3.201860 13.027900 4.464000  2.562558
14  696.377873 1922.814922 0.624000  2.239960 4.643219 1.650000  -0.770226
15  602.343000 1985.675635 2.135000  1.489900 3.901285 1.614000  2.554369
16  626.631100 1974.186094 1.874000  2.230715 5.250410 1.615000  2.388758
17  749.770827 1859.828211 1.036000  1.585556 4.581284 1.759000  1.894065
18  708.029003 1894.546755 0.985000  1.883621 4.966891 1.566000  2.386246
19  725.536788 1877.548658 1.270000  1.501447 1.925043 1.776000  2.393302

21  20  1542800377.898133
682.345178 1935.674272 -0.748858
1  636.338079 1963.544786 1.924000  2.017054 4.464268 1.582000  2.368475
2  676.143711 1922.327031 1.033000  1.934358 4.770631 1.536000  2.394471
3  708.666439 1916.364771 0.597000  2.066035 0.647555 0.899000  0.733303
4  637.306905 1952.271226 1.648000  1.949878 5.082559 1.611000  2.260062
5  608.875051 1989.098266 2.394000  2.459969 4.159332 1.659000  2.575638
6  734.199245 1869.262361 1.159000  2.172147 5.056961 1.713000  1.944374
7  667.164914 1931.175198 1.218000  1.937428 5.375337 1.651000  2.304239
8  753.799153 1851.017015 1.215000  2.347345 4.762106 1.526000  2.266902
9  709.747027 1917.586041 0.597000  2.145880 0.872177 0.899000  0.732044
10  645.138424 1955.933405 1.617000  2.416302 4.762753 1.719000  2.342109
11  694.461420 1906.344607 1.092000  2.219478 5.019608 1.679000  2.330167
12  743.832332 1872.308410 1.128000  2.109298 4.855272 1.570000  -0.595994
13  590.485520 2028.141763 3.178000  1.961883 5.409889 1.718000  -0.675373
14  712.798895 1877.530681 2.268000  2.640506 13.134217 4.464000  2.589203
15  701.042535 1919.149482 0.675000  2.117903 4.574911 1.650000  -0.837448
16  597.951079 1990.484050 2.288000  0.840809 4.353912 1.614000  2.242973
17  622.974770 1976.393295 2.032000  2.401210 4.646005 1.615000  2.263605
18  746.324853 1863.485694 1.082000  2.060621 4.641823 1.759000  2.300403
19  706.220641 1896.567594 0.985000  1.973805 5.024298 1.566000  2.402148
20  720.789258 1882.241932 1.090000  1.247275 2.071100 1.776000  2.611590

22  21  1542800378.397983
687.135778 1931.195949 -0.747600
1  633.333797 1965.027848 2.124000  2.641319 4.444610 1.582000  2.342500
2  672.702734 1925.649257 1.131000  1.983011 4.987686 1.536000  2.357879
3  707.762741 1916.255057 0.597000  2.296516 0.780606 0.899000  0.747559
4  632.856315 1959.170068 1.761000  2.276939 4.805398 1.611000  2.389943
5  602.521879 1992.787295 2.519000  2.882331 6.146004 1.659000  2.313614
6  729.116396 1873.117473 1.109000  2.756258 5.193325 1.713000  2.197454
7  664.129972 1934.582467 1.322000  2.087718 5.265752 1.651000  2.269687
8  749.285803 1857.871809 1.065000  2.973121 5.484978 1.526000  2.281538
9  709.721780 1917.736582 0.597000  2.213202 0.934923 0.899000  0.743886
10  642.217225 1958.377093 1.706000  1.753603 4.822973 1.719000  2.256869
11  690.965435 1909.183481 1.092000  2.244363 4.712410 1.679000  2.474527
12  750.506623 1868.573686 1.131000  2.387869 4.506051 1.570000  -0.532577
13  591.225407 2027.224473 3.434000  2.756820 5.526447 1.718000  -1.029249
14  711.446606 1877.439572 2.268000  3.199948 13.087243 4.464000  2.491488
15  706.193427 1914.253634 0.688000  2.037016 4.571613 1.650000  -0.731533
16  591.764128 1996.359561 2.658000  1.163127 4.278424 1.614000  2.558141
17  619.519959 1979.611174 2.207000  1.671019 4.495501 1.615000  2.382636
18  742.645903 1866.520650 1.132000  2.093385 4.240109 1.759000  2.293737
19  707.090600 1891.080428 0.981000  1.824276 4.654290 1.596000  2.490292
20  704.643939 1898.146336 0.985000  2.340191 4.801612 1.566000  2.462934
21  717.053063 1885.651850 1.090000  1.313819 1.968598 1.776000  2.330573

23  20  1542800378.897841
692.089175 1926.570529 -0.748088
1  632.077632 1967.525419 2.324000  2.376507 4.853292 1.582000  2.250708
2  669.011253 1929.013054 1.229000  2.106923 5.017750 1.536000  2.425358
3  708.303376 1916.461533 0.597000  2.398544 0.781598 0.899000  0.662292
4  626.029794 1964.303483 2.024000  2.450885 4.473941 1.611000  2.289437
5  725.232586 1878.506403 1.059000  2.494768 4.984246 1.713000  2.008256
6  660.400786 1938.443533 1.577000  1.854555 5.183714 1.651000  2.307566
7  745.998425 1861.727715 0.915000  1.976679 4.637633 1.526000  2.455990
8  709.986385 1917.374866 0.597000  2.088080 0.818669 0.899000  0.774630
9  639.646986 1961.983195 1.795000  1.771187 5.058291 1.719000  2.337994
10  688.631557 1910.936323 1.129000  1.999150 5.021379 1.679000  2.460921
11  758.222443 1862.817936 1.133000  1.696463 4.537906 1.570000  -0.738530
12  710.644642 1878.987749 2.268000  2.851004 12.447545 4.464000  2.289865
13  711.159829 1910.040422 0.667000  2.181208 4.694981 1.650000  -0.676753
14  688.128585 1906.290136 1.135000  1.866178 4.492079 1.763000  2.405949
15  616.801276 1982.368962 2.332000  1.907594 4.498830 1.615000  2.283532
16  738.465341 1870.100304 1.182000  2.358974 3.785810 1.759000  2.150219
17  700.927755 1895.489203 0.981000  2.418015 5.131139 1.596000  2.480546
18  702.335009 1900.098989 0.985000  2.010165 4.831874 1.566000  2.493336
19  754.621346 1860.329291 1.243000  2.391012 5.444330 1.919000  2.264079
20  711.099174 1888.902416 1.040000  1.524801 2.234899 1.776000  2.322179

24  20  1542800379.397716
697.134687 1921.843914 -0.747478
1  665.838193 1932.695120 1.327000  2.207270 4.647972 1.536000  2.435852
2  708.197756 1916.208144 0.597000  2.173249 0.589405 0.899000  0.662546
3  619.785171 1971.991322 2.136000  1.677504 5.086467 1.611000  2.419525
4  766.821643 1847.119703 1.374000  2.230271 4.482627 1.764000  2.457598
5  720.977906 1882.425490 1.209000  2.456285 4.959894 1.713000  2.348443
6  657.445373 1941.959817 1.782000  2.262893 5.198623 1.651000  2.327928
7  742.192215 1864.887600 0.915000  1.960773 4.580922 1.526000  2.554359
8  709.892229 1917.502020 0.597000  2.190321 0.983581 0.899000  0.753545
9  635.519620 1963.973444 1.884000  2.199886 4.824212 1.719000  2.471154
10  685.374860 1914.387422 1.266000  2.105364 5.072882 1.679000  2.439289
11  765.066250 1857.054234 1.336000  2.202215 4.718912 1.570000  -0.660142
12  708.318153 1880.026897 2.268000  2.790379 12.652175 4.464000  2.510290
13  716.078695 1905.120388 0.671000  2.118138 4.735908 1.650000  -0.748640
14  682.593023 1910.459107 1.285000  2.157928 4.848500 1.763000  2.409740
15  614.563207 1983.292773 2.457000  2.142131 5.159807 1.615000  2.568124
16  734.794616 1872.073646 1.232000  1.771510 4.579051 1.759000  2.347771
17  695.402498 1900.759599 0.981000  2.114493 4.750947 1.596000  2.436462
18  699.311567 1902.598813 0.985000  1.967404 4.720860 1.566000  2.361915
19  748.741375 1864.115905 1.263000  1.938525 4.882831 1.919000  2.414443
20  706.452686 1893.037433 0.890000  1.261828 2.146309 1.776000  2.353910

25  21  1542800379.897591
702.280130 1917.069733 -0.737714
1  661.587831 1936.012858 1.342000  2.220234 4.812870 1.536000  2.472629
2  708.223643 1916.345390 0.597000  2.247474 0.858459 0.899000  0.609265
3  614.950882 1974.819685 2.249000  3.346783 4.803771 1.611000  2.747547
4  780.375345 1836.187746 1.344000  2.439575 4.240017 1.827000  2.346395
5  759.217145 1851.428547 1.299000  1.977371 4.615784 1.764000  2.503313
6  716.069145 1885.973948 1.159000  2.028837 4.662781 1.713000  2.223076
7  654.138137 1945.568408 1.636000  2.057958 5.432220 1.651000  2.401402
8  737.953924 1868.288392 0.915000  1.906544 4.804692 1.526000  2.367199
9  709.981774 1917.401658 0.597000  2.214046 0.918998 0.899000  0.764191
10  632.968324 1966.753544 1.973000  1.827871 5.106442 1.719000  2.187480
11  681.769581 1917.239736 1.253000  1.994731 4.891948 1.679000  2.538718
12  773.338352 1849.415158 1.539000  2.171935 4.500071 1.570000  -0.790459
13  708.127126 1879.900267 2.318000  2.819482 12.637635 4.464000  2.510297
14  720.752965 1900.747555 0.675000  2.214975 4.497945 1.650000  -0.767679
15  678.675493 1915.452421 1.285000  1.850044 4.761336 1.763000  2.426313
16  609.000555 1988.361837 2.557000  2.575284 6.068833 1.615000  2.040384
17  731.847046 1877.176705 1.182000  2.083645 4.342294 1.759000  2.483011
18  690.746133 1905.492607 0.981000  2.187217 5.087614 1.596000  2.414703
19  696.582890 1905.048359 0.985000  2.104087 4.956482 1.566000  2.444275
20  744.839393 1867.817294 1.234000  2.217114 5.139212 1.919000  2.369804
21  701.407360 1897.190951 1.086000  1.277558 2.027293 1.776000  2.342202

26  20  1542800380.398024
707.568325 1912.284827 -0.729969
1  658.166446 1940.067877 1.504000  2.435148 5.142714 1.536000  2.331314
2  708.322070 1916.490330 0.597000  2.046582 0.938122 0.899000  0.721012
3  774.026949 1840.688351 1.282000  1.247200 4.516584 1.827000  2.447441
4  756.498424 1855.232657 1.225000  2.305667 4.700265 1.764000  2.374246
5  711.409235 1888.042345 1.059000  2.127554 4.900196 1.713000  2.517175
6  650.548845 1949.085987 1.591000  2.243531 4.865153 1.651000  2.411494
7  733.534628 1871.091017 0.915000  2.057835 4.807246 1.526000  2.497867
8  709.401640 1917.458927 0.597000  2.331579 0.673447 0.899000  0.741346
9  629.843425 1970.913731 2.062000  2.097237 4.853067 1.719000  2.406976
10  677.511697 1920.783159 1.440000  2.134527 4.977024 1.679000  2.494971
11  779.759219 1845.667679 1.341000  2.088989 4.830360 1.570000  -1.062887
12  708.328361 1879.901923 2.369000  2.752573 12.818301 4.464000  2.504832
13  726.354703 1895.903409 0.718000  2.191267 4.560881 1.650000  -0.764454
14  673.353592 1919.512919 1.285000  1.883771 4.470772 1.763000  2.382062
15  608.486567 1990.094684 2.657000  2.378022 4.269670 1.615000  2.538824
16  727.859424 1879.754764 1.131000  2.477888 4.546026 1.759000  2.407910
17  684.639703 1909.704523 1.181000  2.215838 4.838034 1.596000  2.373490
18  693.577637 1907.471337 1.022000  1.997670 4.957400 1.566000  2.470580
19  739.790002 1871.501934 1.204000  2.262900 4.679611 1.919000  2.377318
20  696.244944 1901.380350 1.132000  1.453467 2.384359 1.776000  2.347661

27  19  1542800380.947696
713.411109 1907.041434 -0.718166
1  655.009247 1942.970542 1.682000  1.697411 5.004227 1.536000  2.307010
2  708.559024 1916.251887 0.597000  2.219850 0.562717 0.899000  0.670582
3  767.952139 1844.903675 1.215000  2.237532 4.915030 1.827000  2.619075
4  750.474094 1860.252596 1.253000  1.650893 5.070918 1.764000  2.365922
5  705.945100 1892.347656 1.099000  2.028715 4.731005 1.713000  2.420763
6  648.343679 1952.803587 1.541000  2.783603 5.405626 1.651000  2.455262
7  728.080927 1874.785115 0.915000  2.176688 4.741890 1.526000  2.474882
8  710.082749 1917.602104 0.597000  2.064368 0.815006 0.899000  0.778433
9  627.834180 1970.639359 2.160000  2.350202 4.737590 1.719000  2.335777
10  673.941394 1924.947958 1.531000  2.158447 4.808748 1.679000  2.385715
11  789.309658 1840.244934 1.125000  3.162289 4.763915 1.570000  -0.759213
12  708.503512 1879.955730 2.325000  2.670586 12.856312 4.464000  2.510763
13  732.207299 1891.199604 0.765000  2.026573 4.621187 1.650000  -0.715458
14  667.164095 1923.997499 1.485000  2.289308 4.940711 1.763000  2.230953
15  723.263254 1883.802556 1.076000  2.162991 4.587666 1.759000  2.463787
16  679.907764 1914.369543 1.351000  2.062152 4.664053 1.596000  2.407836
17  690.069636 1910.551355 1.098000  1.936158 4.684876 1.566000  2.377996
18  734.737030 1874.453626 1.117000  2.051110 5.050607 1.919000  2.465571
19  690.260263 1906.707592 1.261000  1.465829 2.077281 1.776000  2.436226

28  21  1542800381.448102
718.908632 1902.212638 -0.707930
1  767.209440 1842.124570 0.875000  1.593169 4.483581 1.602000  2.280559
2  650.585213 1946.823554 1.780000  2.293490 4.403744 1.536000  2.333020
3  757.416822 1883.487676 0.688000  2.100936 0.417149 1.072000  2.115776
4  708.226397 1916.313578 0.597000  2.340011 0.775323 0.899000  0.628159
5  764.724914 1847.750056 1.154000  1.731837 4.453042 1.827000  2.494479
6  747.251400 1863.772604 1.014000  1.952665 4.821222 1.764000  2.251863
7  701.252355 1896.872212 1.187000  2.075968 4.655657 1.713000  2.514465
8  723.465476 1878.410904 0.915000  2.008707 4.835767 1.526000  2.392922
9  709.862664 1917.333101 0.597000  2.235093 0.756780 0.899000  0.713151
10  624.870784 1974.558456 2.249000  1.163126 4.475121 1.719000  2.325386
11  668.349707 1929.021671 1.586000  2.289165 4.980735 1.679000  2.477369
12  796.167370 1835.466434 0.928000  2.595435 3.466341 1.570000  -0.758153
13  709.019341 1880.328229 2.284000  2.903046 12.575628 4.464000  2.517515
14  749.560836 1853.949720 0.937000  1.961884 4.691048 1.717000  2.486668
15  737.836205 1887.011855 0.808000  2.246748 4.518292 1.650000  -0.759361
16  663.460667 1929.361587 1.667000  1.618564 4.271691 1.763000  2.355586
17  719.402767 1886.820765 1.105000  2.269685 4.625382 1.759000  2.472576
18  673.695273 1918.844289 1.505000  2.363388 5.014125 1.596000  2.467442
19  686.073002 1913.645072 1.268000  1.819711 4.884037 1.566000  2.449477
20  732.299119 1876.179264 1.128000  2.094474 5.058696 1.919000  2.321916
21  685.047507 1911.235677 1.378000  1.468350 2.260405 1.776000  2.368483

29  25  1542800381.897652
723.989055 1897.830312 -0.698647
1  764.333218 1843.963978 0.860000  2.149858 5.179213 1.602000  2.339797
2  647.932641 1949.824179 1.968000  1.677794 4.907094 1.536000  2.308598
3  757.190666 1884.087915 0.688000  2.242825 0.401272 1.072000  2.031805
4  707.943203 1916.295109 0.597000  2.149154 0.813142 0.899000  0.639370
5  792.132340 1821.357258 0.746000  2.471893 4.713908 1.588000  2.765839
6  761.589332 1851.574959 1.099000  2.183069 4.828977 1.827000  2.437901
7  741.801416 1868.056084 1.014000  2.174406 4.729405 1.764000  2.428983
8  697.173957 1899.281474 1.266000  1.958864 4.974062 1.713000  2.452790
9  775.258712 1836.375074 0.909000  2.610166 4.481685 1.512000  2.112179
10  719.027457 1882.393931 0.915000  1.873438 4.684283 1.526000  2.488460
11  709.890430 1917.713221 0.597000  2.017494 0.822647 0.899000  0.728410
12  754.067042 1885.732564 0.702000  2.009362 0.332394 1.017000  0.999391
13  623.580287 1975.485630 2.329000  0.568414 5.434483 1.719000  2.712915
14  665.796484 1932.050385 1.576000  2.561737 5.253880 1.679000  2.559110
15  802.548982 1829.348806 0.751000  1.676445 5.019045 1.570000  -0.743135
16  708.587603 1879.418180 2.248000  2.984975 12.780276 4.464000  2.492980
17  744.867885 1856.793539 0.911000  1.659300 4.635467 1.717000  2.397934
18  742.633799 1882.505707 0.787000  2.162500 4.497897 1.650000  -0.772217
19  658.434497 1933.662746 1.830000  1.820026 3.647109 1.763000  2.368822
20  716.123445 1889.452744 1.131000  2.346870 4.603439 1.759000  2.447348
21  755.381201 1885.190451 0.752000  2.241869 0.510207 1.017000  0.983161
22  683.343089 1916.260754 1.421000  2.218298 4.763869 1.566000  2.227358
23  749.306159 1887.849992 0.852000  2.108166 0.535385 1.017000  0.713921
24  729.750976 1878.134147 1.139000  2.392997 4.798007 1.919000  2.398287
25  681.518721 1915.023874 1.634000  1.159293 2.333342 1.776000  2.395156

30  27  1542800382.397543
729.683695 1892.976259 -0.689760
1  761.763277 1844.824363 0.843000  1.993900 4.954005 1.602000  2.500218
2  646.155369 1955.728847 2.177000  2.141341 5.615886 1.536000  2.401759
3  757.712958 1883.865486 0.688000  2.055954 0.501681 1.072000  2.006253
4  787.462544 1825.716706 0.796000  2.417952 4.766781 1.588000  2.594298
5  756.304573 1855.651656 0.871000  2.157526 4.918964 1.827000  2.380672
6  738.073062 1870.143946 0.975000  2.180009 4.606915 1.764000  2.525192
7  692.909165 1903.464983 1.354000  1.854168 5.008038 1.713000  2.446499
8  771.414854 1841.128400 0.858000  2.402201 4.474410 1.512000  2.418766
9  715.066216 1886.001299 0.930000  1.862720 4.573052 1.526000  2.436715
10  709.940356 1917.776319 0.597000  2.089092 0.794690 0.899000  0.762485
11  753.107195 1885.903950 0.702000  2.220695 0.462762 1.017000  1.011332
12  758.133749 1883.112002 0.688000  2.087460 0.488079 1.072000  1.986634
13  663.481824 1935.934439 1.931000  2.665261 4.313170 1.679000  2.605734
14  751.695988 1886.891187 0.652000  2.111029 0.646666 1.017000  1.014347
15  809.409499 1822.908269 0.554000  1.567276 3.864970 1.570000  -0.881273
16  709.019029 1879.574308 2.248000  2.897440 12.746798 4.464000  2.545622
17  739.650983 1860.731525 0.881000  2.107662 4.842856 1.717000  2.426357
18  748.173107 1877.752916 0.763000  2.119620 4.710825 1.650000  -0.808836
19  654.086001 1938.900768 1.912000  1.412814 4.419293 1.763000  2.743400
20  711.729018 1892.569468 1.110000  2.309862 4.586253 1.759000  2.367417
21  755.446642 1884.206615 0.752000  2.212674 0.589892 1.017000  1.015861
22  757.504620 1884.184555 0.688000  2.127773 0.351411 1.072000  1.970071
23  679.853252 1919.182764 1.590000  1.960160 4.742262 1.566000  2.485648
24  749.410775 1888.353872 0.752000  1.955356 0.465033 1.017000  0.685590
25  725.416676 1881.494079 1.060000  2.155527 4.772468 1.919000  2.469258
26  675.742722 1919.758409 1.726000  1.482898 2.294228 1.776000  2.389187
27  749.853689 1888.176194 0.652000  2.174478 0.572658 1.017000  0.663607

31  26  1542800382.897959
735.344191 1888.273213 -0.681470
1  759.309876 1845.824089 0.825000  1.790198 4.649942 1.602000  2.301830
2  757.517950 1883.920141 0.688000  2.112685 0.442735 1.072000  2.060232
3  783.483525 1830.530435 1.046000  1.651091 4.078550 1.588000  2.359746
4  752.384078 1858.744966 0.843000  2.001730 4.549866 1.827000  2.406410
5  734.826520 1873.959553 0.986000  2.141723 4.874023 1.764000  2.379576
6  688.387972 1907.672323 1.443000  2.386403 4.944171 1.713000  2.435553
7  767.810099 1845.511346 1.008000  1.809397 4.433559 1.512000  2.299550
8  710.876487 1888.807945 0.945000  2.031541 4.511863 1.526000  2.502735
9  710.119280 1917.430728 0.597000  2.253658 0.519228 0.899000  0.680694
10  753.346259 1885.952940 0.802000  2.043644 0.504005 1.017000  1.037047
11  758.174738 1883.305661 0.688000  2.112951 0.461035 1.072000  1.976680
12  660.479136 1937.875413 1.936000  2.560004 4.450370 1.679000  2.709639
13  751.992448 1886.861358 0.752000  2.115475 0.438733 1.017000  1.028713
14  816.034963 1815.119437 0.907000  1.704136 5.082901 1.570000  -0.943246
15  708.643341 1880.176479 2.348000  3.087544 12.711292 4.464000  2.536724
16  735.697130 1863.895935 0.852000  1.995786 4.985577 1.717000  2.436476
17  754.061487 1873.354391 0.892000  2.259434 4.354691 1.650000  -0.715310
18  780.407191 1863.130718 0.821000  2.274574 0.237550 0.956000  -0.256934
19  708.053270 1895.751584 1.139000  2.202798 4.721417 1.759000  2.433363
20  755.397310 1884.776767 0.752000  2.072023 0.624025 1.017000  0.982839
21  756.775097 1884.279251 0.688000  2.067537 0.330502 1.072000  2.026445
22  749.684978 1888.337853 0.752000  2.076675 0.489203 1.017000  0.693123
23  721.589198 1884.427802 1.072000  2.296679 4.780259 1.919000  2.527337
24  785.464140 1834.587161 1.134000  2.762492 5.897860 2.931000  2.511903
25  669.418756 1923.926803 1.618000  1.978742 2.000632 1.776000  2.204331
26  749.518191 1887.824135 0.652000  2.218087 0.386550 1.017000  0.747919

32  26  1542800383.397856
741.069011 1883.588773 -0.678226
1  756.710632 1845.985713 0.808000  2.238957 4.750834 1.602000  2.370989
2  757.515103 1883.980058 0.688000  2.204431 0.455030 1.072000  2.031555
3  780.654684 1834.966718 0.896000  1.827218 4.831188 1.588000  2.290880
4  747.647615 1862.386423 0.915000  1.715459 4.801262 1.827000  2.476817
5  730.652085 1877.239386 0.998000  2.199516 4.754568 1.764000  2.412528
6  782.386445 1861.808258 0.571000  2.298147 0.387185 0.956000  1.894878
7  683.683740 1913.130408 1.531000  1.914894 4.814714 1.713000  2.515509
8  763.895585 1848.806803 0.908000  1.894966 4.505613 1.512000  2.447977
9  706.317762 1892.746684 1.060000  2.048709 4.709255 1.526000  2.509904
10  709.500428 1917.407902 0.597000  2.336695 0.578674 0.899000  0.551151
11  753.799417 1885.617326 0.752000  2.238628 0.646232 1.017000  1.037077
12  758.364142 1883.070755 0.688000  2.044016 0.562783 1.072000  1.962029
13  658.694332 1942.597781 2.091000  2.397724 3.254619 1.679000  2.726553
14  751.617449 1886.829863 0.652000  2.079878 0.421993 1.017000  1.060543
15  823.281292 1809.217818 0.609000  2.222682 4.180119 1.570000  -0.921394
16  708.589491 1879.807856 2.398000  2.813169 12.663610 4.464000  2.522216
17  730.797609 1867.962484 0.891000  2.042532 4.950551 1.717000  2.379300
18  759.596447 1868.875462 0.787000  2.132898 4.650735 1.650000  -0.713798
19  780.186667 1863.983790 0.721000  2.200757 0.289350 0.956000  -0.337333
20  703.788311 1899.225882 1.218000  2.459834 4.741621 1.759000  2.562726
21  755.377386 1884.706958 0.752000  2.095644 0.231091 1.017000  1.008310
22  756.937589 1884.349055 0.688000  2.051720 0.437824 1.072000  2.031214
23  749.612041 1888.013994 0.752000  2.182001 0.507529 1.017000  0.680708
24  717.730196 1887.495708 1.083000  2.448126 4.871767 1.919000  2.440827
25  786.197396 1834.211134 1.150000  3.622850 5.789791 2.931000  2.223689
26  749.689555 1888.097966 0.652000  1.986404 0.378808 1.017000  0.654190

33  28  1542800383.897713
746.854121 1878.908072 -0.673215
1  752.902893 1849.424734 0.775000  2.234900 4.819187 1.602000  2.404173
2  757.896685 1883.550942 0.688000  2.364190 0.425576 1.072000  2.034804
3  780.546028 1862.528100 0.621000  2.037011 0.319712 0.956000  0.757798
4  775.430735 1838.452152 0.946000  1.765736 4.816029 1.588000  2.409950
5  743.198781 1866.432892 0.988000  2.012501 4.599707 1.827000  2.448785
6  744.238850 1860.507484 0.760000  1.999244 5.195960 1.707000  2.433942
7  726.214149 1880.794743 1.009000  2.105579 4.965013 1.764000  2.381236
8  782.254200 1861.928871 0.571000  1.930952 0.274270 0.956000  1.913384
9  678.294128 1916.154948 1.669000  2.113687 5.461943 1.713000  2.311385
10  759.901132 1851.898079 0.808000  1.840876 4.515348 1.512000  2.342781
11  710.235183 1917.329859 0.597000  1.831260 0.647331 0.899000  0.717346
12  753.084017 1885.581451 0.740000  2.152728 0.397494 1.017000  1.028077
13  757.972527 1883.159267 0.688000  2.081310 0.334359 1.072000  1.982536
14  656.210781 1947.623529 2.246000  2.492606 5.429812 1.679000  2.697157
15  751.664506 1886.762240 0.652000  2.002066 0.413980 1.017000  1.043641
16  827.010065 1801.752487 0.212000  2.267234 4.263520 1.570000  -0.933801
17  708.547364 1879.875263 2.398000  3.012973 12.743045 4.464000  2.537465
18  726.497720 1870.782577 0.852000  1.950536 4.866398 1.717000  2.438033
19  765.027383 1864.382442 0.781000  2.069839 4.468314 1.650000  -0.732434
20  766.613842 1841.934620 0.743000  2.400088 4.613933 1.596000  2.397166
21  780.439718 1864.258795 0.721000  2.287085 0.550314 0.956000  -0.339626
22  700.638165 1902.363216 1.297000  2.210365 4.802413 1.759000  2.421877
23  755.470614 1884.777311 0.752000  2.125574 0.390997 1.017000  1.039320
24  757.371118 1884.652110 0.688000  2.046829 0.196791 1.072000  2.109844
25  749.344730 1888.054057 0.752000  2.076923 0.416453 1.017000  0.740681
26  714.486402 1890.555641 1.144000  2.233779 4.964784 1.919000  2.499603
27  786.424416 1833.543731 1.166000  3.744196 6.276156 2.931000  2.480347
28  749.857728 1888.247888 0.652000  2.141361 0.341295 1.017000  0.722906

34  27  1542800384.397580
752.586687 1874.276657 -0.668531
1  748.177656 1853.335128 0.725000  2.079556 4.480829 1.602000  2.396702
2  757.495846 1884.084642 0.688000  2.252210 0.357790 1.072000  2.041526
3  781.121983 1862.899839 0.621000  2.179123 0.407607 0.956000  0.787939
4  770.777609 1842.764494 0.946000  1.881162 4.475959 1.588000  2.324854
5  738.640873 1870.407759 1.010000  1.960845 4.578214 1.827000  2.475837
6  739.243871 1865.101716 0.806000  2.021855 5.070438 1.707000  2.387107
7  722.565531 1884.599203 1.120000  2.174697 4.502944 1.764000  2.400820
8  782.439303 1861.901574 0.571000  1.988482 0.372718 0.956000  1.866538
9  755.095378 1856.310099 0.781000  1.978231 4.547143 1.512000  2.435681
10  708.903043 1917.892396 0.597000  2.136525 0.728413 0.899000  0.766606
11  753.501027 1885.696684 0.728000  2.170352 0.596619 1.017000  1.069244
12  758.102628 1883.472620 0.688000  1.974034 0.327603 1.072000  2.025434
13  652.114029 1945.793271 2.401000  2.021080 5.286597 1.679000  2.646324
14  751.806383 1886.638331 0.652000  2.173360 0.339989 1.017000  0.968528
15  836.597774 1797.504726 -0.186000  3.034954 4.616544 1.570000  -0.992161
16  708.637084 1879.452489 2.527000  2.922135 12.386588 4.464000  2.684635
17  721.834565 1874.692515 0.852000  1.737274 4.931192 1.717000  2.512850
18  770.755828 1859.619987 0.775000  2.121622 4.747953 1.650000  -0.711001
19  762.310657 1845.550471 0.743000  1.996296 4.592221 1.596000  2.347529
20  780.315871 1864.017364 0.696000  2.174961 0.453911 0.956000  -0.310532
21  696.869643 1904.538398 1.426000  2.204620 4.801387 1.759000  2.398028
22  755.447938 1884.788909 0.752000  2.195428 0.447921 1.017000  1.022951
23  757.199460 1884.181433 0.688000  2.160004 0.398962 1.072000  2.017075
24  749.542162 1888.286194 0.752000  2.211896 0.502474 1.017000  0.719211
25  710.290816 1894.989569 1.306000  2.138623 5.153528 1.919000  2.432637
26  786.043319 1832.613327 1.182000  3.289710 6.264495 2.931000  2.434155
27  750.064781 1888.684254 0.652000  2.107041 0.611144 1.017000  0.697432

35  28  1542800384.947787
758.924741 1869.230161 -0.666698
1  743.137720 1857.928092 0.920000  1.963194 4.840101 1.602000  2.422637
2  793.339374 1820.130749 0.514000  2.497174 4.540341 1.803000  2.472570
3  757.339689 1883.951239 0.688000  2.093288 0.460998 1.072000  2.018968
4  780.755417 1862.973642 0.621000  2.332957 0.578958 0.956000  0.697792
5  765.292032 1846.843794 0.846000  2.084174 4.606276 1.588000  2.409278
6  734.189433 1874.018253 0.984000  1.885968 4.673853 1.827000  2.470401
7  797.030203 1812.915590 0.322000  2.694847 5.082591 1.682000  2.514548
8  734.596825 1869.155538 0.856000  2.091311 5.000944 1.707000  2.403964
9  718.536678 1887.516530 1.242000  2.451370 4.900096 1.764000  2.573374
10  782.521194 1861.687414 0.571000  2.194656 0.506814 0.956000  1.901424
11  750.002154 1860.582434 0.750000  1.997202 4.661654 1.512000  2.407350
12  710.759919 1917.351206 0.597000  2.170886 0.547055 0.899000  0.748521
13  753.276409 1885.417745 0.714000  2.126628 0.237797 1.017000  0.955704
14  758.257667 1883.306406 0.688000  1.865450 0.257826 1.072000  1.962656
15  751.595988 1887.072718 0.652000  2.188624 0.548635 1.017000  1.010754
16  842.238078 1791.287686 -0.623000  0.831095 5.003171 1.570000  -0.778348
17  708.875861 1880.407302 2.448000  2.928127 12.497833 4.464000  2.490185
18  717.771703 1878.904014 0.852000  1.786024 4.939427 1.717000  2.405907
19  777.280327 1854.598588 0.730000  2.066675 4.334208 1.650000  -0.780056
20  756.934936 1850.335403 0.743000  2.029417 4.565061 1.596000  2.394890
21  780.023076 1864.125745 0.670000  2.177928 0.309277 0.956000  -0.365149
22  693.723867 1908.964793 1.568000  2.424284 3.963992 1.759000  2.345144
23  755.248809 1884.431359 0.752000  2.097252 0.461492 1.017000  0.972414
24  756.807147 1884.474473 0.688000  1.863142 0.391244 1.072000  1.981294
25  749.453581 1887.887484 0.752000  2.043404 0.376832 1.017000  0.704202
26  706.238266 1897.647305 1.428000  1.981403 5.426250 1.919000  2.388567
27  786.514602 1833.287494 1.200000  2.874678 6.798548 2.931000  2.329420
28  749.866424 1888.302124 0.652000  2.214323 0.414534 1.017000  0.718243

36  29  1542800385.448218
764.678330 1864.620039 -0.668491
1  738.852678 1861.645122 0.998000  2.028188 4.818614 1.602000  2.454610
2  789.271173 1825.362752 0.564000  2.207098 5.048650 1.803000  2.473444
3  758.256176 1884.401576 0.688000  2.192483 0.471419 1.072000  2.011201
4  781.038061 1862.653011 0.621000  2.300201 0.432752 0.956000  0.705687
5  760.727329 1851.350850 0.755000  2.058730 4.630902 1.588000  2.405667
6  729.843570 1877.996038 0.960000  1.979968 4.855515 1.827000  2.476878
7  792.117955 1819.160368 0.330000  1.968211 4.719069 1.682000  2.509094
8  729.581610 1873.318575 0.901000  2.111148 5.434342 1.707000  2.348631
9  713.877234 1891.511934 1.354000  2.449797 4.733356 1.764000  2.545730
10  782.320216 1861.901063 0.571000  2.010949 0.433945 0.956000  1.940653
11  745.789081 1864.212751 0.722000  2.075469 4.584079 1.512000  2.456598
12  846.887045 1761.913867 -1.233000  2.614734 3.047480 1.609000  2.164444
13  753.555760 1885.622907 0.702000  2.018160 0.447211 1.017000  1.056485
14  758.034672 1883.127113 0.688000  2.117116 0.433138 1.072000  2.042255
15  751.396661 1886.906379 0.652000  2.213798 0.422572 1.017000  1.017013
16  846.640829 1783.970076 -0.871000  2.699547 4.222908 1.570000  -0.877559
17  709.110422 1879.120131 2.298000  3.196414 12.468159 4.464000  2.457294
18  712.203734 1882.849461 0.852000  1.961311 4.658376 1.717000  2.525817
19  782.969793 1849.625957 0.688000  2.206661 4.680231 1.650000  -0.763327
20  751.416194 1854.061143 0.730000  1.965050 4.520296 1.596000  2.426629
21  780.407728 1864.374536 0.645000  2.029765 0.447918 0.956000  -0.298015
22  690.846640 1911.682365 1.515000  2.477978 4.227906 1.759000  2.570406
23  755.640493 1884.497577 0.752000  2.169221 0.473017 1.017000  0.994858
24  756.978527 1884.510430 0.688000  2.053275 0.629333 1.072000  2.027349
25  749.521317 1888.163904 0.752000  2.185990 0.477042 1.017000  0.682825
26  777.182121 1836.782135 0.745000  1.955677 4.722044 1.585000  2.428964
27  703.191033 1899.259747 1.485000  2.165711 4.804904 1.919000  2.365475
28  786.676296 1833.171130 1.216000  3.403373 6.515825 2.931000  2.376626
29  749.990972 1888.184119 0.652000  2.150201 0.570103 1.017000  0.674233

37  31  1542800385.948086
770.489369 1859.957943 -0.671656
1  734.804776 1865.693466 1.075000  1.881404 4.601047 1.602000  2.453150
2  785.322085 1829.545389 0.664000  2.195325 4.961272 1.803000  2.319483
3  757.414306 1884.008198 0.688000  2.184606 0.432176 1.072000  2.001675
4  781.158437 1862.585557 0.621000  2.280851 0.422656 0.956000  0.799889
5  756.221032 1855.624394 0.864000  2.096304 4.709300 1.588000  2.430983
6  726.860242 1880.919372 1.087000  2.088350 4.909827 1.827000  2.467434
7  786.575140 1823.195254 0.438000  2.052240 4.871888 1.682000  2.411798
8  724.680974 1877.841757 0.946000  1.808483 5.329558 1.707000  2.390444
9  711.366211 1893.719179 1.415000  2.172982 4.998911 1.764000  2.299025
10  782.620129 1861.714880 0.571000  1.989815 0.501661 0.956000  1.903715
11  741.508785 1867.418810 0.895000  1.907596 4.690920 1.512000  2.429262
12  844.928914 1766.529049 -1.044000  2.024668 4.458155 1.609000  2.601868
13  753.366075 1885.823325 0.702000  2.275589 0.499008 1.017000  1.002565
14  757.740172 1883.366780 0.688000  2.163243 0.393989 1.072000  2.001313
15  809.893751 1803.411234 -0.023000  2.145707 4.503540 1.691000  2.308802
16  751.779287 1887.019247 0.652000  2.007123 0.389819 1.017000  1.049042
17  854.089998 1775.282537 -1.224000  2.743378 4.817300 1.570000  -0.820230
18  709.596661 1880.697411 2.348000  3.433201 12.945639 4.464000  2.399051
19  709.640633 1886.657156 0.852000  2.199004 5.282954 1.717000  2.415792
20  788.735461 1844.768130 0.696000  2.195025 4.508823 1.650000  -0.783897
21  747.103629 1858.220981 0.816000  2.147535 4.609675 1.596000  2.519458
22  780.230842 1864.033701 0.621000  2.361350 0.560322 0.956000  -0.349719
23  755.211235 1885.057208 0.752000  1.973669 0.359057 1.017000  1.000805
24  848.713094 1763.579741 -1.601000  1.969351 5.139137 1.757000  2.292247
25  757.559498 1884.361941 0.688000  2.362861 0.370190 1.072000  2.002446
26  749.286933 1888.270439 0.752000  2.038146 0.672053 1.017000  0.667773
27  772.809605 1840.483556 0.745000  1.776376 4.737497 1.585000  2.410891
28  699.674058 1903.185341 1.442000  2.157111 4.541161 1.919000  2.598258
29  787.168065 1832.966688 1.232000  3.335728 6.368985 2.931000  2.332175
30  750.209067 1888.310461 0.652000  2.169518 0.469955 1.017000  0.733742
31  773.829997 1834.799379 0.508000  2.022429 4.681626 1.680000  2.380179

38  31  1542800386.398207
775.698546 1855.722292 -0.681869
1  730.976209 1869.745665 1.144000  2.271103 4.471394 1.602000  2.499646
2  780.369398 1833.017695 0.664000  2.170551 4.778764 1.803000  2.447175
3  757.561489 1883.678858 0.688000  2.111724 0.335555 1.072000  1.974061
4  781.003635 1862.650175 0.621000  2.324131 0.508239 0.956000  0.709365
5  751.911307 1858.825280 0.923000  2.060910 4.544667 1.588000  2.430989
6  721.598320 1884.476917 1.251000  1.978983 4.545930 1.827000  2.544544
7  782.333509 1826.948054 0.535000  2.132622 4.818298 1.682000  2.355885
8  720.725695 1880.745859 1.087000  2.253914 5.821714 1.707000  2.581781
9  705.507491 1897.208712 1.570000  1.421426 4.877788 1.764000  2.356280
10  782.174470 1861.793674 0.571000  2.033198 0.610567 0.956000  1.901366
11  737.946676 1870.501083 1.000000  2.195671 4.844313 1.512000  2.387664
12  837.746376 1771.207713 -1.143000  1.702504 4.281772 1.609000  2.584587
13  753.523928 1886.048838 0.702000  2.133227 0.247041 1.017000  0.978549
14  758.049539 1883.610941 0.688000  2.168418 0.528191 1.072000  1.988758
15  808.571781 1805.030187 0.035000  2.271438 4.357065 1.691000  2.384888
16  751.318602 1886.699618 0.652000  2.380748 0.246054 1.017000  1.093821
17  858.594356 1770.623042 -1.542000  2.916103 3.401110 1.570000  -0.611658
18  708.754603 1880.776461 2.548000  3.080241 12.798089 4.464000  2.471181
19  706.662862 1890.132031 0.852000  2.644527 4.703689 1.717000  2.319321
20  793.604376 1840.287463 0.574000  2.181034 4.450096 1.650000  -0.725837
21  742.694659 1862.311393 0.894000  2.087572 4.527741 1.596000  2.418107
22  780.501646 1863.989317 0.621000  2.282162 0.491076 0.956000  -0.278651
23  755.818462 1884.194976 0.752000  2.089756 0.487152 1.017000  0.994208
24  845.949672 1767.701905 -1.376000  1.626828 5.214705 1.757000  2.703401
25  757.316056 1884.226009 0.688000  2.166830 0.450949 1.072000  2.039309
26  749.935836 1888.443452 0.752000  2.155366 0.634393 1.017000  0.636012
27  769.424625 1843.986260 0.745000  1.921297 4.934906 1.585000  2.461496
28  695.618134 1903.823746 1.404000  2.444120 5.291879 1.919000  2.495560
29  787.381995 1833.221520 1.202000  3.304463 6.418116 2.931000  2.371961
30  749.934999 1888.275378 0.652000  2.271840 0.555195 1.017000  0.632273
31  769.388001 1839.146547 0.631000  2.012452 4.876246 1.680000  2.434192

39  29  1542800386.898102
781.458590 1850.940776 -0.692412
1  727.517492 1872.225570 1.222000  1.731362 4.250704 1.602000  2.410268
2  776.398635 1836.639352 0.752000  2.167415 4.718771 1.803000  2.439819
3  757.655030 1884.069757 0.688000  2.001420 0.422223 1.072000  1.982087
4  781.125710 1863.083230 0.621000  2.031201 0.632607 0.956000  0.784861
5  747.626652 1862.892736 1.049000  2.248020 4.610650 1.588000  2.483100
6  718.394344 1887.030075 1.433000  1.833294 4.662522 1.827000  2.324088
7  777.394201 1831.667414 0.643000  2.132363 4.819871 1.682000  2.391013
8  715.931000 1884.604249 1.244000  1.816148 5.435016 1.707000  2.488065
9  703.548161 1901.889765 1.592000  2.822477 4.896097 1.764000  2.424373
10  782.356033 1861.677254 0.571000  2.177710 0.722544 0.956000  1.895178
11  733.721335 1873.740526 1.072000  2.085638 4.697119 1.512000  2.471404
12  832.343110 1778.265593 -0.643000  1.863012 5.123028 1.609000  2.439557
13  753.302667 1885.768112 0.702000  1.862312 0.524030 1.017000  1.073716
14  757.853708 1882.816848 0.755000  1.984682 0.374054 1.072000  1.992296
15  807.884291 1806.351479 0.155000  2.062161 4.747631 1.691000  2.682482
16  751.426697 1887.397186 0.652000  1.853048 0.567684 1.017000  0.948963
17  865.716119 1762.872025 -1.895000  2.577263 4.297990 1.570000  -0.795434
18  709.566139 1877.981255 2.770000  2.786836 11.906295 4.464000  2.464483
19  799.542410 1835.468525 0.600000  2.082701 4.607013 1.650000  -0.780920
20  737.306845 1866.712791 1.097000  1.843828 4.440548 1.596000  2.290140
21  780.199323 1864.097664 0.621000  2.267390 0.606228 0.956000  -0.373902
22  755.079551 1884.769974 0.752000  2.136579 0.459962 1.017000  1.011468
23  843.941308 1771.794678 -1.126000  2.448198 5.613946 1.757000  2.407090
24  757.497930 1884.426997 0.688000  2.505444 0.349806 1.072000  1.999847
25  765.224701 1847.207685 0.795000  2.084371 4.721625 1.585000  2.400078
26  691.816408 1909.490384 1.460000  2.158849 4.438477 1.919000  2.775016
27  787.438302 1833.082661 1.168000  3.334729 6.458736 2.931000  2.350598
28  750.084155 1888.653899 0.652000  2.358441 0.179557 1.017000  0.490047
29  764.073586 1843.493335 0.768000  2.046446 4.450966 1.680000  2.424149

40  22  1542800387.397971
787.196827 1846.045855 -0.709239
1  772.662949 1840.817639 0.890000  2.047731 5.077707 1.803000  2.441659
2  757.620333 1883.800733 0.688000  2.039396 0.646303 1.072000  1.940041
3  780.721802 1862.987801 0.621000  2.253511 0.461996 0.956000  0.772787
4  742.851974 1866.501524 1.175000  1.901901 4.821246 1.588000  2.457118
5  713.631754 1890.587952 1.565000  1.681182 5.074482 1.827000  2.357433
6  772.254668 1836.057930 0.768000  1.988489 4.744297 1.682000  2.442046
7  698.712005 1902.343763 1.614000  2.807763 5.244322 1.764000  2.367130
8  782.443075 1861.702034 0.571000  2.122908 0.586571 0.956000  1.964333
9  730.909191 1877.074037 1.244000  2.474017 4.304074 1.512000  2.299188
10  826.744211 1785.080739 -0.593000  3.108571 4.460317 1.609000  2.180476
11  759.223813 1883.497159 0.821000  2.217426 0.477328 1.072000  1.977108
12  804.826086 1807.517636 0.125000  1.946816 4.452615 1.691000  2.599218
13  873.128942 1756.210736 -2.247000  2.526587 4.638672 1.570000  -1.127443
14  708.124798 1881.104618 2.892000  3.014878 12.586852 4.464000  2.256170
15  805.055432 1829.960860 0.525000  2.148696 4.430532 1.650000  -0.833245
16  732.625526 1870.685146 1.300000  1.820829 4.645732 1.596000  2.396419
17  780.192194 1863.787358 0.621000  2.373164 0.505429 0.956000  -0.366880
18  755.342630 1885.479983 0.752000  2.306257 0.466954 1.017000  0.972815
19  839.117802 1775.128800 -0.976000  2.001192 4.781512 1.757000  2.450134
20  761.515823 1851.308337 0.945000  1.957418 4.603357 1.585000  2.306573
21  787.412718 1832.411187 1.118000  3.341942 6.395510 2.931000  2.330435
22  759.951799 1848.364125 0.855000  2.141457 4.751965 1.680000  2.536081

41  19  1542800387.897823
792.890418 1841.041609 -0.723105
1  768.065603 1844.152519 1.078000  2.008599 4.821604 1.803000  2.423878
2  757.131129 1883.320628 0.688000  2.259165 0.071555 1.072000  2.011704
3  740.708796 1869.894256 1.300000  1.864698 4.629038 1.588000  2.547838
4  709.092503 1893.476225 1.847000  1.780351 4.114539 1.827000  2.343400
5  767.510373 1840.221176 0.893000  1.962092 4.614276 1.682000  2.431238
6  696.087639 1905.722014 2.086000  1.772194 3.877725 1.764000  2.540270
7  782.733044 1861.929980 0.571000  1.921068 0.682954 0.956000  1.934611
8  727.506201 1880.797512 1.367000  2.507580 4.544475 1.512000  2.372366
9  822.596574 1791.063930 -0.293000  1.914427 4.432092 1.609000  2.298010
10  757.745806 1882.966419 0.888000  2.067745 0.458137 1.072000  2.063004
11  801.165589 1808.770952 0.267000  1.956251 4.408851 1.691000  2.584079
12  878.200604 1750.701296 -2.600000  1.160255 4.008406 1.570000  -1.107828
13  709.546382 1880.975056 2.892000  3.017393 12.348158 4.464000  2.496869
14  810.921853 1824.890477 0.325000  2.335790 4.570385 1.650000  -0.740819
15  728.411870 1873.588459 1.502000  2.088236 4.806193 1.596000  2.545040
16  835.745928 1780.177035 -0.626000  1.973153 5.300582 1.757000  2.278237
17  757.469637 1854.938884 1.094000  1.698631 4.707536 1.585000  2.336495
18  787.855649 1832.686539 1.168000  3.436978 6.303955 2.931000  2.349899
19  754.064614 1852.885369 1.092000  2.154502 4.682416 1.680000  2.544878

