41
1 33 1538984233.560834
715.700301 1809.994870 -1.299853
1 695.324511 1800.565847 -0.036009 0.136034
2 683.188217 1784.526348 0.016004 -0.048012
3 702.874642 1809.859466 -0.100025 0.108027
4 707.222294 1782.619896 -0.052013 0.066017
5 695.915000 1817.062000 0.000000 0.000000
6 694.289348 1790.395756 -0.048012 -0.018005
7 710.537565 1782.886000 -0.032008 0.000000
8 733.751728 1815.049136 -0.020005 0.010003
9 687.027633 1809.641714 -0.248062 -0.242061
10 699.297000 1813.671000 0.000000 0.000000
11 688.671403 1779.706534 -0.044011 -0.108027
12 706.047919 1806.880054 -0.006002 0.004001
13 713.740000 1784.123000 0.000000 0.000000
14 725.884375 1791.903254 -1.298325 -1.086272
15 711.208000 1784.920000 0.000000 0.000000
16 713.041000 1785.085000 0.000000 0.000000
17 737.946000 1804.955000 0.000000 0.000000
18 712.495000 1783.739000 0.000000 0.000000
19 711.488000 1784.329000 0.000000 0.000000
20 719.805302 1818.037145 0.906227 -1.094274
21 675.035375 1821.901570 -0.046012 0.042011
22 706.833272 1781.280118 0.020005 0.156039
23 710.938941 1784.137294 -0.078020 -0.052013
24 709.080267 1782.964032 -0.054014 0.076019
25 717.626978 1792.215770 -1.180295 -1.048262
26 710.195000 1783.901000 0.000000 0.000000
27 697.535000 1815.170000 0.000000 0.000000
28 686.715674 1781.035321 -0.024006 -0.050013
29 731.902000 1797.509000 0.000000 0.000000
30 717.622254 1791.271526 -1.086272 -1.066267
31 723.085650 1814.198602 0.858215 -1.134284
32 697.095570 1799.148543 0.042011 0.040010
33 690.957348 1793.923837 -0.048012 -0.012003

2 32 1538984234.016297
716.033970 1808.178290 -1.464684
1 695.308110 1800.627805 -0.036009 0.136034
2 702.829084 1809.908669 -0.100025 0.108027
3 707.198604 1782.649964 -0.052013 0.066017
4 695.915000 1817.062000 0.000000 0.000000
5 694.267481 1790.387555 -0.048012 -0.018005
6 710.522987 1782.886000 -0.032008 0.000000
7 738.181000 1805.834000 0.000000 0.000000
8 712.545000 1784.764000 0.000000 0.000000
9 733.742617 1815.053692 -0.020005 0.010003
10 686.914649 1809.531464 -0.248062 -0.242061
11 700.809000 1811.906000 0.000000 0.000000
12 699.297000 1813.671000 0.000000 0.000000
13 688.651357 1779.657331 -0.044011 -0.108027
14 706.045185 1806.881877 -0.006002 0.004001
15 713.740000 1784.123000 0.000000 0.000000
16 725.293036 1791.408497 -1.298325 -1.086272
17 694.978603 1780.818361 1.180295 -0.498125
18 711.208000 1784.920000 0.000000 0.000000
19 713.041000 1785.085000 0.000000 0.000000
20 712.495000 1783.739000 0.000000 0.000000
21 711.488000 1784.329000 0.000000 0.000000
22 720.218055 1817.538744 0.906227 -1.094274
23 675.014419 1821.920705 -0.046012 0.042011
24 706.842383 1781.351188 0.020005 0.156039
25 710.903406 1784.113604 -0.078020 -0.052013
26 709.055666 1782.998656 -0.054014 0.076019
27 697.535000 1815.170000 0.000000 0.000000
28 731.902000 1797.509000 0.000000 0.000000
29 717.127497 1790.785880 -1.086272 -1.066267
30 708.856052 1831.045809 0.744186 -0.934234
31 704.668141 1824.090141 4.049014 -3.506878
32 690.935481 1793.918370 -0.048012 -0.012003

3 33 1538984234.541591
716.059124 1806.007316 -1.648484
1 695.262536 1800.632000 -0.089925 0.000000
2 683.203905 1784.479286 0.015987 -0.047960
3 702.827976 1809.909036 0.003997 -0.005995
4 707.170322 1782.684607 -0.053955 0.065945
5 695.915000 1817.062000 0.000000 0.000000
6 710.507179 1782.886000 -0.029975 0.000000
7 667.858179 1818.065238 -0.029975 -0.039967
8 738.181000 1805.834000 0.000000 0.000000
9 712.545000 1784.764000 0.000000 0.000000
10 733.733107 1815.059929 -0.017985 0.011990
11 700.909143 1774.182131 -0.023980 -0.021982
12 686.784477 1809.405429 -0.247793 -0.239800
13 699.297000 1813.671000 0.000000 0.000000
14 713.740000 1784.123000 0.000000 0.000000
15 724.655206 1791.079561 -1.208992 -0.597502
16 695.597973 1780.555978 1.179017 -0.499583
17 711.208000 1784.920000 0.000000 0.000000
18 713.041000 1785.085000 0.000000 0.000000
19 737.946000 1804.955000 0.000000 0.000000
20 712.495000 1783.739000 0.000000 0.000000
21 711.488000 1784.329000 0.000000 0.000000
22 708.674083 1780.954905 0.153872 -0.151873
23 706.852881 1781.433071 0.019983 0.155870
24 709.028310 1783.039536 -0.051957 0.077935
25 710.195000 1783.901000 0.000000 0.000000
26 697.535000 1815.170000 0.000000 0.000000
27 704.398000 1779.280000 0.000000 0.000000
28 686.693131 1780.986298 -0.021982 -0.049958
29 731.902000 1797.509000 0.000000 0.000000
30 716.556479 1790.225360 -1.087093 -1.067110
31 723.907129 1813.071932 0.817318 -1.163030
32 697.116000 1799.168000 0.000000 0.000000
33 690.910286 1793.911083 -0.047960 -0.013988

4 38 1538984234.916804
715.835033 1804.502143 -1.778611
1 683.210456 1784.461476 0.017485 -0.047458
2 693.671709 1802.456136 -0.054951 0.059947
3 710.495010 1782.886000 -0.032471 0.000000
4 698.992175 1776.709486 -0.069938 -0.079929
5 667.846932 1818.050243 -0.029974 -0.039965
6 738.181000 1805.834000 0.000000 0.000000
7 667.994757 1828.808602 0.039965 0.044960
8 692.330000 1820.638000 0.000000 0.000000
9 712.545000 1784.764000 0.000000 0.000000
10 733.725621 1815.064612 -0.019982 0.012489
11 686.691690 1809.314535 -0.247282 -0.242286
12 688.612321 1779.560340 -0.042463 -0.107405
13 706.041155 1806.885845 -0.004996 0.004996
14 713.740000 1784.123000 0.000000 0.000000
15 724.171161 1790.897993 -1.291360 -0.482074
16 711.208000 1784.920000 0.000000 0.000000
17 713.041000 1785.085000 0.000000 0.000000
18 737.946000 1804.955000 0.000000 0.000000
19 712.495000 1783.739000 0.000000 0.000000
20 711.488000 1784.329000 0.000000 0.000000
21 721.033802 1816.552102 0.906699 -1.096532
22 708.731261 1780.896816 0.152365 -0.154863
23 675.013000 1821.922000 0.000000 0.000000
24 706.885281 1781.494873 0.087423 0.164854
25 682.764534 1802.585446 0.014987 0.049956
26 710.833408 1784.065631 -0.077432 -0.052454
27 709.008631 1783.068592 -0.052454 0.077432
28 716.098684 1790.847198 -0.986629 -0.906699
29 710.195000 1783.901000 0.000000 0.000000
30 704.398000 1779.280000 0.000000 0.000000
31 686.683777 1780.967554 -0.024978 -0.049956
32 731.902000 1797.509000 0.000000 0.000000
33 716.148791 1789.825170 -1.086541 -1.066558
34 709.524851 1830.203131 0.744343 -0.936673
35 724.173938 1812.642578 0.709374 -1.143990
36 697.116000 1799.168000 0.000000 0.000000
37 708.213623 1820.976336 3.774167 -3.387009
38 690.891554 1793.906388 -0.049956 -0.012489

5 46 1538984235.441967
715.216674 1802.464455 -1.938369
1 695.263730 1800.718238 0.046007 0.130021
2 683.218906 1784.436281 0.016003 -0.048008
3 693.691742 1802.434281 0.044007 -0.048008
4 702.832965 1809.904023 0.006001 -0.004001
5 695.915000 1817.062000 0.000000 0.000000
6 694.200270 1790.363094 -0.046007 -0.016003
7 710.479176 1782.886000 -0.030005 0.000000
8 698.955410 1776.667469 -0.070011 -0.080013
9 667.832164 1818.029234 -0.028004 -0.040006
10 738.181000 1805.834000 0.000000 0.000000
11 668.016754 1828.831742 0.042007 0.044007
12 712.545000 1784.764000 0.000000 0.000000
13 733.716105 1815.069941 -0.018003 0.010002
14 700.887141 1774.161129 -0.024004 -0.022003
15 686.561453 1809.187418 -0.248039 -0.242038
16 700.809000 1811.906000 0.000000 0.000000
17 699.297000 1813.671000 0.000000 0.000000
18 688.589258 1779.504621 -0.044007 -0.106017
19 706.039023 1806.887977 -0.004001 0.004001
20 713.740000 1784.123000 0.000000 0.000000
21 696.716430 1780.073328 1.292205 -0.568090
22 713.041000 1785.085000 0.000000 0.000000
23 737.946000 1804.955000 0.000000 0.000000
24 712.495000 1783.739000 0.000000 0.000000
25 690.116000 1805.765000 0.000000 0.000000
26 699.703223 1775.934082 -0.038006 -0.014002
27 711.488000 1784.329000 0.000000 0.000000
28 721.509692 1815.977410 0.906143 -1.094173
29 708.811109 1780.816891 0.152024 -0.152024
30 675.013000 1821.922000 0.000000 0.000000
31 706.931484 1781.581039 0.088014 0.164026
32 682.773895 1802.611707 0.018003 0.050008
33 709.007988 1783.050246 0.002000 -0.042007
34 715.596589 1790.354507 -0.954151 -0.940149
35 710.195000 1783.901000 0.000000 0.000000
36 697.535000 1815.170000 0.000000 0.000000
37 704.471133 1779.276047 0.148023 -0.008001
38 686.671141 1780.941293 -0.024004 -0.050008
39 731.902000 1797.509000 0.000000 0.000000
40 715.693003 1789.344308 -0.854135 -0.906143
41 697.919047 1773.257047 -0.008001 -0.008001
42 709.914653 1829.712472 0.742117 -0.934148
43 703.626000 1779.737000 0.000000 0.000000
44 697.116000 1799.168000 0.000000 0.000000
45 710.136592 1819.135576 3.654579 -3.512556
46 690.866281 1793.899082 -0.048008 -0.014002

6 43 1538984235.966862
714.268731 1800.453690 -2.069993
1 683.226090 1784.410694 -0.046010 -0.066015
2 693.669090 1802.458910 -0.046010 0.046010
3 694.209396 1790.343209 0.020004 -0.040009
4 710.462406 1782.886000 -0.030007 0.000000
5 698.918575 1776.626417 -0.072016 -0.080018
6 667.816446 1818.007209 -0.028006 -0.040009
7 738.181000 1805.834000 0.000000 0.000000
8 668.038831 1828.855871 0.042009 0.044010
9 692.330000 1820.638000 0.000000 0.000000
10 691.430237 1774.897744 0.012003 -0.114025
11 712.545000 1784.764000 0.000000 0.000000
12 709.419000 1781.425000 0.000000 0.000000
13 686.435050 1809.065050 -0.048011 -0.048011
14 700.809000 1811.906000 0.000000 0.000000
15 688.566129 1779.447863 -0.044010 -0.108024
16 713.740000 1784.123000 0.000000 0.000000
17 722.817506 1790.389546 -1.238275 -0.680151
18 697.408552 1779.809334 1.342298 -0.438097
19 711.208000 1784.920000 0.000000 0.000000
20 713.048277 1785.075644 0.014003 -0.018004
21 737.946000 1804.955000 0.000000 0.000000
22 712.495000 1783.739000 0.000000 0.000000
23 711.466169 1784.324802 -0.042009 -0.010002
24 662.597356 1804.144356 0.018004 0.018004
25 707.030295 1781.527180 0.116026 -0.092020
26 682.780061 1802.635259 -0.098022 -0.088020
27 710.821802 1784.079277 -0.010002 0.014003
28 709.008040 1783.028129 0.002000 -0.044010
29 715.101323 1789.811542 -0.944210 -1.034230
30 684.740349 1782.499209 -0.134030 -0.040009
31 710.195000 1783.901000 0.000000 0.000000
32 697.535000 1815.170000 0.000000 0.000000
33 704.547889 1779.272842 0.146032 -0.008002
34 685.205662 1811.419860 0.084019 0.094021
35 686.660633 1780.914547 0.032007 -0.124028
36 731.902000 1797.509000 0.000000 0.000000
37 715.244103 1788.869075 -0.854190 -0.906201
38 697.914842 1773.252842 -0.008002 -0.008002
39 710.304720 1829.221521 0.744165 -0.934208
40 703.626000 1779.737000 0.000000 0.000000
41 697.116000 1799.168000 0.000000 0.000000
42 712.043068 1817.285845 3.036675 -3.748833
43 690.841050 1793.891763 -0.048011 -0.012003

7 53 1538984236.421837
713.243577 1798.746739 -2.154128
1 695.242106 1800.655056 -0.044010 -0.042009
2 683.205156 1784.380659 -0.046010 -0.066015
3 702.837899 1809.898151 0.004001 -0.006001
4 707.130553 1782.733346 -0.022005 0.026006
5 695.915000 1817.062000 0.000000 0.000000
6 694.218497 1790.325006 0.020004 -0.040009
7 698.885810 1776.590011 -0.072016 -0.080018
8 667.803704 1817.989006 -0.028006 -0.040009
9 738.181000 1805.834000 0.000000 0.000000
10 668.057944 1828.875894 0.042009 0.044010
11 692.330000 1820.638000 0.000000 0.000000
12 691.435698 1774.845866 0.012003 -0.114025
13 712.545000 1784.764000 0.000000 0.000000
14 700.863603 1774.138553 -0.024005 -0.022005
15 709.419000 1781.425000 0.000000 0.000000
16 686.413207 1809.043207 -0.048011 -0.048011
17 700.809000 1811.906000 0.000000 0.000000
18 699.297000 1813.671000 0.000000 0.000000
19 688.546106 1779.398715 -0.044010 -0.108024
20 706.035101 1806.892849 -0.004001 0.006001
21 713.740000 1784.123000 0.000000 0.000000
22 722.254121 1790.080094 -1.238275 -0.680151
23 698.019264 1779.610011 1.342298 -0.438097
24 713.054648 1785.067452 0.014003 -0.018004
25 737.946000 1804.955000 0.000000 0.000000
26 712.495000 1783.739000 0.000000 0.000000
27 690.092257 1805.743156 -0.050011 -0.046010
28 688.443000 1807.566000 0.000000 0.000000
29 699.666955 1775.920352 -0.038008 -0.014003
30 711.447056 1784.320251 -0.042009 -0.010002
31 722.409923 1814.915250 0.918204 -1.084241
32 708.787380 1780.841620 -0.214048 0.214048
33 675.013000 1821.922000 0.000000 0.000000
34 707.083084 1781.485313 0.116026 -0.092020
35 682.735464 1802.595212 -0.098022 -0.088020
36 710.817251 1784.085648 -0.010002 0.014003
37 709.008950 1783.008106 0.002000 -0.044010
38 714.671731 1789.340993 -0.944210 -1.034230
39 684.679369 1782.481006 -0.134030 -0.040009
40 710.195000 1783.901000 0.000000 0.000000
41 704.614330 1779.269201 0.146032 -0.008002
42 685.243888 1811.462637 0.084019 0.094021
43 686.675196 1780.858117 0.032007 -0.124028
44 731.902000 1797.509000 0.000000 0.000000
45 714.855468 1788.456775 -0.854190 -0.906201
46 697.911201 1773.249201 -0.008002 -0.008002
47 710.643297 1828.796479 0.744165 -0.934208
48 724.822671 1811.123932 0.212047 -0.952212
49 677.790955 1807.512452 -0.038008 -0.018004
50 697.116000 1799.168000 0.000000 0.000000
51 713.424680 1815.580219 3.036675 -3.748833
52 690.819207 1793.886302 -0.048011 -0.012003
53 689.162458 1795.667207 -0.058013 -0.048011

8 61 1538984236.947437
711.868264 1796.786750 -2.205408
1 695.262950 1800.674952 -0.043961 -0.041962
2 693.670729 1802.503741 -0.235789 -0.225798
3 669.751814 1843.011791 -0.161855 -0.181837
4 702.841007 1809.894993 0.005995 -0.005995
5 695.915000 1817.062000 0.000000 0.000000
6 694.227966 1790.304911 -0.029973 -0.077930
7 710.431989 1782.885963 -0.009991 -0.031971
8 698.846915 1776.545904 -0.073934 -0.083925
9 667.787966 1817.967954 -0.029973 -0.039964
10 738.181000 1805.834000 0.000000 0.000000
11 704.809071 1777.691069 0.061944 0.059946
12 668.100794 1828.920782 -0.179839 -0.189830
13 692.330000 1820.638000 0.000000 0.000000
14 691.443016 1774.784869 0.013987 -0.113898
15 665.386729 1846.116241 -0.235789 -0.661407
16 712.545000 1784.764000 0.000000 0.000000
17 733.687979 1815.088011 -0.017984 0.009991
18 700.850972 1774.126972 -0.023979 -0.023979
19 686.436115 1809.066110 0.099910 0.095914
20 700.809000 1811.906000 0.000000 0.000000
21 699.297000 1813.671000 0.000000 0.000000
22 688.519940 1779.338869 -0.051953 -0.113898
23 706.032995 1806.895005 -0.003996 0.003996
24 721.614605 1789.701170 -1.214911 -0.723352
25 698.734583 1779.412647 1.378765 -0.307724
26 711.208000 1784.920000 0.000000 0.000000
27 713.061016 1785.057979 0.013987 -0.017984
28 687.235972 1797.127039 -0.023979 0.033970
29 737.946000 1804.955000 0.000000 0.000000
30 712.495000 1783.739000 0.000000 0.000000
31 690.066000 1805.719000 0.000000 0.000000
32 688.467000 1807.589000 0.000000 0.000000
33 699.647956 1775.912984 -0.037966 -0.013987
34 677.209945 1790.382943 -0.047957 -0.049955
35 672.608053 1812.130050 0.045959 0.043961
36 722.893255 1814.345241 1.093021 -0.661407
37 662.614968 1804.161963 -0.027975 -0.031971
38 675.013000 1821.922000 0.000000 0.000000
39 707.144133 1781.435894 0.115896 -0.091918
40 682.683890 1802.548899 -0.095914 -0.087921
41 673.132025 1794.405025 0.021980 0.021980
42 710.834975 1784.059037 -0.021980 0.031971
43 714.174881 1788.805860 -0.975126 -0.993110
44 684.609956 1782.459842 -0.037966 -0.137876
45 678.731837 1834.510833 -0.141873 -0.145869
46 710.194947 1783.900972 -0.045959 -0.023979
47 697.535000 1815.170000 0.000000 0.000000
48 685.287952 1811.511945 -0.041962 -0.047957
49 686.692039 1780.791858 0.033970 -0.123889
50 731.902000 1797.509000 0.000000 0.000000
51 714.407018 1787.980961 -0.855234 -0.905189
52 697.907995 1773.245993 -0.003996 -0.005995
53 733.725000 1792.627000 0.000000 0.000000
54 711.033853 1828.304926 0.743334 -0.935162
55 724.843920 1810.612931 -0.069937 -0.931166
56 703.626000 1779.737000 0.000000 0.000000
57 677.769954 1807.502982 -0.039964 -0.015986
58 697.116000 1799.168000 0.000000 0.000000
59 690.796950 1793.844906 -0.043961 -0.081927
60 689.131933 1795.640945 -0.057948 -0.047957
61 690.667429 1822.432427 -0.497554 -0.499552

9 57 1538984237.477633
710.344328 1794.780975 -2.234231
1 695.236802 1800.650110 -0.135886 -0.125895
2 683.157024 1784.309493 -0.063947 -0.145878
3 693.544912 1802.383344 -0.261781 -0.247793
4 702.844123 1809.891815 0.003997 -0.005995
5 707.113568 1782.723765 -0.013988 -0.039967
6 695.915000 1817.062000 0.000000 0.000000
7 694.212012 1790.263592 -0.031973 -0.077935
8 710.426691 1782.869012 -0.009992 -0.031973
9 698.807654 1776.501407 -0.075937 -0.083930
10 667.772136 1817.946765 -0.027977 -0.039967
11 738.181000 1805.834000 0.000000 0.000000
12 704.841914 1777.722914 0.061948 0.061948
13 668.005505 1828.820135 -0.177851 -0.189841
14 692.330000 1820.638000 0.000000 0.000000
15 691.448642 1774.725963 -0.043963 -0.065945
16 665.267642 1845.785568 -0.043963 -0.013988
17 712.545000 1784.764000 0.000000 0.000000
18 700.838259 1774.114321 -0.023980 -0.021982
19 686.481431 1809.112580 -0.147876 -0.045962
20 700.809000 1811.906000 0.000000 0.000000
21 699.297000 1813.671000 0.000000 0.000000
22 688.492456 1779.278419 -0.049958 -0.115903
23 720.971265 1789.318082 -1.189006 -0.709407
24 699.466033 1779.251653 1.392836 -0.237801
25 711.208000 1784.920000 0.000000 0.000000
26 713.068679 1785.048136 0.021982 -0.027977
27 712.495000 1783.739000 0.000000 0.000000
28 690.066000 1805.719000 0.000000 0.000000
29 694.185000 1818.897000 0.000000 0.000000
30 688.462493 1807.584740 -0.145878 -0.137885
31 699.629494 1775.905506 0.015987 -0.015987
32 677.184518 1790.356456 -0.047960 -0.049958
33 684.134753 1800.416309 -0.007993 0.009992
34 672.632358 1812.153297 0.043963 0.041965
35 723.472772 1813.994502 1.093086 -0.663445
36 662.600197 1804.145012 -0.025978 -0.031973
37 682.632975 1802.502345 -0.097918 -0.085928
38 673.143000 1794.416000 0.000000 0.000000
39 710.824432 1784.074321 0.013988 -0.021982
40 709.007777 1782.964074 -0.071940 -0.029975
41 678.656555 1834.433555 -0.143880 -0.143880
42 710.170580 1783.888259 -0.045962 -0.023980
43 697.535000 1815.170000 0.000000 0.000000
44 704.493049 1779.193963 -0.127893 -0.065945
45 685.267000 1811.488000 0.000000 0.000000
46 686.709988 1780.726172 0.031973 -0.123896
47 731.902000 1797.509000 0.000000 0.000000
48 713.954933 1787.510725 -0.811322 -0.591506
49 697.905815 1773.242815 -0.005995 -0.005995
50 733.725000 1792.627000 0.000000 0.000000
51 711.426856 1827.809538 0.707409 -0.921230
52 703.626000 1779.737000 0.000000 0.000000
53 697.116000 1799.168000 0.000000 0.000000
54 716.030355 1811.211157 1.532719 -4.688081
55 690.773642 1793.801530 -0.043963 -0.079933
56 689.101210 1795.615518 -0.057952 -0.047960
57 690.419000 1822.183000 0.000000 0.000000

10 51 1538984237.927271
709.023064 1793.138266 -2.257784
1 695.175702 1800.593503 -0.135886 -0.125895
2 683.128272 1784.243901 -0.063947 -0.145878
3 693.427205 1802.271927 -0.261781 -0.247793
4 669.648914 1842.941166 -0.045962 0.041965
5 702.845921 1809.889119 0.003997 -0.005995
6 707.107278 1782.705795 -0.013988 -0.039967
7 695.915000 1817.062000 0.000000 0.000000
8 710.422199 1782.854636 -0.009992 -0.031973
9 698.773510 1776.463669 -0.075937 -0.083930
10 738.181000 1805.834000 0.000000 0.000000
11 704.869768 1777.750768 0.061948 0.061948
12 667.925536 1828.734775 -0.177851 -0.189841
13 712.545000 1784.764000 0.000000 0.000000
14 733.669397 1815.098762 -0.019983 0.011990
15 700.827477 1774.104437 -0.023980 -0.021982
16 700.809000 1811.906000 0.000000 0.000000
17 699.297000 1813.671000 0.000000 0.000000
18 706.028119 1806.898921 -0.005995 0.003997
19 713.740000 1784.123000 0.000000 0.000000
20 720.436642 1788.999106 -1.189006 -0.709407
21 711.208000 1784.920000 0.000000 0.000000
22 713.078563 1785.035556 0.021982 -0.027977
23 687.220159 1797.123834 -0.007993 -0.041965
24 712.495000 1783.739000 0.000000 0.000000
25 690.066000 1805.719000 0.000000 0.000000
26 694.185000 1818.897000 0.000000 0.000000
27 688.396901 1807.522742 -0.145878 -0.137885
28 699.636682 1775.898318 0.015987 -0.015987
29 677.162954 1790.333993 -0.047960 -0.049958
30 684.131159 1800.420801 -0.007993 0.009992
31 672.652126 1812.172166 0.043963 0.041965
32 662.588517 1804.130636 -0.025978 -0.031973
33 707.257695 1781.345828 0.115903 -0.091923
34 682.588947 1802.463709 -0.097918 -0.085928
35 708.975430 1782.950596 -0.071940 -0.029975
36 684.571795 1782.324742 -0.039967 -0.137885
37 678.591861 1834.368861 -0.143880 -0.143880
38 710.149914 1783.877477 -0.045962 -0.023980
39 697.535000 1815.170000 0.000000 0.000000
40 704.435543 1779.164311 -0.127893 -0.065945
41 685.267000 1811.488000 0.000000 0.000000
42 686.724364 1780.670464 0.031973 -0.123896
43 697.903119 1773.240119 -0.005995 -0.005995
44 733.725000 1792.627000 0.000000 0.000000
45 711.744934 1827.395318 0.707409 -0.921230
46 703.626000 1779.737000 0.000000 0.000000
47 677.731755 1807.486358 -0.037968 -0.017985
48 697.116000 1799.168000 0.000000 0.000000
49 716.719523 1809.103218 1.532719 -4.688081
50 690.753874 1793.765589 -0.043963 -0.079933
51 690.419000 1822.183000 0.000000 0.000000

11 55 1538984238.446962
707.450014 1791.302642 -2.290256
1 695.128055 1800.548052 -0.089925 -0.085929
2 693.292158 1802.143151 -0.259784 -0.247794
3 669.693944 1842.901050 0.091924 -0.081932
4 702.848996 1809.886004 0.005995 -0.005995
5 707.100009 1782.684026 -0.013988 -0.041965
6 694.182018 1790.188047 -0.029975 -0.077935
7 710.417006 1782.838019 -0.009992 -0.031973
8 704.902961 1777.782962 0.063947 0.061948
9 667.832110 1828.635117 -0.179850 -0.191840
10 692.330000 1820.638000 0.000000 0.000000
11 691.406027 1774.663039 -0.043963 -0.063947
12 665.225027 1845.772009 -0.043963 -0.013988
13 712.545000 1784.764000 0.000000 0.000000
14 733.660011 1815.104993 -0.017985 0.011990
15 700.814016 1774.092015 -0.025978 -0.023980
16 709.149110 1781.749869 -0.179850 0.215820
17 686.338090 1809.018089 -0.147877 -0.145879
18 700.809000 1811.906000 0.000000 0.000000
19 706.026002 1806.901996 -0.003997 0.005995
20 713.740000 1784.123000 0.000000 0.000000
21 719.792756 1788.616449 -1.240967 -0.737386
22 711.208000 1784.920000 0.000000 0.000000
23 713.089987 1785.020018 0.021982 -0.029975
24 687.216005 1797.101027 -0.007993 -0.043963
25 712.495000 1783.739000 0.000000 0.000000
26 690.088972 1805.693032 0.045962 -0.051957
27 694.185000 1818.897000 0.000000 0.000000
28 688.465912 1807.541973 0.143880 0.043963
29 699.643991 1775.890010 0.013988 -0.015987
30 677.138029 1790.308030 -0.047960 -0.049958
31 672.675972 1812.193974 0.045962 0.041965
32 711.361026 1784.302006 -0.041965 -0.009992
33 708.389108 1781.238892 -0.177852 0.177852
34 674.939066 1821.839073 -0.107910 -0.119900
35 707.318928 1781.297057 0.117902 -0.093922
36 682.538060 1802.418054 -0.097919 -0.087927
37 708.939043 1782.936017 -0.069942 -0.027977
38 712.971437 1787.644405 -0.717403 -0.665446
39 684.552023 1782.254083 -0.037968 -0.135887
40 678.517088 1834.293089 -0.143880 -0.145879
41 710.126028 1783.865015 -0.045962 -0.023980
42 697.535000 1815.170000 0.000000 0.000000
43 704.022500 1778.878347 -0.821317 -0.569526
44 685.267000 1811.488000 0.000000 0.000000
45 635.452030 1826.366978 -0.049958 0.035970
46 686.672064 1780.673993 -0.105912 0.011990
47 731.902000 1797.509000 0.000000 0.000000
48 713.167495 1786.937360 -0.813323 -0.591508
49 733.725000 1792.627000 0.000000 0.000000
50 712.113568 1826.917560 0.709410 -0.919235
51 703.626000 1779.737000 0.000000 0.000000
52 677.711024 1807.477011 -0.039967 -0.017985
53 697.074051 1799.127050 -0.083930 -0.081932
54 717.175482 1806.582957 0.851292 -4.855959
55 689.044037 1795.569029 -0.059950 -0.047960

12 60 1538984238.978098
705.774320 1789.500075 -2.340903
1 695.142168 1800.423824 -0.193836 -0.271770
2 683.060076 1784.090611 -0.063946 -0.145877
3 693.292000 1802.143000 0.000000 0.000000
4 669.686579 1842.896760 -0.013988 -0.007993
5 702.852180 1809.882880 0.005995 -0.003997
6 695.915000 1817.062000 0.000000 0.000000
7 710.377419 1782.858038 -0.351702 -0.031973
8 698.694054 1776.375836 -0.097917 -0.071939
9 667.728158 1817.892098 -0.027976 -0.029975
10 692.330000 1820.638000 0.000000 0.000000
11 691.382737 1774.629016 -0.041965 -0.065944
12 665.201677 1845.764579 -0.043963 -0.013988
13 712.545000 1784.764000 0.000000 0.000000
14 733.649459 1815.111301 -0.017985 0.009992
15 700.801279 1774.080279 -0.023980 -0.023980
16 709.052589 1781.864493 -0.179848 0.215817
17 686.336497 1809.016557 -0.049958 -0.047959
18 700.809000 1811.906000 0.000000 0.000000
19 699.297000 1813.671000 0.000000 0.000000
20 706.023880 1806.904120 -0.003997 0.003997
21 713.740000 1784.123000 0.000000 0.000000
22 719.147447 1788.232236 -1.214972 -0.723388
23 701.479598 1779.441746 1.282915 0.423642
24 713.101661 1785.005098 0.021981 -0.029975
25 687.212323 1797.079301 0.043963 0.009992
26 690.089000 1805.693000 0.000000 0.000000
27 694.185000 1818.897000 0.000000 0.000000
28 688.426836 1807.504956 -0.071939 -0.067943
29 699.637579 1775.890060 -0.013988 0.001998
30 677.113820 1790.282699 -0.005995 -0.009992
31 684.120699 1800.430240 -0.009992 0.007993
32 672.648377 1812.185579 -0.053954 -0.013988
33 711.338737 1784.297699 -0.041965 -0.009992
34 725.111826 1813.000100 1.091077 -0.661440
35 708.295649 1781.333291 -0.177850 0.175851
36 662.560218 1804.098038 -0.025978 -0.031973
37 674.881753 1821.775453 -0.107909 -0.117900
38 646.958000 1837.502000 0.000000 0.000000
39 707.189725 1781.359487 -0.241795 0.115902
40 682.486776 1802.372978 -0.073937 -0.033971
41 673.141377 1794.417383 -0.053954 0.045961
42 710.729874 1783.981776 -0.103912 -0.073937
43 708.900836 1782.921158 -0.071939 -0.027976
44 712.588296 1787.293160 -0.721390 -0.659442
45 684.531798 1782.180852 -0.039966 -0.137883
46 678.440671 1834.216611 -0.143878 -0.145877
47 710.098912 1783.849814 -0.135885 -0.105910
48 704.059044 1778.910864 0.067943 0.061948
49 685.096321 1811.371387 -0.321728 -0.219814
50 635.435082 1826.342563 0.035970 0.051956
51 686.615814 1780.680361 -0.105910 0.011990
52 731.902000 1797.509000 0.000000 0.000000
53 712.735531 1786.623264 -0.813312 -0.589501
54 697.896820 1773.233820 -0.005995 -0.005995
55 733.725000 1792.627000 0.000000 0.000000
56 697.028152 1799.084858 -0.127892 -0.037968
57 717.090208 1803.842003 -0.857275 -4.254401
58 690.698136 1793.678475 -0.061948 -0.083929
59 688.985633 1795.496912 -0.111905 -0.135885
60 690.419000 1822.183000 0.000000 0.000000

13 61 1538984239.423280
704.318065 1788.113304 -2.408633
1 695.055876 1800.302836 -0.193836 -0.271770
2 683.031609 1784.025670 -0.063946 -0.145877
3 693.292000 1802.143000 0.000000 0.000000
4 669.680352 1842.893201 -0.013988 -0.007993
5 707.087352 1782.643056 -0.013988 -0.041965
6 694.119513 1790.080619 -0.099915 -0.143878
7 710.220847 1782.843804 -0.351702 -0.031973
8 698.650463 1776.343810 -0.097917 -0.071939
9 738.181000 1805.834000 0.000000 0.000000
10 704.983889 1777.862939 0.083929 0.081931
11 667.657524 1828.448826 -0.179848 -0.191838
12 692.330000 1820.638000 0.000000 0.000000
13 691.364056 1774.599659 -0.041965 -0.065944
14 665.182106 1845.758352 -0.043963 -0.013988
15 712.545000 1784.764000 0.000000 0.000000
16 700.790603 1774.069603 -0.023980 -0.023980
17 708.972524 1781.960571 -0.179848 0.215817
18 686.314257 1808.995206 -0.049958 -0.047959
19 700.809000 1811.906000 0.000000 0.000000
20 688.372659 1779.116860 -0.065944 -0.073937
21 706.022101 1806.905899 -0.003997 0.003997
22 718.606563 1787.910197 -1.214972 -0.723388
23 702.050728 1779.630343 1.282915 0.423642
24 687.231894 1797.083749 0.043963 0.009992
25 690.089000 1805.693000 0.000000 0.000000
26 694.185000 1818.897000 0.000000 0.000000
27 688.394810 1807.474709 -0.071939 -0.067943
28 699.631352 1775.890950 -0.013988 0.001998
29 677.111151 1790.278251 -0.005995 -0.009992
30 684.116251 1800.433799 -0.009992 0.007993
31 672.624357 1812.179352 -0.053954 -0.013988
32 711.320056 1784.293251 -0.041965 -0.009992
33 725.597554 1812.705639 1.091077 -0.661440
34 708.216474 1781.411576 -0.177850 0.175851
35 662.548653 1804.083804 -0.025978 -0.031973
36 674.833714 1821.722966 -0.107909 -0.117900
37 646.958000 1837.502000 0.000000 0.000000
38 707.082082 1781.411084 -0.241795 0.115902
39 682.453860 1802.357855 -0.073937 -0.033971
40 673.117357 1794.437844 -0.053954 0.045961
41 710.683614 1783.948860 -0.103912 -0.073937
42 708.868810 1782.908704 -0.071939 -0.027976
43 712.267147 1786.999588 -0.721390 -0.659442
44 678.376619 1834.151670 -0.143878 -0.145877
45 710.038418 1783.802664 -0.135885 -0.105910
46 697.535000 1815.170000 0.000000 0.000000
47 704.089291 1778.938442 0.067943 0.061948
48 684.953093 1811.273529 -0.321728 -0.219814
49 635.451095 1826.365693 0.035970 0.051956
50 686.568664 1780.685698 -0.105910 0.011990
51 731.902000 1797.509000 0.000000 0.000000
52 712.373459 1786.360829 -0.813312 -0.589501
53 697.894151 1773.231151 -0.005995 -0.005995
54 733.725000 1792.627000 0.000000 0.000000
55 703.626000 1779.737000 0.000000 0.000000
56 677.673005 1807.460452 -0.039966 -0.017985
57 696.971217 1799.067955 -0.127892 -0.037968
58 716.708565 1801.948020 -0.857275 -4.254401
59 690.670558 1793.641111 -0.061948 -0.083929
60 688.935815 1795.436418 -0.111905 -0.135885
61 690.419000 1822.183000 0.000000 0.000000

14 58 1538984239.953437
702.534289 1786.680793 -2.515251
1 694.932775 1800.230246 -0.044011 0.048012
2 682.986559 1784.033102 -0.086022 0.020005
3 693.268000 1802.121000 0.000000 0.000000
4 669.672928 1842.888959 -0.014004 -0.008002
5 702.857031 1809.877969 0.006002 -0.006002
6 707.058703 1782.650082 -0.058015 0.016004
7 695.915000 1817.062000 0.000000 0.000000
8 694.065463 1790.004191 -0.300075 -0.158040
9 667.699846 1817.862846 -0.030008 -0.030008
10 705.028420 1777.906410 0.082021 0.080020
11 667.563088 1828.348027 -0.178045 -0.190048
12 692.330000 1820.638000 0.000000 0.000000
13 691.302396 1774.606082 -0.118030 0.016004
14 665.158775 1845.750918 -0.044011 -0.016004
15 672.830959 1823.126969 -0.008002 -0.006002
16 638.966143 1832.064905 0.028007 0.372093
17 712.545000 1784.764000 0.000000 0.000000
18 733.631898 1815.122061 -0.020005 0.012003
19 708.835658 1782.016512 -0.262066 0.100025
20 686.240014 1808.922983 0.198050 0.192048
21 700.809000 1811.906000 0.000000 0.000000
22 699.297000 1813.671000 0.000000 0.000000
23 706.020000 1806.908000 0.000000 0.000000
24 713.740000 1784.123000 0.000000 0.000000
25 717.962771 1787.527291 -1.216304 -0.724181
26 702.532194 1779.886479 1.014254 0.484121
27 711.081918 1784.949662 -0.016004 -0.066017
28 713.076631 1785.038481 -0.072018 0.094024
29 690.012266 1805.624236 0.052013 0.046012
30 694.185000 1818.897000 0.000000 0.000000
31 688.367744 1807.449754 -0.050013 -0.048012
32 677.108969 1790.272949 -0.006002 -0.010003
33 684.112000 1800.438123 0.000000 0.024006
34 672.596734 1812.170928 -0.052013 -0.014004
35 711.297416 1784.289820 -0.114029 0.160040
36 708.121433 1781.506567 -0.306077 0.306077
37 662.534857 1804.066836 -0.028007 -0.032008
38 646.958000 1837.502000 0.000000 0.000000
39 706.927484 1781.429154 -0.296074 0.030008
40 682.414621 1802.339836 -0.074019 -0.032008
41 673.089723 1794.463246 -0.054014 0.048012
42 708.829631 1782.902949 -0.072018 -0.010003
43 712.131437 1786.800600 -0.110028 -0.078020
44 684.501877 1782.140246 -0.024006 0.048012
45 709.965293 1783.746457 -0.138035 -0.106027
46 697.535000 1815.170000 0.000000 0.000000
47 704.126348 1778.972318 0.068017 0.062016
48 731.902000 1797.509000 0.000000 0.000000
49 712.179228 1786.209617 -0.346087 -0.270068
50 733.725000 1792.627000 0.000000 0.000000
51 703.626000 1779.737000 0.000000 0.000000
52 677.652303 1807.450467 -0.136034 -0.104026
53 654.632205 1835.692942 0.040010 0.184046
54 696.852822 1798.951832 -0.230058 -0.228057
55 715.980237 1799.767033 -1.906477 -3.898976
56 690.637785 1793.597236 -0.042011 0.046012
57 688.877426 1795.364303 -0.112028 -0.136034
58 690.419000 1822.183000 0.000000 0.000000

15 55 1538984240.478596
700.646880 1785.545144 -2.673241
1 694.911000 1800.254000 0.000000 0.000000
2 693.268000 1802.121000 0.000000 0.000000
3 669.665574 1842.884756 -0.014019 -0.008011
4 707.028295 1782.658487 -0.056075 0.016022
5 695.915000 1817.062000 0.000000 0.000000
6 710.255599 1782.800340 -0.046062 0.044059
7 698.548452 1776.273288 -0.018024 0.108146
8 667.684087 1817.847087 -0.030040 -0.030040
9 705.071557 1777.948497 0.084113 0.082110
10 667.475000 1828.254000 0.000000 0.000000
11 692.330000 1820.638000 0.000000 0.000000
12 691.240346 1774.614487 -0.120162 0.016022
13 665.135660 1845.742574 -0.044059 -0.014019
14 672.826756 1823.123878 -0.008011 -0.004005
15 712.545000 1784.764000 0.000000 0.000000
16 700.790000 1774.069000 0.000000 0.000000
17 708.698084 1782.069045 -0.260350 0.100135
18 675.262433 1837.466625 -0.150202 -0.078105
19 686.333433 1809.013616 -0.150202 -0.144194
20 700.809000 1811.906000 0.000000 0.000000
21 699.297000 1813.671000 0.000000 0.000000
22 688.285955 1779.100279 -0.100135 0.042057
23 706.020000 1806.908000 0.000000 0.000000
24 713.740000 1784.123000 0.000000 0.000000
25 717.324099 1787.147018 -1.213633 -0.722973
26 703.065359 1780.139518 1.031388 0.444598
27 711.073513 1784.914991 -0.016022 -0.066089
28 687.277279 1797.094304 0.042057 0.010013
29 690.039522 1805.648401 0.050067 0.046062
30 688.335571 1807.418997 -0.244329 -0.230310
31 677.105817 1790.267635 -0.006008 -0.012016
32 684.112000 1800.450670 0.000000 0.022030
33 672.569417 1812.163513 -0.052070 -0.016022
34 711.237590 1784.373810 -0.112151 0.158213
35 662.520208 1804.050087 -0.026035 -0.030040
36 674.723000 1821.601000 0.000000 0.000000
37 706.779112 1781.444244 -0.062084 0.008011
38 682.375747 1802.322965 -0.074100 -0.034046
39 685.261183 1826.954635 0.006008 -0.012016
40 710.660218 1783.978904 0.040054 -0.036049
41 712.076939 1786.763766 -0.002003 0.058078
42 678.409096 1834.188157 0.036049 0.038051
43 709.892859 1783.690773 -0.136183 -0.106143
44 684.941878 1811.271061 -0.004005 0.002003
45 686.457773 1780.698365 -0.106143 0.012016
46 731.902000 1797.509000 0.000000 0.000000
47 711.997527 1786.067840 -0.344464 -0.268361
48 703.623260 1779.734321 -0.090121 -0.088119
49 677.580920 1807.395834 -0.134181 -0.104140
50 654.654070 1835.793438 0.068092 0.310418
51 696.737782 1798.837721 -0.040054 -0.042057
52 714.984633 1797.735762 -1.722318 -3.362525
53 690.615782 1793.621340 -0.040054 0.044059
54 688.818651 1795.292859 -0.110148 -0.136183
55 690.419000 1822.183000 0.000000 0.000000

16 56 1538984240.928812
698.955195 1784.874797 -2.841644
1 682.903573 1784.053588 -0.084113 0.022030
2 693.268000 1802.121000 0.000000 0.000000
3 669.659262 1842.881150 -0.014019 -0.008011
4 693.990153 1790.027066 0.152205 0.210283
5 667.670562 1817.833562 -0.030040 -0.030040
6 705.109427 1777.985464 0.084113 0.082110
7 667.475000 1828.254000 0.000000 0.000000
8 692.330000 1820.638000 0.000000 0.000000
9 665.115824 1845.736262 -0.044059 -0.014019
10 672.823150 1823.122075 -0.008011 -0.004005
11 638.993476 1832.427069 0.028038 0.370499
12 712.545000 1784.764000 0.000000 0.000000
13 733.613337 1815.133775 -0.018024 0.012016
14 708.580870 1782.114127 -0.260350 0.100135
15 675.194810 1837.431461 -0.150202 -0.078105
16 686.265810 1808.948697 -0.150202 -0.144194
17 700.809000 1811.906000 0.000000 0.000000
18 699.297000 1813.671000 0.000000 0.000000
19 688.240873 1779.119213 -0.100135 0.042057
20 713.740000 1784.123000 0.000000 0.000000
21 716.777702 1786.821524 -1.213633 -0.722973
22 703.529707 1780.339683 1.031388 0.444598
23 711.066300 1784.885236 -0.016022 -0.066089
24 690.062063 1805.669138 0.050067 0.046062
25 694.185000 1818.897000 0.000000 0.000000
26 688.225570 1807.315308 -0.244329 -0.230310
27 699.517060 1775.904738 -0.110148 0.014019
28 677.103112 1790.262225 -0.006008 -0.012016
29 711.187098 1784.445040 -0.112151 0.158213
30 727.242545 1811.708400 1.093471 -0.662892
31 707.822732 1781.805268 -0.306412 0.306412
32 662.508487 1804.036562 -0.026035 -0.030040
33 674.723000 1821.601000 0.000000 0.000000
34 646.958000 1837.502000 0.000000 0.000000
35 706.751161 1781.447850 -0.062084 0.008011
36 682.342386 1802.307637 -0.074100 -0.034046
37 673.037974 1794.510101 -0.052070 0.048065
38 685.263888 1826.949225 0.006008 -0.012016
39 708.759349 1782.893187 -0.072097 -0.010013
40 712.076037 1786.789914 -0.002003 0.058078
41 684.479412 1782.187101 -0.022030 0.048065
42 678.425326 1834.205288 0.036049 0.038051
43 709.831547 1783.642986 -0.136183 -0.106143
44 704.192726 1779.032839 0.068092 0.062084
45 635.639640 1826.635591 0.126170 0.182245
46 686.409986 1780.703775 -0.106143 0.012016
47 731.902000 1797.509000 0.000000 0.000000
48 711.842444 1785.947020 -0.344464 -0.268361
49 697.885112 1773.223075 -0.006008 -0.004005
50 703.582686 1779.694648 -0.090121 -0.088119
51 677.520510 1807.348948 -0.134181 -0.104140
52 654.684726 1835.933193 0.068092 0.310418
53 696.719749 1798.818787 -0.040054 -0.042057
54 714.209218 1796.221900 -1.722318 -3.362525
55 690.597749 1793.641176 -0.040054 0.044059
56 690.419000 1822.183000 0.000000 0.000000

17 56 1538984241.453920
696.956754 1784.491348 -3.047501
1 694.851441 1800.198954 0.074022 0.160047
2 682.858487 1784.065119 -0.086025 0.020006
3 693.291988 1802.142451 -0.002001 -0.092027
4 669.651917 1842.877952 -0.014004 -0.008002
5 663.564859 1820.834227 0.144042 0.038011
6 706.972666 1782.674107 -0.056016 0.018005
7 693.907714 1790.033881 -0.048014 -0.020006
8 667.654881 1817.818809 -0.020006 -0.032009
9 705.152501 1778.028489 0.084025 0.082024
10 667.475000 1828.254000 0.000000 0.000000
11 692.330000 1820.638000 0.000000 0.000000
12 652.835250 1827.708300 0.042012 0.218064
13 691.124523 1774.629964 -0.080024 -0.006002
14 665.092738 1845.728917 -0.044013 -0.014004
15 672.818952 1823.118976 -0.008002 -0.004001
16 639.026394 1832.481560 0.066019 0.094028
17 700.790000 1774.069000 0.000000 0.000000
18 708.445310 1782.165487 0.052015 -0.086025
19 675.117118 1837.389523 -0.148043 -0.080024
20 686.239000 1808.970416 0.000000 -0.098029
21 700.809000 1811.906000 0.000000 0.000000
22 699.297000 1813.671000 0.000000 0.000000
23 688.189153 1779.141990 -0.142042 0.166049
24 706.020000 1806.908000 0.000000 0.000000
25 716.327979 1786.509482 -0.842247 -0.590173
26 704.080344 1780.552147 1.064313 0.360106
27 687.289905 1797.104060 -0.016005 0.010003
28 694.185000 1818.897000 0.000000 0.000000
29 688.465000 1807.540000 0.000000 0.000000
30 699.459118 1775.910225 -0.148043 -0.130038
31 676.987641 1790.203308 -0.228067 -0.116034
32 684.112000 1800.473131 0.000000 0.022006
33 672.559179 1812.187358 0.030009 0.060018
34 711.129000 1784.528000 0.000000 0.000000
35 727.812458 1811.363702 0.580170 -0.050015
36 662.494833 1804.019809 -0.028008 -0.032009
37 674.723000 1821.601000 0.000000 0.000000
38 646.958000 1837.502000 0.000000 0.000000
39 706.717344 1781.450666 -0.110032 -0.056016
40 673.011000 1794.535000 0.000000 0.000000
41 685.267024 1826.942940 0.004001 -0.010003
42 710.639083 1783.950940 0.014004 -0.010003
43 708.721559 1782.888940 -0.074022 -0.010003
44 678.444215 1834.225227 0.036011 0.038011
45 709.852274 1783.658215 0.046014 0.036011
46 704.161150 1779.123163 -0.478140 -0.308090
47 684.937976 1811.274024 -0.004001 0.004001
48 635.706751 1826.731085 0.126037 0.182053
49 686.354964 1780.710859 -0.006002 0.144042
50 711.700402 1785.898499 -0.268079 -0.084025
51 697.881964 1773.219964 -0.006002 -0.006002
52 703.581000 1779.693000 0.000000 0.000000
53 677.449189 1807.294380 -0.136040 -0.104031
54 654.693083 1835.969370 0.014004 0.062018
55 696.760250 1798.817761 0.042012 -0.040012
56 690.419000 1822.183000 0.000000 0.000000

18 56 1538984241.978656
694.908255 1784.556647 2.981241
1 694.895095 1800.276334 0.230038 -0.054009
2 682.816432 1784.079195 0.014002 0.136022
3 693.295381 1802.101195 0.142023 0.136022
4 669.644568 1842.873753 -0.014002 -0.008001
5 663.640442 1820.854172 0.144024 0.038006
6 706.942902 1782.680779 -0.068011 -0.072012
7 695.915000 1817.062000 0.000000 0.000000
8 693.883815 1790.022211 -0.006001 -0.058010
9 667.644383 1817.802075 -0.020003 -0.030005
10 705.195419 1778.070419 0.046008 0.046008
11 692.330000 1820.638000 0.000000 0.000000
12 652.857296 1827.822787 0.042007 0.220036
13 691.082470 1774.626877 -0.082013 -0.004001
14 665.069643 1845.721568 -0.044007 -0.014002
15 672.814753 1823.116815 -0.008001 -0.006001
16 639.066651 1832.540525 0.248041 0.406067
17 712.545000 1784.764000 0.000000 0.000000
18 700.790000 1774.069000 0.000000 0.000000
19 708.472666 1782.120285 0.054009 -0.088014
20 675.039373 1837.347594 -0.150025 -0.078013
21 686.249612 1808.929404 0.344056 0.240039
22 700.809000 1811.906000 0.000000 0.000000
23 688.114619 1779.229183 -0.142023 0.168028
24 706.020000 1806.908000 0.000000 0.000000
25 704.640798 1780.729692 1.128185 -0.010002
26 694.185000 1818.897000 0.000000 0.000000
27 699.381434 1775.842051 -0.148024 -0.128021
28 676.882157 1790.155810 0.232038 0.318052
29 684.113974 1800.485728 0.064010 0.056009
30 682.046000 1830.411000 0.000000 0.000000
31 711.129000 1784.528000 0.000000 0.000000
32 728.148482 1811.299698 1.604263 -1.274209
33 707.664000 1781.964000 0.000000 0.000000
34 662.488465 1804.011959 0.242040 0.258042
35 674.723000 1821.601000 0.000000 0.000000
36 706.659607 1781.421272 -0.110018 -0.056009
37 673.011000 1794.535000 0.000000 0.000000
38 685.269185 1826.937630 0.006001 -0.012002
39 710.646432 1783.945753 0.014002 -0.008001
40 708.682779 1782.883692 -0.072012 -0.010002
41 712.082000 1786.788000 0.000000 0.000000
42 684.455321 1782.238481 -0.022004 0.048008
43 678.463111 1834.245172 0.036006 0.038006
44 684.935877 1811.276062 -0.004001 0.002000
45 635.772949 1826.826615 0.128021 0.182030
46 686.351815 1780.786504 -0.006001 0.146024
47 711.559794 1785.854347 -0.266044 -0.086014
48 697.879247 1773.217185 0.008001 0.006001
49 671.508730 1796.134913 -0.106017 0.062010
50 703.581000 1779.693000 0.000000 0.000000
51 677.386072 1807.247257 0.132022 0.138023
52 654.700370 1836.001913 0.012002 0.062010
53 696.782357 1798.796704 0.044007 -0.042007
54 712.058433 1792.918260 -1.704280 -2.520413
55 690.577062 1793.692604 0.002000 0.052009
56 688.673183 1795.145553 0.168028 0.180030

19 64 1538984242.434239
693.097597 1785.086885 2.746877
1 694.999897 1800.251729 0.230038 -0.054009
2 682.822811 1784.141165 0.014002 0.136022
3 693.360084 1802.163165 0.142023 0.136022
4 669.638189 1842.870108 -0.014002 -0.008001
5 663.706057 1820.871487 0.144024 0.038006
6 702.870919 1809.863081 0.006001 -0.006001
7 706.911918 1782.647972 -0.068011 -0.072012
8 695.915000 1817.062000 0.000000 0.000000
9 693.881081 1789.995783 -0.006001 -0.058010
10 710.212000 1782.843000 0.000000 0.000000
11 698.444187 1776.282322 -0.088014 -0.098016
12 667.635270 1817.788405 -0.020003 -0.030005
13 705.216379 1778.091379 0.046008 0.046008
14 667.475000 1828.254000 0.000000 0.000000
15 692.330000 1820.638000 0.000000 0.000000
16 652.876433 1827.923031 0.042007 0.220036
17 691.045106 1774.625054 -0.082013 -0.004001
18 665.049594 1845.715189 -0.044007 -0.014002
19 672.811108 1823.114081 -0.008001 -0.006001
20 639.179654 1832.725522 0.248041 0.406067
21 712.545000 1784.764000 0.000000 0.000000
22 700.790000 1774.069000 0.000000 0.000000
23 674.971024 1837.312052 -0.150025 -0.078013
24 686.406358 1809.038762 0.344056 0.240039
25 700.809000 1811.906000 0.000000 0.000000
26 706.020000 1806.908000 0.000000 0.000000
27 715.503334 1785.929988 -0.840138 -0.592097
28 705.154779 1780.725135 1.128185 -0.010002
29 687.275189 1797.113865 -0.014002 0.010002
30 694.185000 1818.897000 0.000000 0.000000
31 688.465000 1807.540000 0.000000 0.000000
32 699.313997 1775.783727 -0.148024 -0.128021
33 676.987870 1790.300709 0.232038 0.318052
34 672.587622 1812.247163 0.028005 0.062010
35 682.046000 1830.411000 0.000000 0.000000
36 711.129000 1784.528000 0.000000 0.000000
37 728.879357 1810.719191 1.604263 -1.274209
38 707.664000 1781.964000 0.000000 0.000000
39 662.598735 1804.129519 0.242040 0.258042
40 674.723000 1821.601000 0.000000 0.000000
41 646.958000 1837.502000 0.000000 0.000000
42 706.609484 1781.395756 -0.110018 -0.056009
43 682.296217 1802.288568 0.058010 0.032005
44 673.011000 1794.535000 0.000000 0.000000
45 710.652811 1783.942108 0.014002 -0.008001
46 708.649972 1782.879135 -0.072012 -0.010002
47 712.082000 1786.788000 0.000000 0.000000
48 684.445297 1782.260352 -0.022004 0.048008
49 678.479514 1834.262487 0.036006 0.038006
50 709.896406 1783.693514 0.044007 0.036006
51 703.980462 1778.979757 0.114019 0.018003
52 684.934054 1811.276973 -0.004001 0.002000
53 635.831273 1826.909544 0.128021 0.182030
54 686.349081 1780.853030 -0.006001 0.146024
55 711.438589 1785.815160 -0.266044 -0.086014
56 697.882892 1773.219919 0.008001 0.006001
57 703.581000 1779.693000 0.000000 0.000000
58 677.446219 1807.310138 0.132022 0.138023
59 654.705838 1836.030163 0.012002 0.062010
60 696.802406 1798.777567 0.044007 -0.042007
61 711.281993 1791.770003 -1.704280 -2.520413
62 690.577973 1793.716298 0.002000 0.052009
63 688.749733 1795.227571 0.168028 0.180030
64 690.419000 1822.183000 0.000000 0.000000

20 54 1538984242.959599
691.089829 1786.230587 2.519760
1 695.053947 1800.296504 0.234324 0.040055
2 682.830151 1784.212688 0.012017 0.134185
3 693.338000 1802.142000 0.000000 0.000000
4 669.630824 1842.865899 -0.014019 -0.008011
5 663.803342 1820.957091 0.186257 0.166230
6 702.873076 1809.860924 0.006008 -0.006008
7 706.875144 1782.611093 -0.068094 -0.072100
8 693.893277 1790.049335 0.022030 0.106147
9 698.399345 1776.233126 -0.052072 0.010014
10 667.623723 1817.771622 -0.022030 -0.030042
11 705.240579 1778.114579 0.046064 0.046064
12 667.475000 1828.254000 0.000000 0.000000
13 692.330000 1820.638000 0.000000 0.000000
14 691.004856 1774.622781 0.068094 0.062086
15 665.026446 1845.707824 -0.044061 -0.014019
16 672.805899 1823.111924 -0.008011 -0.006008
17 639.309569 1832.939206 0.204282 0.334462
18 700.790000 1774.069000 0.000000 0.000000
19 708.498000 1782.079000 0.000000 0.000000
20 674.893136 1837.269993 -0.148205 -0.080111
21 686.387000 1809.067000 0.000000 0.000000
22 700.809000 1811.906000 0.000000 0.000000
23 699.297000 1813.671000 0.000000 0.000000
24 687.978227 1779.390723 0.018025 -0.022030
25 706.020000 1806.908000 0.000000 0.000000
26 715.060421 1785.619595 -0.841162 -0.588814
27 705.723601 1780.707572 1.081494 -0.034047
28 687.266799 1797.119126 -0.016022 0.010014
29 690.139327 1805.739302 0.026036 0.024033
30 694.185000 1818.897000 0.000000 0.000000
31 688.439597 1807.516622 -0.032044 -0.030042
32 699.236111 1775.715388 -0.150208 -0.128177
33 684.177806 1800.540705 0.064089 0.056077
34 672.603353 1812.278781 0.028039 0.062086
35 682.046000 1830.411000 0.000000 0.000000
36 643.786000 1837.180000 0.000000 0.000000
37 729.565321 1810.237590 1.297793 -0.907254
38 707.664000 1781.964000 0.000000 0.000000
39 662.725022 1804.265224 0.240332 0.256354
40 674.723000 1821.601000 0.000000 0.000000
41 673.010748 1794.534950 -0.020028 -0.004006
42 685.275076 1826.925849 0.006008 -0.012017
43 708.612068 1782.873899 -0.074102 -0.008011
44 684.441924 1782.289705 -0.006008 0.056077
45 678.498428 1834.282504 0.034047 0.040055
46 709.920000 1783.711000 0.000000 0.000000
47 704.040410 1778.988227 0.112155 0.018025
48 684.931975 1811.279025 -0.002003 0.002003
49 635.896277 1827.002327 0.022030 0.026036
50 703.581000 1779.693000 0.000000 0.000000
51 677.516662 1807.381713 0.132183 0.136188
52 654.713176 1836.062756 0.014019 0.060083
53 696.803252 1798.776748 0.020028 -0.020028
54 688.744824 1795.236151 -0.014019 0.012017

21 50 1538984243.409552
689.473895 1787.533572 2.418761
1 695.159382 1800.314527 0.234324 0.040055
2 682.835558 1784.273065 0.012017 0.134185
3 702.875779 1809.858221 0.006008 -0.006008
4 706.844504 1782.578652 -0.068094 -0.072100
5 693.903190 1790.097096 0.022030 0.106147
6 698.375915 1776.237632 -0.052072 0.010014
7 705.261306 1778.135306 0.046064 0.046064
8 667.475000 1828.254000 0.000000 0.000000
9 692.330000 1820.638000 0.000000 0.000000
10 652.928011 1828.196614 0.054075 0.282390
11 691.035496 1774.650716 0.068094 0.062086
12 665.006621 1845.701516 -0.044061 -0.014019
13 639.401487 1833.089699 0.204282 0.334462
14 700.790000 1774.069000 0.000000 0.000000
15 708.498000 1782.079000 0.000000 0.000000
16 674.826451 1837.233946 -0.148205 -0.080111
17 686.387000 1809.067000 0.000000 0.000000
18 700.809000 1811.906000 0.000000 0.000000
19 699.297000 1813.671000 0.000000 0.000000
20 706.020000 1806.908000 0.000000 0.000000
21 714.681938 1785.354656 -0.841162 -0.588814
22 687.259589 1797.123632 -0.016022 0.010014
23 690.151042 1805.750116 0.026036 0.024033
24 694.185000 1818.897000 0.000000 0.000000
25 699.168525 1775.657714 -0.150208 -0.128177
26 677.084768 1790.465926 -0.048066 0.002003
27 672.615969 1812.306716 0.028039 0.062086
28 682.046000 1830.411000 0.000000 0.000000
29 730.149267 1809.829369 1.297793 -0.907254
30 707.664000 1781.964000 0.000000 0.000000
31 662.833161 1804.380571 0.240332 0.256354
32 646.958000 1837.502000 0.000000 0.000000
33 682.354790 1802.319821 0.060083 0.032044
34 673.001737 1794.533147 -0.020028 -0.004006
35 685.277779 1826.920442 0.006008 -0.012017
36 708.578725 1782.870295 -0.074102 -0.008011
37 684.439221 1782.314937 -0.006008 0.056077
38 678.513748 1834.300527 0.034047 0.040055
39 709.920000 1783.711000 0.000000 0.000000
40 704.090875 1778.996337 0.112155 0.018025
41 635.906190 1827.014042 0.022030 0.026036
42 697.882368 1773.219368 -0.010014 -0.010014
43 671.358830 1796.225643 -0.104144 0.064089
44 703.581000 1779.693000 0.000000 0.000000
45 677.576138 1807.442991 0.132183 0.136188
46 654.719484 1836.089790 0.014019 0.060083
47 696.812263 1798.767737 0.020028 -0.020028
48 690.579926 1793.766158 0.002003 0.050069
49 688.738516 1795.241558 -0.014019 0.012017
50 690.419000 1822.183000 0.000000 0.000000

22 50 1538984243.939754
687.574068 1789.305735 2.384999
1 695.144310 1800.293297 -0.048011 -0.046010
2 682.842909 1784.345121 0.014003 0.136031
3 693.338000 1802.142000 0.000000 0.000000
4 706.808440 1782.541453 -0.068015 -0.070016
5 695.915000 1817.062000 0.000000 0.000000
6 693.914858 1790.119754 0.022005 0.038009
7 698.348336 1776.242935 -0.052012 0.010002
8 667.603129 1817.741207 -0.020005 -0.032007
9 667.475000 1828.254000 0.000000 0.000000
10 652.894466 1828.022418 -0.072016 -0.374085
11 691.072547 1774.683599 0.070016 0.062014
12 664.984272 1845.694091 -0.042009 -0.014003
13 672.798052 1823.107026 -0.008002 -0.004001
14 639.308319 1832.937160 -0.204046 -0.334076
15 700.790000 1774.069000 0.000000 0.000000
16 708.498000 1782.079000 0.000000 0.000000
17 686.363310 1809.090690 -0.048011 0.048011
18 700.809000 1811.906000 0.000000 0.000000
19 699.297000 1813.671000 0.000000 0.000000
20 687.996871 1779.369142 0.020005 -0.022005
21 706.020000 1806.908000 0.000000 0.000000
22 706.895542 1780.711728 1.308296 0.042009
23 687.229388 1797.124000 -0.060014 0.000000
24 690.164832 1805.761858 0.026006 0.022005
25 699.174845 1775.665832 0.024005 0.026006
26 677.058323 1790.466000 -0.050011 0.000000
27 672.577517 1812.289259 -0.080018 -0.040009
28 682.046000 1830.411000 0.000000 0.000000
29 643.786000 1837.180000 0.000000 0.000000
30 730.752719 1809.449539 1.126255 -0.702159
31 707.664000 1781.964000 0.000000 0.000000
32 662.960448 1804.517332 0.240054 0.258058
33 646.958000 1837.502000 0.000000 0.000000
34 706.848952 1781.698681 0.162037 0.204046
35 682.386612 1802.336793 0.060014 0.032007
36 672.991129 1794.531026 -0.020005 -0.004001
37 685.280961 1826.914078 0.006001 -0.012003
38 708.540466 1782.865065 -0.072016 -0.010002
39 678.532767 1834.320754 0.036008 0.038009
40 644.060177 1822.723164 -0.182041 -0.180041
41 684.929026 1811.281974 -0.004001 0.004001
42 635.916871 1827.026845 0.020005 0.024005
43 686.353948 1780.919052 0.008002 -0.008002
44 671.302685 1796.258599 -0.106024 0.062014
45 677.527698 1807.416414 -0.108024 -0.064014
46 696.822871 1798.756142 0.020005 -0.022005
47 708.847777 1788.847725 -1.048237 -1.040235
48 690.580987 1793.793664 0.002000 0.052012
49 688.731091 1795.247922 -0.014003 0.012003
50 690.419000 1822.183000 0.000000 0.000000

23 54 1538984244.464898
685.620503 1791.156815 2.385242
1 695.118480 1800.319630 -0.138035 0.144037
2 682.848146 1784.340817 0.008002 -0.010003
3 693.268598 1802.214118 -0.022006 0.116029
4 669.609744 1842.853854 -0.014004 -0.008002
5 663.888494 1821.049480 -0.192049 -0.138035
6 702.876000 1809.858000 0.000000 0.000000
7 695.915000 1817.062000 0.000000 0.000000
8 698.321050 1776.248183 -0.052013 0.010003
9 667.594708 1817.767913 -0.016004 0.050013
10 705.286000 1778.159000 0.000000 0.000000
11 667.475000 1828.254000 0.000000 0.000000
12 692.330000 1820.638000 0.000000 0.000000
13 652.807781 1827.905868 -0.012003 -0.062016
14 691.108278 1774.716132 0.070018 0.062016
15 664.961196 1845.686708 -0.044011 -0.016004
16 672.793854 1823.103927 -0.008002 -0.004001
17 700.790000 1774.069000 0.000000 0.000000
18 674.669297 1837.150539 -0.148038 -0.080020
19 686.337123 1809.066123 -0.048012 -0.048012
20 700.882557 1811.828224 0.140036 -0.152039
21 699.297000 1813.671000 0.000000 0.000000
22 706.020000 1806.908000 0.000000 0.000000
23 707.569390 1780.847364 1.226312 0.458116
24 687.196904 1797.123000 -0.060015 0.000000
25 690.151525 1805.750562 -0.026007 -0.024006
26 688.397246 1807.477844 0.342087 0.320081
27 677.033087 1790.467037 -0.050013 0.002001
28 684.150977 1800.593475 -0.056014 0.026007
29 672.535576 1812.268233 -0.078020 -0.042011
30 682.046000 1830.411000 0.000000 0.000000
31 643.786000 1837.180000 0.000000 0.000000
32 731.344550 1809.084088 1.180300 -0.488124
33 707.664000 1781.964000 0.000000 0.000000
34 662.889407 1804.445443 -0.142036 -0.140036
35 646.958000 1837.502000 0.000000 0.000000
36 706.663425 1781.767411 -0.360092 0.132034
37 682.387000 1802.337000 0.000000 0.000000
38 672.980635 1794.528927 -0.020005 -0.004001
39 685.284110 1826.907781 0.006002 -0.012003
40 684.431890 1782.373023 -0.006002 0.056014
41 678.551657 1834.340694 0.036009 0.038010
42 643.967356 1822.630356 -0.090023 -0.090023
43 704.202936 1779.053986 0.106027 0.054014
44 684.926927 1811.284037 -0.004001 0.002001
45 635.846553 1826.919201 -0.134034 -0.208053
46 686.358146 1780.914854 0.008002 -0.008002
47 697.871817 1773.208817 -0.010003 -0.010003
48 703.581000 1779.693000 0.000000 0.000000
49 677.471028 1807.382795 -0.108027 -0.066017
50 696.782000 1798.798000 0.000000 0.000000
51 708.278582 1788.322395 -1.118284 -0.964245
52 688.724146 1795.252452 0.008002 -0.030008
53 690.419000 1822.183000 0.000000 0.000000
54 680.882918 1804.033110 -0.114029 0.006002

24 51 1538984244.915056
683.921330 1792.783043 2.385203
1 695.056342 1800.384469 -0.138035 0.144037
2 682.851748 1784.336315 0.008002 -0.010003
3 693.258692 1802.266350 -0.022006 0.116029
4 669.603441 1842.850252 -0.014004 -0.008002
5 663.802041 1820.987342 -0.192049 -0.138035
6 702.876000 1809.858000 0.000000 0.000000
7 695.915000 1817.062000 0.000000 0.000000
8 693.936308 1790.157804 0.022006 0.038010
9 698.297636 1776.252685 -0.052013 0.010003
10 667.587503 1817.790427 -0.016004 0.050013
11 705.286000 1778.159000 0.000000 0.000000
12 667.475000 1828.254000 0.000000 0.000000
13 692.330000 1820.638000 0.000000 0.000000
14 652.802378 1827.877951 -0.012003 -0.062016
15 691.139797 1774.744049 0.070018 0.062016
16 664.941384 1845.679503 -0.044011 -0.016004
17 672.790252 1823.102126 -0.008002 -0.004001
18 639.193713 1832.749978 -0.118030 -0.190048
19 700.790000 1774.069000 0.000000 0.000000
20 674.602657 1837.114517 -0.148038 -0.080020
21 686.315510 1809.044510 -0.048012 -0.048012
22 687.984441 1779.383497 -0.014004 0.016004
23 708.121424 1781.053589 1.226312 0.458116
24 687.169888 1797.123000 -0.060015 0.000000
25 690.139818 1805.739755 -0.026007 -0.024006
26 688.551239 1807.621931 0.342087 0.320081
27 677.010573 1790.467937 -0.050013 0.002001
28 684.125762 1800.605182 -0.056014 0.026007
29 672.500454 1812.249322 -0.078020 -0.042011
30 643.786000 1837.180000 0.000000 0.000000
31 731.875871 1808.864355 1.180300 -0.488124
32 707.664000 1781.964000 0.000000 0.000000
33 674.723000 1821.601000 0.000000 0.000000
34 706.501327 1781.826847 -0.360092 0.132034
35 682.387000 1802.337000 0.000000 0.000000
36 685.286811 1826.902378 0.006002 -0.012003
37 684.429189 1782.398238 -0.006002 0.056014
38 678.567867 1834.357804 0.036009 0.038010
39 643.926832 1822.589832 -0.090023 -0.090023
40 704.250665 1779.078301 0.106027 0.054014
41 684.925126 1811.284937 -0.004001 0.002001
42 635.786216 1826.825545 -0.134034 -0.208053
43 697.867315 1773.204315 -0.010003 -0.010003
44 671.222580 1796.296804 -0.082021 0.038010
45 703.581000 1779.693000 0.000000 0.000000
46 677.422398 1807.353077 -0.108027 -0.066017
47 654.739559 1836.183049 0.014004 0.062016
48 696.782000 1798.798000 0.000000 0.000000
49 707.775178 1787.888332 -1.118284 -0.964245
50 690.564566 1793.827930 -0.018005 0.034009
51 690.419000 1822.183000 0.000000 0.000000

25 51 1538984245.445222
681.838924 1794.754878 2.388669
1 695.052000 1800.411912 0.000000 0.045943
2 682.856981 1784.331019 0.009988 -0.009988
3 669.596027 1842.846015 -0.013983 -0.007990
4 702.876000 1809.858000 0.000000 0.000000
5 693.947958 1790.178924 0.021973 0.039950
6 698.270099 1776.257981 -0.051935 0.009988
7 667.579031 1817.816905 -0.015980 0.049938
8 692.330000 1820.638000 0.000000 0.000000
9 652.797019 1827.844122 -0.009988 -0.063921
10 691.175870 1774.776882 0.067916 0.061923
11 664.918084 1845.672027 -0.043945 -0.013983
12 672.786015 1823.099011 -0.007990 -0.005993
13 639.169080 1832.708138 -0.041948 -0.071911
14 700.790000 1774.069000 0.000000 0.000000
15 674.523286 1837.072153 -0.149814 -0.079901
16 686.314000 1809.043000 0.000000 0.000000
17 701.019733 1811.680286 0.139826 -0.149814
18 699.297000 1813.671000 0.000000 0.000000
19 687.978023 1779.390973 -0.011985 0.013983
20 706.020000 1806.908000 0.000000 0.000000
21 690.139000 1805.739000 0.000000 0.000000
22 694.185000 1818.897000 0.000000 0.000000
23 688.538092 1807.609088 -0.047940 -0.045943
24 684.095111 1800.618950 -0.057928 0.025968
25 672.458153 1812.228076 -0.079901 -0.039950
26 671.161889 1825.098885 0.057928 0.059926
27 643.786000 1837.180000 0.000000 0.000000
28 732.501743 1808.603940 1.180534 -0.491390
29 662.750271 1804.309264 -0.141824 -0.137829
30 674.723000 1821.601000 0.000000 0.000000
31 706.310688 1781.895752 -0.359553 0.129839
32 682.377038 1802.345966 -0.019975 0.017978
33 672.961038 1794.525008 -0.019975 -0.003995
34 684.512679 1782.476706 0.167792 0.153809
35 678.586931 1834.377927 0.035955 0.037953
36 643.901088 1822.609912 -0.045943 0.045943
37 704.267947 1779.087969 0.027965 0.015980
38 684.923008 1811.286992 -0.003995 0.003995
39 635.748130 1826.766202 -0.067916 -0.105868
40 640.329401 1834.680794 -0.209739 0.107866
41 686.365985 1780.907015 0.007990 -0.007990
42 697.861023 1773.198023 -0.011985 -0.011985
43 671.179157 1796.317924 -0.081898 0.039950
44 703.581000 1779.693000 0.000000 0.000000
45 654.746973 1836.214885 0.013983 0.059926
46 696.782000 1798.798000 0.000000 0.000000
47 707.734023 1787.820145 -0.011985 -0.075906
48 690.556031 1793.846931 -0.015980 0.035955
49 688.731985 1795.223057 0.007990 -0.029963
50 690.419000 1822.183000 0.000000 0.000000
51 680.771218 1804.037992 -0.113859 0.003995

26 45 1538984245.970379
679.695098 1796.775161 2.391157
1 693.228226 1802.348841 0.183844 -0.093920
2 669.588678 1842.841816 -0.013988 -0.007993
3 663.683265 1820.926597 -0.031973 0.025978
4 695.915000 1817.062000 0.000000 0.000000
5 693.947000 1790.154989 0.000000 -0.043963
6 698.283551 1776.233989 0.023980 -0.043963
7 667.569163 1817.841495 -0.079932 -0.021981
8 667.475000 1828.254000 0.000000 0.000000
9 692.330000 1820.638000 0.000000 0.000000
10 664.894989 1845.664678 -0.043963 -0.013988
11 672.789184 1823.096862 0.007993 -0.005995
12 639.148102 1832.671311 0.047959 -0.029975
13 700.790000 1774.069000 0.000000 0.000000
14 686.289000 1809.019000 0.000000 0.000000
15 687.978000 1779.391000 0.000000 0.000000
16 687.149587 1797.142413 -0.017985 0.017985
17 694.185000 1818.897000 0.000000 0.000000
18 699.261470 1775.756424 0.063946 0.061947
19 676.972449 1790.481597 -0.023980 0.025978
20 684.318581 1820.096959 4.288364 -4.873868
21 684.076173 1800.620000 -0.035970 0.000000
22 682.046000 1830.411000 0.000000 0.000000
23 671.192332 1825.131378 0.057951 0.059949
24 643.786000 1837.180000 0.000000 0.000000
25 674.723000 1821.601000 0.000000 0.000000
26 646.958000 1837.502000 0.000000 0.000000
27 682.365541 1802.355413 -0.019983 0.017985
28 672.936989 1794.536505 -0.043963 0.021981
29 684.600813 1782.557491 0.165859 0.151871
30 678.605827 1834.397873 0.035970 0.037968
31 643.857000 1822.656000 0.000000 0.000000
32 704.282643 1779.096367 0.027976 0.015986
33 684.921000 1811.288000 0.000000 0.000000
34 635.663000 1826.636000 0.000000 0.000000
35 640.313265 1834.649576 -0.031973 -0.061947
36 686.360770 1780.901770 -0.009992 -0.009992
37 697.855770 1773.192770 -0.009992 -0.009992
38 671.138551 1796.336449 0.023980 -0.023980
39 703.581000 1779.693000 0.000000 0.000000
40 696.782000 1798.798000 0.000000 0.000000
41 707.728173 1787.781046 -0.035970 0.001998
42 690.547633 1793.865781 -0.015986 0.033971
43 688.736138 1795.207311 0.005995 -0.029975
44 690.419000 1822.183000 0.000000 0.000000
45 680.727071 1804.056827 -0.083929 0.035970

27 44 1538984246.425551
677.803054 1798.564638 2.381660
1 694.963182 1800.348049 -0.187841 -0.181846
2 682.866778 1784.321222 0.009992 -0.009992
3 693.311907 1802.306091 0.183844 -0.093920
4 669.582311 1842.838178 -0.013988 -0.007993
5 663.668712 1820.938422 -0.031973 0.025978
6 702.876000 1809.858000 0.000000 0.000000
7 695.915000 1817.062000 0.000000 0.000000
8 698.294466 1776.213979 0.023980 -0.043963
9 667.532780 1817.831489 -0.079932 -0.021981
10 667.475000 1828.254000 0.000000 0.000000
11 692.330000 1820.638000 0.000000 0.000000
12 652.785000 1827.782000 0.000000 0.000000
13 664.874979 1845.658311 -0.043963 -0.013988
14 672.792822 1823.094133 0.007993 -0.005995
15 639.169932 1832.657667 0.047959 -0.029975
16 674.521044 1837.074956 -0.001998 0.001998
17 686.289000 1809.019000 0.000000 0.000000
18 687.978000 1779.391000 0.000000 0.000000
19 706.020000 1806.908000 0.000000 0.000000
20 694.185000 1818.897000 0.000000 0.000000
21 688.551301 1807.577926 0.435631 0.317731
22 686.270524 1817.878512 4.288364 -4.873868
23 672.405578 1812.221377 -0.025978 0.027976
24 682.046000 1830.411000 0.000000 0.000000
25 671.218710 1825.158665 0.057951 0.059949
26 662.610159 1804.172114 -0.141880 -0.139881
27 674.723000 1821.601000 0.000000 0.000000
28 646.958000 1837.502000 0.000000 0.000000
29 682.356445 1802.363600 -0.019983 0.017985
30 672.916979 1794.546511 -0.043963 0.021981
31 684.676307 1782.626619 0.165859 0.151871
32 678.622199 1834.415155 0.035970 0.037968
33 643.857000 1822.656000 0.000000 0.000000
34 704.295377 1779.103644 0.027976 0.015986
35 684.921000 1811.288000 0.000000 0.000000
36 635.663000 1826.636000 0.000000 0.000000
37 686.356222 1780.897222 -0.009992 -0.009992
38 697.851222 1773.188222 -0.009992 -0.009992
39 703.581000 1779.693000 0.000000 0.000000
40 677.408178 1807.387422 -0.007993 0.025978
41 654.759733 1836.275621 0.011990 0.061947
42 707.711801 1787.781956 -0.035970 0.001998
43 688.738867 1795.193667 0.005995 -0.029975
44 680.688869 1804.073199 -0.083929 0.035970

28 42 1538984246.950711
675.627420 1800.682926 2.370085
1 682.856956 1784.331049 -0.017964 0.019960
2 669.574966 1842.833980 -0.013972 -0.007984
3 663.651921 1820.951059 -0.031936 0.023952
4 695.915000 1817.062000 0.000000 0.000000
5 693.945995 1790.111887 -0.001996 -0.045908
6 698.307064 1776.189892 0.025948 -0.043912
7 667.517897 1828.254892 -0.041916 -0.043912
8 692.330000 1820.638000 0.000000 0.000000
9 652.778970 1827.750848 -0.011976 -0.061876
10 672.796020 1823.091985 0.007984 -0.005988
11 639.170926 1832.656882 -0.029940 -0.047904
12 674.518995 1837.077005 -0.001996 0.001996
13 659.965848 1847.122039 -0.061876 0.015968
14 686.314000 1809.043000 0.000000 0.000000
15 687.977887 1779.390907 -0.045908 -0.037924
16 687.131961 1797.160044 -0.015968 0.017964
17 688.535000 1807.515000 0.000000 0.000000
18 699.323157 1775.817152 0.063872 0.061876
19 676.948941 1790.506064 -0.023952 0.025948
20 688.496271 1815.302449 3.762467 -5.093801
21 684.040907 1800.621000 -0.037924 0.000000
22 672.392941 1812.236069 -0.023952 0.027944
23 682.046000 1830.411000 0.000000 0.000000
24 674.723000 1821.601000 0.000000 0.000000
25 646.958000 1837.502000 0.000000 0.000000
26 633.735857 1821.738734 -0.057884 -0.107784
27 682.336911 1802.366005 -0.035928 0.001996
28 685.298015 1826.935241 0.005988 0.097804
29 643.857000 1822.656000 0.000000 0.000000
30 704.296000 1779.104000 0.000000 0.000000
31 684.944533 1811.268403 -0.189620 0.163672
32 635.662916 1826.635872 -0.033932 -0.051896
33 640.281921 1834.589848 -0.031936 -0.061876
34 686.350975 1780.892975 -0.009980 -0.009980
35 697.845975 1773.182975 -0.009980 -0.009980
36 671.161754 1796.313152 -0.099800 0.061876
37 703.581000 1779.693000 0.000000 0.000000
38 677.377852 1807.419157 -0.059880 0.063872
39 640.033877 1829.390754 -0.049900 -0.099800
40 696.782000 1798.798000 0.000000 0.000000
41 690.533975 1793.876975 -0.009980 -0.009980
42 680.664892 1804.113192 -0.043912 0.077844

29 37 1538984247.470880
673.362181 1802.922669 2.363685
1 682.847567 1784.341433 -0.020007 0.020007
2 669.567697 1842.829827 -0.014005 -0.008003
3 698.320519 1776.167048 0.024008 -0.044015
4 667.452216 1817.809039 0.010003 0.048016
5 667.496091 1828.232048 -0.042014 -0.044015
6 652.773260 1827.721342 0.012004 0.062021
7 664.829048 1845.643697 -0.044015 -0.014005
8 672.800130 1823.088870 0.006002 -0.006002
9 639.158077 1832.631745 0.096032 -0.058019
10 686.314000 1809.043000 0.000000 0.000000
11 706.020000 1806.908000 0.000000 0.000000
12 687.123394 1797.169606 -0.028009 0.028009
13 694.185000 1818.897000 0.000000 0.000000
14 699.352490 1775.845576 -0.116039 -0.112037
15 676.936524 1790.519519 -0.022007 0.024008
16 690.453407 1812.652813 3.763258 -5.093703
17 672.380437 1812.250606 -0.026009 0.028009
18 682.046000 1830.411000 0.000000 0.000000
19 671.277052 1825.219096 -0.090030 -0.088029
20 643.786000 1837.180000 0.000000 0.000000
21 662.598827 1804.255818 -0.008003 0.084028
22 646.958000 1837.502000 0.000000 0.000000
23 633.705831 1821.682620 -0.054018 -0.110037
24 672.870048 1794.569476 -0.044015 0.022007
25 678.463264 1834.240697 -0.034011 -0.014005
26 643.857000 1822.656000 0.000000 0.000000
27 640.265308 1834.557702 -0.032011 -0.060020
28 686.345697 1780.887697 -0.014005 -0.014005
29 703.581000 1779.693000 0.000000 0.000000
30 677.346702 1807.452385 -0.060020 0.064021
31 640.007918 1829.338836 -0.050017 -0.100033
32 696.782000 1798.798000 0.000000 0.000000
33 707.674221 1787.783043 -0.036012 0.002001
34 690.528740 1793.871784 -0.012004 -0.010003
35 688.709658 1795.210342 -0.062021 0.062021
36 690.419000 1822.183000 0.000000 0.000000
37 680.642437 1804.152563 -0.026009 0.026009

30 44 1538984247.926036
671.407998 1804.884262 2.359410
1 682.838461 1784.350539 -0.020007 0.020007
2 695.915000 1817.062000 0.000000 0.000000
3 693.891582 1790.080415 -0.112037 -0.018006
4 698.331447 1776.147014 0.024008 -0.044015
5 667.456769 1817.830893 0.010003 0.048016
6 692.330000 1820.638000 0.000000 0.000000
7 664.809014 1845.637323 -0.044015 -0.014005
8 672.802862 1823.086138 0.006002 -0.006002
9 639.201787 1832.605337 0.096032 -0.058019
10 700.790000 1774.069000 0.000000 0.000000
11 674.516092 1837.078954 -0.004001 0.002001
12 659.906383 1847.138585 -0.060020 0.018006
13 686.314000 1809.043000 0.000000 0.000000
14 687.934014 1779.352922 -0.044015 -0.040013
15 706.020000 1806.908000 0.000000 0.000000
16 687.110645 1797.182355 -0.028009 0.028009
17 694.185000 1818.897000 0.000000 0.000000
18 688.443426 1807.472075 -0.192064 -0.090030
19 699.299674 1775.794582 -0.116039 -0.112037
20 676.926507 1790.530447 -0.022007 0.024008
21 672.368599 1812.263355 -0.026009 0.028009
22 682.046000 1830.411000 0.000000 0.000000
23 671.236075 1825.179029 -0.090030 -0.088029
24 643.786000 1837.180000 0.000000 0.000000
25 682.300876 1802.368908 -0.038013 0.004001
26 672.850014 1794.579493 -0.044015 0.022007
27 685.303862 1827.031695 0.006002 0.100033
28 678.447784 1834.234323 -0.034011 -0.014005
29 643.857000 1822.656000 0.000000 0.000000
30 704.296000 1779.104000 0.000000 0.000000
31 684.889110 1811.395787 0.082027 0.096032
32 635.595444 1826.537504 -0.106035 -0.152051
33 686.339323 1780.881323 -0.014005 -0.014005
34 697.826692 1773.162738 -0.030010 -0.032011
35 671.063351 1796.372617 -0.102034 0.060020
36 703.581000 1779.693000 0.000000 0.000000
37 677.319383 1807.481525 -0.060020 0.064021
38 654.780677 1836.367571 0.014005 0.062021
39 639.985153 1829.293305 -0.050017 -0.100033
40 696.782000 1798.798000 0.000000 0.000000
41 707.657830 1787.783954 -0.036012 0.002001
42 690.523277 1793.867231 -0.012004 -0.010003
43 688.681429 1795.238571 -0.062021 0.062021
44 680.630599 1804.164401 -0.026009 0.026009

31 43 1538984248.451209
669.181641 1807.120909 2.355139
1 682.828955 1784.361045 -0.020027 0.020027
2 669.553969 1842.821982 -0.014019 -0.008011
3 663.600910 1820.983036 -0.040054 0.016022
4 695.915000 1817.062000 0.000000 0.000000
5 667.463022 1817.857108 0.010014 0.048065
6 667.432807 1828.208996 -0.086117 -0.002003
7 692.330000 1820.638000 0.000000 0.000000
8 652.773000 1827.720000 0.000000 0.000000
9 700.790000 1774.069000 0.000000 0.000000
10 674.514991 1837.081004 -0.004005 0.002003
11 659.873865 1847.147036 -0.060082 0.016022
12 686.314000 1809.043000 0.000000 0.000000
13 687.919942 1779.339951 -0.026035 -0.022030
14 706.020000 1806.908000 0.000000 0.000000
15 687.096942 1797.197063 -0.026035 0.028038
16 694.185000 1818.897000 0.000000 0.000000
17 699.239739 1775.735748 -0.116158 -0.112152
18 676.908924 1790.535018 -0.034046 0.008011
19 683.991946 1800.628027 -0.024033 0.012016
20 671.187802 1825.131802 -0.088120 -0.088120
21 643.786000 1837.180000 0.000000 0.000000
22 662.590978 1804.338189 -0.010014 0.084114
23 674.722897 1821.601094 -0.046063 0.042057
24 646.958000 1837.502000 0.000000 0.000000
25 633.652202 1821.575359 0.090122 0.160218
26 682.281915 1802.370009 -0.038052 0.004005
27 672.834937 1794.591049 -0.028038 0.022030
28 685.307009 1827.084220 0.004005 0.098133
29 678.429928 1834.227969 -0.032044 -0.014019
30 643.858901 1822.746103 -0.044060 0.046063
31 684.890910 1811.397892 -0.040054 -0.048065
32 635.453847 1826.328270 -0.068092 0.120163
33 640.235058 1834.498121 0.026035 0.054073
34 686.331973 1780.874973 -0.012016 -0.012016
35 697.810933 1773.146928 -0.030041 -0.032044
36 671.010834 1796.405189 -0.074101 0.084114
37 703.581000 1779.693000 0.000000 0.000000
38 654.749937 1836.375721 -0.028038 -0.124169
39 639.958888 1829.240775 -0.050068 -0.100136
40 696.782000 1798.798000 0.000000 0.000000
41 707.638919 1787.784004 -0.036049 0.002003
42 690.419000 1822.183000 0.000000 0.000000
43 680.615937 1804.179063 -0.028038 0.028038

32 41 1538984248.981372
666.949221 1809.378832 2.353708
1 682.818404 1784.371662 -0.018004 0.020005
2 669.546537 1842.817735 -0.014003 -0.008002
3 663.579676 1820.991529 -0.040010 0.016004
4 695.915000 1817.062000 0.000000 0.000000
5 667.468397 1817.882588 0.012003 0.048011
6 667.387154 1828.207868 -0.086020 -0.004001
7 692.330000 1820.638000 0.000000 0.000000
8 652.773000 1827.720000 0.000000 0.000000
9 664.768236 1845.633590 0.128030 0.320076
10 639.194338 1832.645515 -0.020005 0.076018
11 647.276596 1848.350361 0.018004 0.162039
12 700.790000 1774.069000 0.000000 0.000000
13 674.512934 1837.082132 -0.002000 0.004001
14 686.314000 1809.043000 0.000000 0.000000
15 687.906073 1779.328206 -0.028007 -0.024006
16 706.020000 1806.908000 0.000000 0.000000
17 694.185000 1818.897000 0.000000 0.000000
18 688.457603 1807.487669 -0.012003 -0.010002
19 699.178227 1775.676294 -0.114027 -0.112027
20 676.890875 1790.539265 -0.034008 0.008002
21 683.979140 1800.634397 -0.026006 0.012003
22 672.333610 1812.301522 -0.042010 0.046011
23 682.046000 1830.411000 0.000000 0.000000
24 671.140955 1825.085022 -0.092022 -0.090021
25 674.702317 1821.630869 0.070017 0.268064
26 633.699912 1821.660361 0.088021 0.162039
27 682.263265 1802.371073 0.008002 -0.028007
28 672.820073 1794.602728 -0.028007 0.022005
29 685.305360 1827.125720 -0.110026 -0.220052
30 678.412875 1834.220603 -0.034008 -0.012003
31 684.872324 1811.375588 0.040010 0.048011
32 635.421125 1826.389721 0.034008 0.052012
33 640.247140 1834.523213 -0.026006 -0.054013
34 697.794941 1773.130007 -0.032008 -0.030007
35 670.971551 1796.449714 -0.074018 0.082020
36 677.256676 1807.545140 -0.040010 -0.026006
37 654.736000 1836.314000 0.000000 0.000000
38 639.932345 1829.187691 -0.050012 -0.100024
39 707.619809 1787.785000 -0.036009 0.000000
40 690.419000 1822.183000 0.000000 0.000000
41 680.600610 1804.190683 -0.042010 -0.070017

33 39 1538984249.431768
665.127889 1811.220634 2.362328
1 682.810295 1784.380672 -0.018004 0.020005
2 695.915000 1817.062000 0.000000 0.000000
3 667.473803 1817.904213 0.012003 0.048011
4 667.348411 1828.206066 -0.086020 -0.004001
5 692.330000 1820.638000 0.000000 0.000000
6 652.773000 1827.720000 0.000000 0.000000
7 664.825900 1845.777751 0.128030 0.320076
8 672.785820 1823.105180 -0.050012 0.050012
9 639.185328 1832.679753 -0.020005 0.076018
10 647.284705 1848.423343 0.018004 0.162039
11 674.512033 1837.083934 -0.002000 0.004001
12 659.873016 1847.147262 0.060014 -0.016004
13 686.314000 1809.043000 0.000000 0.000000
14 687.893459 1779.317394 -0.028007 -0.024006
15 706.020000 1806.908000 0.000000 0.000000
16 687.070459 1797.224541 -0.028007 0.028007
17 694.185000 1818.897000 0.000000 0.000000
18 688.452197 1807.483164 -0.012003 -0.010002
19 699.126870 1775.625837 -0.114027 -0.112027
20 676.875558 1790.542869 -0.034008 0.008002
21 683.967427 1800.639803 -0.026006 0.012003
22 682.046000 1830.411000 0.000000 0.000000
23 671.099509 1825.044476 -0.092022 -0.090021
24 662.575361 1804.343247 -0.022005 -0.076018
25 646.958000 1837.502000 0.000000 0.000000
26 633.739556 1821.733343 0.088021 0.162039
27 682.266869 1802.358459 0.008002 -0.028007
28 678.397558 1834.215197 -0.034008 -0.012003
29 643.815722 1822.791245 -0.044010 0.046011
30 684.890344 1811.397213 0.040010 0.048011
31 635.436442 1826.413147 0.034008 0.052012
32 640.235427 1834.498886 -0.026006 -0.054013
33 686.314394 1780.858361 -0.024006 -0.022005
34 697.780525 1773.116492 -0.032008 -0.030007
35 703.581000 1779.693000 0.000000 0.000000
36 654.736000 1836.314000 0.000000 0.000000
37 639.909820 1829.142640 -0.050012 -0.100024
38 696.782000 1798.798000 0.000000 0.000000
39 707.603591 1787.785000 -0.036009 0.000000

34 42 1538984249.961704
663.081621 1813.213284 2.396301
1 682.800726 1784.391274 -0.020027 0.020027
2 669.532808 1842.809891 -0.014019 -0.008011
3 695.915000 1817.062000 0.000000 0.000000
4 667.480137 1817.930657 0.010014 0.048065
5 667.323453 1828.226398 -0.040054 -0.044059
6 692.330000 1820.638000 0.000000 0.000000
7 652.773000 1827.720000 0.000000 0.000000
8 664.894751 1845.948379 0.128173 0.320433
9 672.758316 1823.131684 -0.050068 0.050068
10 639.184343 1832.681411 -0.048065 0.030041
11 647.378739 1848.524918 0.054073 -0.006008
12 674.515227 1837.081141 0.382516 -0.282381
13 659.905219 1847.139821 0.016022 0.060081
14 686.288316 1809.018343 -0.050068 -0.048065
15 687.879644 1779.304672 -0.026035 -0.024032
16 706.020000 1806.908000 0.000000 0.000000
17 687.055714 1797.237796 -0.094127 -0.088119
18 676.857535 1790.547082 -0.034046 0.006008
19 683.954754 1800.646246 -0.018024 0.018024
20 671.052918 1824.998891 -0.006008 -0.008011
21 643.786000 1837.180000 0.000000 0.000000
22 662.562672 1804.303987 -0.024032 -0.074100
23 674.735000 1821.756000 0.000000 0.000000
24 646.958000 1837.502000 0.000000 0.000000
25 633.786848 1821.817450 0.062084 0.106143
26 682.271109 1802.343644 0.008011 -0.026035
27 672.792617 1794.624301 -0.028038 0.022030
28 685.200055 1826.912411 0.004005 0.030041
29 678.379535 1834.208808 -0.034046 -0.014019
30 643.838232 1822.768973 0.090122 -0.002003
31 684.889878 1811.396686 -0.082111 -0.096130
32 635.455000 1826.440000 0.000000 0.000000
33 640.236067 1834.498356 0.078105 0.026035
34 686.301672 1780.846672 -0.024032 -0.024032
35 697.764589 1773.099589 -0.030041 -0.030041
36 670.888686 1796.515712 -0.096130 0.052070
37 703.581000 1779.693000 0.000000 0.000000
38 677.218453 1807.519617 -0.040054 -0.028038
39 654.744861 1836.345493 0.136184 0.036049
40 696.782000 1798.798000 0.000000 0.000000
41 690.419000 1822.183000 0.000000 0.000000
42 680.558398 1804.122042 -0.044059 -0.070095

35 39 1538984250.411871
661.429319 1814.661502 2.455380
1 682.791711 1784.400289 -0.020027 0.020027
2 669.526498 1842.806284 -0.014019 -0.008011
3 663.527066 1821.002355 -0.030041 -0.010014
4 695.915000 1817.062000 0.000000 0.000000
5 667.484645 1817.952294 0.010014 0.048065
6 692.330000 1820.638000 0.000000 0.000000
7 664.952451 1846.092627 0.128173 0.320433
8 672.735777 1823.154223 -0.050068 0.050068
9 639.162706 1832.694934 -0.048065 0.030041
10 659.912431 1847.166868 0.016022 0.060081
11 686.265777 1808.996706 -0.050068 -0.048065
12 687.867924 1779.293853 -0.026035 -0.024032
13 706.020000 1806.908000 0.000000 0.000000
14 687.013341 1797.198128 -0.094127 -0.088119
15 694.185000 1818.897000 0.000000 0.000000
16 688.441426 1807.472355 -0.012016 -0.010014
17 676.842208 1790.549787 -0.034046 0.006008
18 672.273493 1812.366436 -0.042057 0.044059
19 671.050213 1824.995284 -0.006008 -0.008011
20 643.786000 1837.180000 0.000000 0.000000
21 662.551853 1804.270630 -0.024032 -0.074100
22 674.735000 1821.756000 0.000000 0.000000
23 633.814796 1821.865233 0.062084 0.106143
24 682.274716 1802.331924 0.008011 -0.026035
25 672.779995 1794.634218 -0.028038 0.022030
26 685.201858 1826.925934 0.004005 0.030041
27 678.364208 1834.202498 -0.034046 -0.014019
28 684.852914 1811.353412 -0.082111 -0.096130
29 635.455000 1826.440000 0.000000 0.000000
30 640.271228 1834.510076 0.078105 0.026035
31 686.290853 1780.835853 -0.024032 -0.024032
32 697.751066 1773.086066 -0.030041 -0.030041
33 670.845412 1796.539152 -0.096130 0.052070
34 703.581000 1779.693000 0.000000 0.000000
35 677.200422 1807.506995 -0.040054 -0.028038
36 654.806166 1836.361721 0.136184 0.036049
37 639.860777 1829.285669 -0.050068 0.150203
38 696.782000 1798.798000 0.000000 0.000000
39 690.419000 1822.183000 0.000000 0.000000

36 37 1538984250.931998
659.517545 1816.082794 2.562473
1 682.782274 1784.410695 -0.018005 0.020005
2 669.544421 1842.829268 0.038010 0.048012
3 695.915000 1817.062000 0.000000 0.000000
4 667.490817 1817.977268 0.012003 0.048012
5 664.861987 1845.822840 -0.196050 -0.580149
6 672.759207 1823.128854 0.052013 -0.056014
7 639.147427 1832.672732 -0.028007 -0.048012
8 647.431177 1848.519091 0.054014 -0.006002
9 674.893934 1836.818932 0.398102 -0.258066
10 686.239762 1808.971732 -0.050013 -0.048012
11 706.020000 1806.908000 0.000000 0.000000
12 686.964433 1797.152341 -0.094024 -0.088023
13 694.185000 1818.897000 0.000000 0.000000
14 676.824518 1790.553878 -0.034009 0.008002
15 683.937274 1800.663726 -0.018005 0.018005
16 672.250671 1812.390299 -0.044011 0.046012
17 682.046000 1830.411000 0.000000 0.000000
18 671.047091 1824.991122 -0.006002 -0.008002
19 643.786000 1837.180000 0.000000 0.000000
20 662.575238 1804.299994 0.050013 0.066017
21 674.735000 1821.756000 0.000000 0.000000
22 646.958000 1837.502000 0.000000 0.000000
23 633.882927 1821.865122 0.136035 -0.008002
24 682.277909 1802.317427 0.006002 -0.028007
25 672.770274 1794.650512 -0.018005 0.032008
26 685.203939 1826.941543 0.004001 0.030008
27 643.924659 1822.723402 0.088023 -0.092024
28 684.847091 1811.392659 -0.006002 0.088023
29 635.437549 1826.414793 -0.036009 -0.052013
30 686.279335 1780.824335 -0.022006 -0.022006
31 697.735457 1773.069488 -0.030008 -0.032008
32 670.796433 1796.567177 -0.094024 0.054014
33 677.180579 1807.493396 -0.038010 -0.026007
34 654.768341 1836.309677 -0.088023 -0.110028
35 639.833793 1829.363714 -0.052013 0.150038
36 707.548549 1787.787000 -0.036009 0.000000
37 680.515671 1804.055036 -0.044011 -0.068017

37 33 1538984251.456830
657.660075 1817.131194 2.707826
1 682.771845 1784.420845 -0.016005 -0.016005
2 669.565000 1842.853000 0.000000 0.000000
3 663.493691 1820.989903 -0.032010 -0.010003
4 695.915000 1817.062000 0.000000 0.000000
5 667.496116 1818.003464 0.012004 0.048015
6 667.314599 1828.216657 0.062019 0.068021
7 652.804000 1827.713000 0.000000 0.000000
8 664.765196 1845.523299 0.434135 -0.176055
9 672.785246 1823.098265 -0.078024 -0.076024
10 639.175536 1832.720271 -0.048015 0.028009
11 647.515826 1848.535434 -0.018006 -0.162051
12 650.160000 1848.221000 0.000000 0.000000
13 674.444711 1836.088480 -0.754235 -1.502469
14 686.190000 1808.923000 0.000000 0.000000
15 706.020000 1806.908000 0.000000 0.000000
16 686.915091 1797.107149 -0.094029 -0.088027
17 688.379577 1807.414364 0.370115 0.348109
18 676.713912 1790.691629 -0.216067 0.272085
19 683.927826 1800.674174 -0.018006 0.018006
20 671.044000 1824.988000 0.000000 0.000000
21 674.735000 1821.756000 0.000000 0.000000
22 682.281478 1802.303580 -0.054017 0.060019
23 672.760826 1794.668309 -0.018006 0.032010
24 678.329671 1834.188884 -0.034011 -0.012004
25 643.949445 1822.743575 0.046014 -0.044014
26 684.867464 1811.417613 0.048015 -0.040012
27 697.718710 1773.053691 -0.030009 -0.032010
28 670.746072 1796.594522 -0.096030 0.054017
29 654.852265 1836.256536 -0.076024 -0.048015
30 639.807517 1829.442450 -0.050016 0.150047
31 707.529652 1787.788000 -0.036011 0.000000
32 690.419000 1822.183000 0.000000 0.000000
33 680.493503 1804.019290 0.052016 0.030009

38 32 1538984251.982386
655.724980 1817.838017 2.902014
1 682.763434 1784.412434 -0.016004 -0.016004
2 669.562523 1842.855052 -0.070017 0.058014
3 663.481468 1820.987548 0.098024 0.072017
4 695.915000 1817.062000 0.000000 0.000000
5 667.502425 1818.028698 0.012003 0.048012
6 667.349458 1828.254671 0.126030 0.132032
7 652.804000 1827.713000 0.000000 0.000000
8 664.962431 1845.442520 -0.440106 0.156037
9 639.150302 1832.735062 -0.048012 0.030007
10 647.507000 1848.456000 0.000000 0.000000
11 650.155471 1848.219514 -0.128031 -0.042010
12 674.077548 1835.191920 0.072017 -4.525085
13 706.020000 1806.908000 0.000000 0.000000
14 686.865674 1797.060957 -0.094023 -0.086021
15 694.185000 1818.897000 0.000000 0.000000
16 683.918363 1800.683637 -0.018004 0.018004
17 672.286274 1812.389929 0.036009 -0.002000
18 671.044000 1824.988000 0.000000 0.000000
19 662.628548 1804.363523 0.072017 -0.070017
20 674.735000 1821.756000 0.000000 0.000000
21 646.958000 1837.502000 0.000000 0.000000
22 633.806938 1821.730160 -0.030007 -0.052012
23 682.253089 1802.335123 -0.054013 0.060014
24 678.318095 1834.187671 0.144035 0.132032
25 643.970372 1822.720372 -0.046011 -0.046011
26 635.447000 1826.483000 0.000000 0.000000
27 640.314000 1834.524000 0.000000 0.000000
28 697.702655 1773.036655 -0.038009 -0.038009
29 654.813302 1836.235618 -0.048012 0.074018
30 639.791846 1829.518972 0.250060 0.084020
31 707.510726 1787.788071 -0.036009 0.002000
32 690.419000 1822.183000 0.000000 0.000000

39 34 1538984252.432567
654.040231 1818.104146 3.094349
1 682.756229 1784.405229 -0.016004 -0.016004
2 669.531003 1842.881169 -0.070017 0.058014
3 695.915000 1817.062000 0.000000 0.000000
4 667.507828 1818.050312 0.012003 0.048012
5 667.406195 1828.314109 0.126030 0.132032
6 652.804000 1827.713000 0.000000 0.000000
7 664.764304 1845.512765 -0.440106 0.156037
8 672.709117 1823.023117 -0.078019 -0.078019
9 639.128688 1832.748570 -0.048012 0.030007
10 647.507000 1848.456000 0.000000 0.000000
11 650.097834 1848.200602 -0.128031 -0.042010
12 674.109968 1833.154814 0.072017 -4.525085
13 660.042140 1847.003258 0.060014 -0.018004
14 686.165716 1808.899688 -0.050012 -0.048012
15 706.020000 1806.908000 0.000000 0.000000
16 686.823347 1797.022232 -0.094023 -0.086021
17 683.910258 1800.691742 -0.018004 0.018004
18 682.046000 1830.411000 0.000000 0.000000
19 671.044000 1824.988000 0.000000 0.000000
20 662.660968 1804.332003 0.072017 -0.070017
21 646.958000 1837.502000 0.000000 0.000000
22 633.793430 1821.706745 -0.030007 -0.052012
23 682.228774 1802.362140 -0.054013 0.060014
24 672.744229 1794.700513 -0.016004 0.034008
25 678.382937 1834.247109 0.144035 0.132032
26 643.949659 1822.699659 -0.046011 -0.046011
27 684.914312 1811.377602 0.048012 -0.042010
28 635.447000 1826.483000 0.000000 0.000000
29 697.685544 1773.019544 -0.038009 -0.038009
30 654.791688 1836.268940 -0.048012 0.074018
31 639.904418 1829.556797 0.250060 0.084020
32 707.494516 1787.788971 -0.036009 0.002000
33 690.419000 1822.183000 0.000000 0.000000
34 680.543284 1804.049542 0.050012 0.032008

40 32 1538984252.962691
652.126552 1818.000832 -2.965924
1 669.498735 1842.910894 0.177839 -0.071935
2 695.915000 1817.062000 0.000000 0.000000
3 667.513184 1818.076738 0.011989 0.047957
4 667.407000 1828.338645 0.000000 0.041962
5 652.773000 1827.720000 0.000000 0.000000
6 664.691652 1845.568419 0.497549 -0.167848
7 672.672919 1822.986919 0.189828 0.189828
8 639.105475 1832.762109 0.095913 -0.057948
9 650.095078 1848.200123 -0.059946 0.007993
10 674.479476 1832.184504 0.811265 -2.178027
11 659.917723 1847.005078 -0.017984 -0.059946
12 686.168274 1808.949243 0.147866 0.145868
13 706.020000 1806.908000 0.000000 0.000000
14 686.881782 1797.053953 0.115895 0.061944
15 694.185000 1818.897000 0.000000 0.000000
16 683.900723 1800.701277 -0.017984 0.017984
17 672.320553 1812.388969 0.035967 -0.001998
18 671.044000 1824.988000 0.000000 0.000000
19 662.698076 1804.293924 0.069937 -0.069937
20 674.735000 1821.756000 0.000000 0.000000
21 646.958000 1837.502000 0.000000 0.000000
22 633.793830 1821.705508 0.053951 -0.031971
23 654.452467 1861.489223 7.573139 -1.936246
24 643.903293 1822.654707 -0.045958 0.045958
25 684.915522 1811.379090 0.033969 0.135877
26 635.554749 1826.526028 0.243779 0.131881
27 697.665416 1772.999385 -0.037966 -0.039964
28 677.193338 1807.467877 0.021980 -0.007993
29 654.730184 1836.284953 0.011989 0.061944
30 640.036841 1829.601291 0.249774 0.083924
31 707.475447 1787.790000 -0.035967 0.000000
32 680.570799 1804.066492 0.051953 0.031971

41 28 1538984253.417056
650.587799 1817.580639 -2.780965
1 669.579539 1842.878209 0.177839 -0.071935
2 663.620993 1821.092730 0.097911 0.073933
3 695.915000 1817.062000 0.000000 0.000000
4 667.518632 1818.098527 0.011989 0.047957
5 667.407000 1828.357711 0.000000 0.041962
6 664.917721 1845.492154 0.497549 -0.167848
7 672.759171 1823.073171 0.189828 0.189828
8 639.149055 1832.735780 0.095913 -0.057948
9 650.067841 1848.203755 -0.059946 0.007993
10 674.848087 1831.194885 0.811265 -2.178027
11 659.909552 1846.977841 -0.017984 -0.059946
12 686.235459 1809.015521 0.147866 0.145868
13 706.020000 1806.908000 0.000000 0.000000
14 686.934441 1797.082098 0.115895 0.061944
15 694.185000 1818.897000 0.000000 0.000000
16 672.336895 1812.388061 0.035967 -0.001998
17 671.044000 1824.988000 0.000000 0.000000
18 662.729852 1804.262148 0.069937 -0.069937
19 674.735000 1821.756000 0.000000 0.000000
20 646.958000 1837.502000 0.000000 0.000000
21 633.818343 1821.690982 0.053951 -0.031971
22 682.174657 1802.420159 -0.053951 0.059946
23 635.665514 1826.585950 0.243779 0.131881
24 697.648166 1772.981227 -0.037966 -0.039964
25 677.203325 1807.464245 0.021980 -0.007993
26 654.735632 1836.313098 0.011989 0.061944
27 707.459105 1787.790000 -0.035967 0.000000
28 690.419000 1822.183000 0.000000 0.000000

