40
1.70079  0.0159456  1.51096  0.499802  -0.503032  0.49978  -0.497371
1266.42  816.267  1266.42  491.507  
1 5 1542800987.912460
../data/CAM_FRONT/n015-2018-11-21-19-38-26+0800__CAM_FRONT__1542800987912460.jpg
1321.390785 903.754742 -2.565321
1 399 474 168 119 1
2 53 421 97 95 1
3 651 474 215 123 1
4 27 476 69 51 1
5 868 501 338 325 1

2 5 1542800988.412460
../data/CAM_FRONT/n015-2018-11-21-19-38-26+0800__CAM_FRONT__1542800988412460.jpg
1321.390272 903.754950 -2.565187
1 454 472 223 155 1
2 53 421 97 95 1
3 312 484 81 54 1
4 716 473 262 144 1
5 27 476 69 51 1

3 5 1542800988.912460
../data/CAM_FRONT/n015-2018-11-21-19-38-26+0800__CAM_FRONT__1542800988912460.jpg
1321.389996 903.755237 -2.565201
1 531 466 336 229 1
2 53 421 97 95 1
3 330 485 91 60 1
4 802 471 333 174 1
5 26 476 70 51 1

4 5 1542800989.412460
../data/CAM_FRONT/n015-2018-11-21-19-38-26+0800__CAM_FRONT__1542800989412460.jpg
1321.389901 903.755576 -2.565210
1 686 451 670 433 1
2 53 421 97 95 1
3 353 485 105 69 1
4 932 467 458 228 1
5 26 476 70 51 1

5 5 1542800989.912460
../data/CAM_FRONT/n015-2018-11-21-19-38-26+0800__CAM_FRONT__1542800989912460.jpg
1321.389740 903.755817 -2.565251
1 353 483 57 37 1
2 1085 447 370 486 1
3 53 421 97 95 1
4 382 485 125 81 1
5 26 476 70 51 1

6 4 1542800990.412460
../data/CAM_FRONT/n015-2018-11-21-19-38-26+0800__CAM_FRONT__1542800990412460.jpg
1321.389713 903.756097 -2.565254
1 367 483 64 41 1
2 53 421 97 95 1
3 419 485 160 101 1
4 26 476 70 51 1

7 4 1542800990.912460
../data/CAM_FRONT/n015-2018-11-21-19-38-26+0800__CAM_FRONT__1542800990912460.jpg
1321.389587 903.756271 -2.565245
1 384 483 72 45 1
2 52 421 97 95 1
3 475 486 220 133 1
4 26 476 70 51 1

8 4 1542800991.412460
../data/CAM_FRONT/n015-2018-11-21-19-38-26+0800__CAM_FRONT__1542800991412460.jpg
1321.389492 903.756430 -2.565287
1 406 483 81 51 1
2 51 421 97 95 1
3 564 487 340 201 1
4 26 476 71 51 1

9 5 1542800991.912460
../data/CAM_FRONT/n015-2018-11-21-19-38-26+0800__CAM_FRONT__1542800991912460.jpg
1321.389549 903.756656 -2.565316
1 432 483 95 58 1
2 50 421 97 95 1
3 749 488 733 406 1
4 352 484 54 36 1
5 26 476 71 51 1

10 4 1542800992.412460
../data/CAM_FRONT/n015-2018-11-21-19-38-26+0800__CAM_FRONT__1542800992412460.jpg
1321.389906 903.757049 -2.565861
1 465 484 114 66 1
2 48 421 97 95 1
3 359 484 60 39 1
4 25 476 71 50 1

11 4 1542800992.862460
../data/CAM_FRONT/n015-2018-11-21-19-38-26+0800__CAM_FRONT__1542800992862460.jpg
1321.396508 903.761447 -2.569642
1 500 484 138 77 1
2 40 421 98 95 1
3 365 484 67 42 1
4 12 476 73 51 1

12 4 1542800993.362460
../data/CAM_FRONT/n015-2018-11-21-19-38-26+0800__CAM_FRONT__1542800993362460.jpg
1321.353856 903.735075 -2.574501
1 553 484 177 96 1
2 31 422 98 94 1
3 374 484 75 47 1
4 4 476 73 50 1

13 4 1542800993.862460
../data/CAM_FRONT/n015-2018-11-21-19-38-26+0800__CAM_FRONT__1542800993862460.jpg
1321.332195 903.724383 -2.572914
1 643 484 245 126 1
2 34 422 96 94 1
3 395 484 86 52 1
4 7 476 73 50 1

14 4 1542800994.362460
../data/CAM_FRONT/n015-2018-11-21-19-38-26+0800__CAM_FRONT__1542800994362460.jpg
1321.330962 903.726308 -2.572776
1 788 484 387 182 1
2 34 423 96 92 1
3 418 484 99 58 1
4 7 477 74 49 1

15 4 1542800994.862460
../data/CAM_FRONT/n015-2018-11-21-19-38-26+0800__CAM_FRONT__1542800994862460.jpg
1321.330238 903.728180 -2.572825
1 1045 484 561 334 1
2 34 423 95 92 1
3 446 484 115 66 1
4 8 477 73 48 1

16 3 1542800995.362460
../data/CAM_FRONT/n015-2018-11-21-19-38-26+0800__CAM_FRONT__1542800995362460.jpg
1321.329510 903.729721 -2.572912
1 34 423 94 92 1
2 483 484 135 76 1
3 8 477 73 48 1

17 3 1542800995.862460
../data/CAM_FRONT/n015-2018-11-21-19-38-26+0800__CAM_FRONT__1542800995862460.jpg
1321.329619 903.731516 -2.573828
1 32 424 93 91 1
2 528 484 164 88 1
3 7 477 73 48 1

18 3 1542800996.412460
../data/CAM_FRONT/n015-2018-11-21-19-38-26+0800__CAM_FRONT__1542800996412460.jpg
1321.329704 903.733218 -2.581201
1 18 424 92 91 1
2 575 484 226 106 1
3 -9 477 73 48 1

19 3 1542800996.912460
../data/CAM_FRONT/n015-2018-11-21-19-38-26+0800__CAM_FRONT__1542800996912460.jpg
1321.235040 903.675434 -2.592600
1 2 425 91 89 1
2 655 484 305 127 1
3 -33 477 75 48 1

20 4 1542800997.412460
../data/CAM_FRONT/n015-2018-11-21-19-38-26+0800__CAM_FRONT__1542800997412460.jpg
1321.193069 903.649629 -2.591859
1 307 479 26 43 1
2 9 426 88 87 1
3 804 484 399 148 1
4 -33 477 75 48 1

21 4 1542800997.912460
../data/CAM_FRONT/n015-2018-11-21-19-38-26+0800__CAM_FRONT__1542800997912460.jpg
1321.196042 903.651363 -2.592822
1 305 479 30 48 1
2 6 428 86 85 1
3 1038 485 483 169 1
4 -38 477 75 47 1

22 3 1542800998.362460
../data/CAM_FRONT/n015-2018-11-21-19-38-26+0800__CAM_FRONT__1542800998362460.jpg
1321.198828 903.652981 -2.601693
1 295 478 36 53 1
2 -12 428 85 84 1
3 -37 477 53 46 1

23 3 1542800998.912460
../data/CAM_FRONT/n015-2018-11-21-19-38-26+0800__CAM_FRONT__1542800998912460.jpg
1321.020920 903.550506 -2.641037
1 252 477 44 62 1
2 -34 430 52 81 1
3 1562 485 86 171 1

24 2 1542800999.412460
../data/CAM_FRONT/n015-2018-11-21-19-38-26+0800__CAM_FRONT__1542800999412460.jpg
1320.733914 903.400741 -2.682586
1 210 476 54 74 1
2 -39 437 39 70 1

25 1 1542800999.912460
../data/CAM_FRONT/n015-2018-11-21-19-38-26+0800__CAM_FRONT__1542800999912460.jpg
1320.522259 903.298972 -2.701610
1 216 475 66 88 1

26 2 1542801000.412460
../data/CAM_FRONT/n015-2018-11-21-19-38-26+0800__CAM_FRONT__1542801000412460.jpg
1320.471926 903.275940 -2.699996
1 267 473 82 107 1
2 -28 440 28 66 1

27 1 1542801000.912460
../data/CAM_FRONT/n015-2018-11-21-19-38-26+0800__CAM_FRONT__1542801000912460.jpg
1320.480551 903.280398 -2.701303
1 338 470 108 136 1

28 2 1542801001.412460
../data/CAM_FRONT/n015-2018-11-21-19-38-26+0800__CAM_FRONT__1542801001412460.jpg
1320.485501 903.282839 -2.702357
1 457 464 163 194 1
2 -35 442 44 63 1

29 2 1542801001.912460
../data/CAM_FRONT/n015-2018-11-21-19-38-26+0800__CAM_FRONT__1542801001912460.jpg
1320.487736 903.283929 -2.702846
1 692 450 317 338 1
2 -37 438 66 69 1

30 3 1542801002.412460
../data/CAM_FRONT/n015-2018-11-21-19-38-26+0800__CAM_FRONT__1542801002412460.jpg
1320.488888 903.284492 -2.703160
1 -19 440 69 66 1
2 43 480 53 38 1
3 71 483 97 56 1

31 3 1542801002.912460
../data/CAM_FRONT/n015-2018-11-21-19-38-26+0800__CAM_FRONT__1542801002912460.jpg
1320.489454 903.284774 -2.703313
1 -45 441 116 65 1
2 49 480 56 41 1
3 94 483 108 63 1

32 3 1542801003.412460
../data/CAM_FRONT/n015-2018-11-21-19-38-26+0800__CAM_FRONT__1542801003412460.jpg
1320.489640 903.284875 -2.703293
1 -19 442 116 63 1
2 54 480 65 44 1
3 120 483 124 72 1

33 3 1542801003.912460
../data/CAM_FRONT/n015-2018-11-21-19-38-26+0800__CAM_FRONT__1542801003912460.jpg
1320.489779 903.284952 -2.703352
1 7 444 115 60 1
2 60 479 75 50 1
3 154 483 145 85 1

34 3 1542801004.412460
../data/CAM_FRONT/n015-2018-11-21-19-38-26+0800__CAM_FRONT__1542801004412460.jpg
1320.489958 903.285046 -2.703392
1 33 445 115 58 1
2 74 479 83 55 1
3 189 483 179 105 1

35 4 1542801004.912460
../data/CAM_FRONT/n015-2018-11-21-19-38-26+0800__CAM_FRONT__1542801004912460.jpg
1320.489958 903.285055 -2.703421
1 60 446 113 57 1
2 90 478 95 63 1
3 49 488 54 31 1
4 240 483 234 136 1

36 3 1542801005.412460
../data/CAM_FRONT/n015-2018-11-21-19-38-26+0800__CAM_FRONT__1542801005412460.jpg
1320.489945 903.285056 -2.703381
1 115 478 111 71 1
2 54 489 59 33 1
3 312 482 354 200 1

37 3 1542801005.912460
../data/CAM_FRONT/n015-2018-11-21-19-38-26+0800__CAM_FRONT__1542801005912460.jpg
1320.489955 903.285067 -2.703365
1 147 477 133 84 1
2 59 489 67 37 1
3 456 482 683 375 1

38 3 1542801006.412460
../data/CAM_FRONT/n015-2018-11-21-19-38-26+0800__CAM_FRONT__1542801006412460.jpg
1320.489825 903.285012 -2.703384
1 191 475 166 103 1
2 65 490 77 40 1
3 892 481 374 441 1

39 2 1542801006.912460
../data/CAM_FRONT/n015-2018-11-21-19-38-26+0800__CAM_FRONT__1542801006912460.jpg
1320.489979 903.285089 -2.703437
1 246 473 218 132 1
2 80 491 84 46 1

40 2 1542801007.412469
../data/CAM_FRONT/n015-2018-11-21-19-38-26+0800__CAM_FRONT__1542801007412469.jpg
1320.490019 903.285112 -2.703454
1 334 469 317 184 1
2 92 492 95 55 1

