40
1 20 1533151603.555991
600.184370 1647.455125 -0.501928
1 637.134050 1636.257473 -0.827280 0.651433
2 612.709717 1632.150293 -1.105039 0.987141
3 619.019928 1648.946573 -1.198957 0.663423
4 635.382566 1674.261041 0.543527 0.957168
5 622.337393 1624.027602 -1.500695 1.143006
6 598.113761 1642.070870 1.280886 -0.491572
7 622.239498 1646.086439 -1.131016 0.647437
8 619.613274 1624.647815 1.222936 -0.855256
9 583.614017 1656.356234 7.739269 -4.138401
10 640.863000 1643.013000 0.000000 0.000000
11 602.157456 1626.309830 0.649435 1.051086
12 631.811055 1636.971858 -0.469592 -0.135882
13 660.799295 1604.448906 -6.154647 5.345351
14 650.746250 1625.225954 1.101042 -0.481581
15 597.740274 1641.368410 1.222936 -0.665421
16 636.801449 1680.143634 0.529539 1.384796
17 582.290903 1661.042158 -9.891397 5.375325
18 639.593746 1606.667781 1.041095 -0.859253
19 631.806899 1644.621849 -0.011990 -0.017984
20 637.784117 1636.680597 -0.819287 0.785317

2 25 1533151604.069888
603.981978 1645.295518 -0.520752
1 636.708892 1636.592302 -0.828218 0.654172
2 612.141813 1632.657607 -1.106292 0.988261
3 618.403757 1649.287521 -1.200317 0.664175
4 635.672481 1674.767865 1.028271 1.640433
5 627.259409 1619.570690 -0.530140 0.626165
6 637.553820 1618.473757 4.977312 -4.219113
7 621.657894 1646.418559 -1.148303 0.620164
8 620.241811 1624.208236 1.226323 -0.858226
9 587.589735 1654.228238 7.672023 -4.197107
10 626.854914 1618.286927 -0.324085 0.774204
11 601.920115 1627.152044 0.554146 1.008266
12 602.491565 1626.849787 0.666176 1.042275
13 631.568322 1636.904825 -0.534141 -0.008002
14 657.636243 1607.195999 -6.163625 5.351411
15 651.312318 1624.978897 1.112293 -0.462122
16 625.147061 1621.088145 -0.866228 0.784207
17 581.487882 1668.886559 -1.240327 0.620164
18 670.387525 1604.223519 0.024006 -0.022006
19 598.367980 1641.026829 1.188313 -0.648171
20 637.069654 1680.840396 0.350092 0.704186
21 639.016452 1625.095808 -5.559466 4.885288
22 577.204523 1663.798969 -10.038647 5.121350
23 640.128744 1606.226193 1.040274 -0.860227
24 637.363111 1637.084189 -0.818216 0.786207
25 621.828825 1622.928650 0.998263 -1.022270

3 27 1533151604.579949
607.687601 1643.070581 -0.549149
1 636.286131 1636.925906 -0.838208 0.652162
2 611.581834 1633.158024 -0.972241 0.874217
3 617.787676 1649.623148 -1.320327 0.566140
4 636.172016 1675.568096 0.250062 0.502125
5 626.989391 1619.890328 -0.518128 0.634157
6 640.112750 1616.303607 5.607390 -4.785187
7 599.425170 1641.567289 1.284318 -0.490122
8 621.078924 1646.734623 -0.938233 0.612152
9 660.012834 1613.638359 0.026006 -0.020005
10 620.867823 1623.771387 1.242308 -0.830206
11 626.689162 1618.682266 -0.338084 0.788195
12 602.202763 1627.666320 0.554137 1.008250
13 640.870385 1642.982140 0.012003 -0.058014
14 602.830457 1627.381924 0.638158 1.058262
15 646.937202 1622.129040 -0.212053 0.126031
16 651.877988 1624.739788 1.060263 -0.568141
17 670.399834 1604.212359 0.026006 -0.020005
18 598.974028 1640.696223 1.186294 -0.648161
19 637.281953 1681.228366 1.402348 1.602397
20 636.131219 1627.616136 -7.105762 5.775432
21 572.081578 1666.415335 -10.120509 5.251302
22 626.738361 1617.068537 0.136034 0.890221
23 640.659410 1605.787361 1.042258 -0.862214
24 631.900230 1644.766283 -0.024006 0.040010
25 695.306000 1581.889000 0.000000 0.000000
26 636.946221 1637.485395 -0.804199 0.792196
27 622.335948 1622.407872 0.934232 -1.002249

4 26 1533151605.015872
610.755197 1641.126577 -0.574132
1 635.920736 1637.210198 -0.838208 0.652162
2 611.158012 1633.539115 -0.972241 0.874217
3 617.212115 1649.869942 -1.320327 0.566140
4 636.281024 1675.786984 0.250062 0.502125
5 620.353796 1625.563415 -1.310325 1.084269
6 626.763527 1620.166772 -0.518128 0.634157
7 599.985034 1641.353633 1.284318 -0.490122
8 620.669927 1647.001474 -0.938233 0.612152
9 660.024170 1613.629638 0.026006 -0.020005
10 602.444325 1628.105840 0.554137 1.008250
11 640.875617 1642.956850 0.012003 -0.058014
12 603.108645 1627.843245 0.638158 1.058262
13 631.191295 1636.845765 -0.260064 -0.118029
14 651.806535 1612.257372 -6.161528 5.349326
15 646.844764 1622.183980 -0.212053 0.126031
16 624.353843 1621.857136 -0.810201 0.842209
17 670.411170 1604.203638 0.026006 -0.020005
18 599.491161 1640.413674 1.186294 -0.648161
19 637.893269 1681.926888 1.402348 1.602397
20 633.033653 1630.133781 -7.105762 5.775432
21 626.797661 1617.456605 0.136034 0.890221
22 641.113755 1605.411502 1.042258 -0.862214
23 631.889766 1644.783724 -0.024006 0.040010
24 695.306000 1581.889000 0.000000 0.000000
25 636.595652 1637.830731 -0.804199 0.792196
26 622.743201 1621.970969 0.934232 -1.002249

5 29 1533151605.526118
614.294798 1638.756007 -0.601913
1 635.482968 1637.551223 -0.859273 0.669434
2 610.662438 1633.985680 -0.971178 0.875260
3 605.207221 1634.507000 -0.009992 0.000000
4 616.531466 1650.142267 -1.334871 0.531550
5 636.548046 1676.460652 0.541542 1.374837
6 604.002147 1632.292074 -0.051956 0.041965
7 619.733687 1626.088371 -1.208977 1.025133
8 626.530013 1620.512958 -0.453616 0.681424
9 646.201099 1611.116081 7.243872 -6.164785
10 600.631078 1641.082778 1.264930 -0.533549
11 652.293414 1623.798718 0.751364 -0.621474
12 620.242350 1647.379459 -0.831297 0.749366
13 660.010662 1613.559220 -0.029975 -0.145877
14 598.378848 1648.425178 7.074016 -3.722851
15 640.156074 1643.914999 0.177850 -0.271770
16 626.340778 1619.414238 -0.397664 0.759358
17 640.889382 1642.966471 0.027976 0.023980
18 631.234618 1636.901265 0.107909 0.123895
19 648.452697 1615.204859 -6.600417 5.805089
20 652.831871 1624.160468 0.957190 -0.655446
21 624.046969 1622.190840 -0.587503 0.641457
22 670.412000 1604.203000 0.000000 0.000000
23 600.055695 1640.078512 1.101069 -0.657444
24 629.318960 1632.973461 -7.291832 5.551304
25 626.867956 1617.904635 0.137883 0.877258
26 641.646930 1604.971056 1.045116 -0.863270
27 654.870931 1593.337158 1.181001 -1.049113
28 636.176174 1638.224017 -0.823304 0.769349
29 623.219400 1621.461055 0.933211 -0.999155

6 31 1533151606.041155
617.882120 1636.198112 -0.626741
1 610.124827 1634.410846 -1.047083 0.823279
2 605.210940 1634.500105 0.007993 -0.013988
3 615.848903 1650.424892 -1.324840 0.549519
4 636.965846 1677.346035 0.823279 1.734481
5 619.246975 1626.649830 -0.933183 1.093043
6 626.247137 1620.814653 -0.553515 0.581491
7 649.028551 1608.856204 5.411260 -4.308226
8 601.185024 1640.802078 1.067065 -0.545522
9 652.680384 1623.478645 0.751342 -0.621456
10 659.996209 1613.484090 -0.027975 -0.145872
11 622.561143 1622.421722 1.051079 -1.033095
12 601.713799 1646.637855 6.448352 -3.458970
13 640.236835 1643.768136 0.155863 -0.285750
14 626.038451 1619.830936 -0.595478 0.811289
15 662.453105 1618.661342 -0.147870 0.221806
16 640.903791 1642.978821 0.027975 0.023979
17 630.958227 1636.675465 -0.565505 -0.463594
18 648.896341 1649.779317 0.355688 -0.577494
19 646.626583 1622.315044 -0.211814 0.127888
20 653.304159 1623.794332 0.915198 -0.713375
21 623.744391 1622.520220 -0.587485 0.639440
22 628.029928 1618.931548 -0.525540 0.729361
23 670.412000 1604.203000 0.000000 0.000000
24 683.681000 1592.002000 0.000000 0.000000
25 600.623755 1639.738929 1.103034 -0.659422
26 625.568429 1635.734985 -7.281622 5.353311
27 650.620388 1603.361701 -0.051954 0.039965
28 626.875925 1618.513068 0.009991 1.194953
29 695.306000 1581.889000 0.000000 0.000000
30 635.762005 1638.652756 -0.803296 0.835268
31 623.702980 1620.942528 0.939177 -1.007118

7 35 1533151606.551583
621.430413 1633.511737 -0.657772
1 609.590356 1634.831080 -1.050279 0.826220
2 605.200015 1634.501045 0.006002 0.018005
3 637.525232 1642.959648 0.092024 -0.140037
4 615.171984 1650.704636 -1.198319 0.650173
5 613.073513 1603.715488 0.998266 0.194052
6 618.664848 1627.160150 -1.252333 0.854227
7 625.964525 1621.111390 -0.586156 0.552147
8 652.570755 1605.772413 7.053877 -5.795542
9 601.678437 1640.424910 0.968258 -0.830221
10 653.183548 1623.050830 1.012269 -0.862229
11 619.312253 1648.363054 -0.694185 0.816217
12 659.909572 1613.289028 -0.170045 -0.386103
13 636.070181 1651.371768 0.072019 -0.092024
14 623.098664 1621.895135 1.058282 -1.138303
15 640.307358 1643.619151 0.142038 0.060016
16 625.689852 1620.235249 -0.456121 0.496132
17 662.437952 1618.637141 0.378101 0.056015
18 640.913899 1642.965307 -0.040011 0.122032
19 630.836426 1636.637794 -0.228061 -0.082022
20 649.170621 1649.570491 0.644171 -0.202054
21 646.519050 1622.379975 0.020005 -0.010003
22 632.461020 1650.000899 0.008002 -0.040011
23 623.453520 1622.854606 -0.588156 0.638170
24 670.412000 1604.203000 0.000000 0.000000
25 683.681000 1592.002000 0.000000 0.000000
26 601.189734 1639.410278 1.086289 -0.684182
27 621.493090 1638.641545 -7.910105 5.381432
28 626.613018 1618.938251 -0.390104 0.894238
29 642.720639 1604.078789 1.048279 -0.878234
30 656.184207 1592.401674 1.274339 -0.924246
31 632.029176 1644.731879 0.070019 -0.048013
32 632.059904 1650.272879 -0.038010 -0.048013
33 670.881526 1597.247296 -3.366896 2.898771
34 635.291674 1639.017803 -0.924246 0.716191
35 624.188392 1620.414387 0.950253 -1.038276

8 39 1533151607.061557
624.991826 1630.660348 -0.678776
1 609.052999 1635.253793 -1.188259 0.934204
2 614.561227 1651.036864 -1.170255 0.702153
3 613.582298 1603.814374 0.974212 0.188041
4 618.022959 1627.597399 -1.508329 0.982214
5 625.665626 1621.392970 -0.584127 0.552120
6 640.920823 1643.744692 -0.014003 0.134029
7 656.174181 1602.808658 7.539643 -6.443404
8 602.171162 1640.000383 0.884193 -0.920201
9 653.699930 1622.610813 1.024223 -0.886193
10 659.818762 1613.083868 -0.494108 -1.040227
11 636.106884 1651.324813 0.070015 -0.094020
12 607.166886 1643.679741 4.426965 -2.634574
13 646.921409 1641.073970 -0.918200 0.156034
14 625.460045 1620.485030 -0.234051 0.240052
15 662.621959 1618.659520 -0.320070 -0.434095
16 637.865552 1624.632963 -7.481630 6.809484
17 649.499536 1649.470379 0.676147 0.030007
18 646.529253 1622.374874 0.020004 -0.010002
19 647.522000 1603.835000 0.000000 0.000000
20 632.465101 1649.980520 0.008002 -0.038008
21 654.233197 1622.949888 0.966211 -0.880192
22 623.153323 1623.179829 -0.608133 0.620135
23 627.518106 1619.695041 -0.546119 0.716156
24 673.928566 1581.767561 0.124027 -0.114025
25 670.412000 1604.203000 0.000000 0.000000
26 683.681000 1592.002000 0.000000 0.000000
27 613.766434 1610.933379 -0.124027 0.030007
28 601.743006 1639.060227 1.030225 -0.774169
29 617.453844 1641.385250 -8.329815 5.327161
30 607.333965 1603.821859 -0.082018 0.068015
31 633.548737 1650.341434 -0.100022 -0.124027
32 643.255081 1603.631065 1.036226 -0.866189
33 656.833935 1591.930106 1.262275 -0.942205
34 632.062965 1644.706434 -0.082018 -0.124027
35 632.040015 1650.247788 -0.078017 -0.096021
36 695.276000 1581.856000 0.000000 0.000000
37 634.820080 1639.382712 -0.944206 0.690150
38 624.675294 1619.885601 1.132247 -0.982214
39 655.328863 1593.681142 -0.882192 1.120244

9 36 1533151607.577646
628.542367 1627.700345 -0.691710
1 608.439713 1635.735956 -1.189601 0.935259
2 637.505484 1642.885190 0.190256 -0.132178
3 613.957579 1651.398164 -1.159561 0.664895
4 614.090883 1603.914658 1.175582 0.300404
5 640.914924 1643.810462 0.032043 0.016022
6 660.065553 1599.483136 7.548161 -6.448681
7 602.627397 1639.524525 0.881186 -0.953283
8 654.227514 1622.151813 0.989332 -0.943270
9 659.565878 1612.546119 -0.420566 -1.071442
10 624.205728 1620.748408 1.135529 -1.061429
11 640.375827 1643.624615 -0.006008 -0.048065
12 646.453740 1641.149596 -0.702946 -0.014019
13 625.328972 1620.615103 -0.590795 0.454612
14 662.461440 1618.436744 -0.158213 -0.390526
15 640.881903 1643.088866 -0.038051 0.030040
16 630.613367 1636.550346 0.082111 0.012016
17 633.997483 1628.144887 -7.720393 6.727055
18 649.829000 1649.485000 0.000000 0.000000
19 646.539635 1622.369711 0.022030 -0.010013
20 647.522000 1603.835000 0.000000 0.000000
21 632.466980 1649.957844 -0.070094 -0.144194
22 622.840492 1623.497931 -0.572771 0.552744
23 673.992521 1581.708710 0.122164 -0.114154
24 613.709579 1610.947134 0.124167 -0.030040
25 602.274727 1638.660604 1.031388 -0.777046
26 613.150838 1644.125593 -8.471403 5.016753
27 650.742307 1603.291769 -0.024032 -0.008011
28 626.166223 1619.823719 -0.512690 0.510687
29 607.291633 1603.856963 -0.082111 0.068092
30 643.789900 1603.184007 1.037396 -0.867167
31 632.020633 1644.642421 -0.082111 -0.124167
32 631.990802 1650.215315 -0.388523 0.496669
33 667.425855 1600.221639 -3.370537 2.901906
34 634.332755 1639.738856 -0.945272 0.688927
35 625.261113 1619.380448 1.183593 -0.921240
36 654.872621 1594.258631 -0.915232 1.097477

10 34 1533151608.011779
631.522169 1625.183398 -0.695200
1 633.435560 1639.248684 -0.895205 0.751011
2 614.601242 1604.045074 1.175582 0.300404
3 625.110270 1621.918823 -0.584787 0.554747
4 663.342459 1596.683551 7.548161 -6.448681
5 603.009950 1639.110673 0.881186 -0.953283
6 654.657016 1621.742309 0.989332 -0.943270
7 617.961136 1649.537704 -1.103485 0.722973
8 659.383297 1612.080970 -0.420566 -1.071442
9 624.698699 1620.287606 1.135529 -1.061429
10 640.373219 1643.603748 -0.006008 -0.048065
11 646.148568 1641.143510 -0.702946 -0.014019
12 625.072488 1620.812465 -0.590795 0.454612
13 662.392755 1618.267204 -0.158213 -0.390526
14 649.829000 1649.485000 0.000000 0.000000
15 646.549199 1622.365364 0.022030 -0.010013
16 647.522000 1603.835000 0.000000 0.000000
17 632.436549 1649.895245 -0.070094 -0.144194
18 655.152744 1622.113050 0.969305 -0.881186
19 622.591833 1623.737896 -0.572771 0.552744
20 674.045557 1581.659152 0.122164 -0.114154
21 670.456504 1604.163132 0.096129 -0.086116
22 683.681000 1592.002000 0.000000 0.000000
23 602.722486 1638.323263 1.031388 -0.777046
24 609.473121 1646.303531 -8.471403 5.016753
25 650.731874 1603.288291 -0.024032 -0.008011
26 625.943648 1620.045425 -0.512690 0.510687
27 607.255987 1603.886523 -0.082111 0.068092
28 633.454569 1650.223516 -0.098132 -0.124167
29 644.240268 1602.807541 1.037396 -0.867167
30 658.033110 1591.033381 1.261698 -0.945272
31 631.984987 1644.588516 -0.082111 -0.124167
32 695.248185 1581.825404 -0.060081 -0.066089
33 625.774950 1618.980507 1.183593 -0.921240
34 654.475289 1594.735083 -0.915232 1.097477

11 37 1533151608.521984
634.945679 1622.265129 -0.691889
1 632.979282 1639.630520 -0.894235 0.748196
2 607.316939 1636.618676 -1.188312 0.934245
3 637.696427 1642.814469 0.214056 -0.018005
4 612.850834 1652.001062 -1.184311 0.612161
5 615.289530 1604.197239 1.362357 0.298078
6 616.116314 1629.073093 -1.164305 0.918241
7 624.812209 1622.200624 -0.584153 0.552145
8 640.942323 1643.785771 0.026007 -0.068018
9 666.925223 1593.583454 6.981831 -6.047586
10 655.161270 1621.261532 0.988259 -0.942247
11 617.469793 1649.875864 -0.952250 0.658173
12 625.381738 1619.765563 1.354355 -1.020268
13 640.370156 1643.618115 -0.006002 0.034009
14 645.759001 1640.947730 -0.768201 -0.412108
15 624.771365 1621.045125 -0.590155 0.456120
16 662.510229 1618.410354 0.260068 0.332087
17 630.690865 1636.562635 0.082022 0.014004
18 649.829000 1649.485000 0.000000 0.000000
19 646.606875 1622.318552 0.120031 -0.098026
20 632.257688 1649.944979 -0.372098 0.116030
21 655.637312 1621.679084 0.948249 -0.848222
22 622.565313 1623.762740 -0.012003 0.010003
23 626.802032 1620.689760 -0.462121 0.662174
24 670.437250 1604.179906 -0.048013 0.042011
25 613.768000 1610.933000 0.000000 0.000000
26 603.248176 1637.928157 1.030270 -0.774203
27 604.925925 1648.854839 -8.946346 4.999311
28 650.718677 1603.284208 -0.026007 -0.008002
29 625.681386 1620.305718 -0.514135 0.510134
30 607.253000 1603.889000 0.000000 0.000000
31 644.766176 1602.368397 1.030270 -0.860226
32 658.676186 1590.552532 1.260331 -0.942247
33 695.246000 1581.823000 0.000000 0.000000
34 665.532876 1601.872322 -0.648170 0.602158
35 633.492720 1640.355906 -0.834219 0.618162
36 626.402863 1618.545084 1.234324 -0.848222
37 653.994584 1595.281186 -0.944248 1.068280

12 35 1533151609.032113
637.994577 1619.684539 -0.690358
1 632.505676 1639.937626 -0.930242 0.594154
2 606.801781 1636.999385 -1.000260 0.736191
3 637.787223 1642.806252 0.176046 -0.016004
4 612.237000 1652.289131 -1.204313 0.562146
5 624.540364 1622.506500 -0.530138 0.602156
6 641.053402 1643.768505 0.228059 -0.032008
7 671.534699 1589.590017 9.146377 -7.924059
8 603.910913 1638.348942 0.956249 -0.630164
9 655.666377 1620.780866 0.990257 -0.942245
10 616.984992 1650.211616 -0.950247 0.658171
11 659.096766 1611.335173 -0.302079 -0.708184
12 671.514000 1570.587000 0.000000 0.000000
13 626.072633 1619.245097 1.354352 -1.020265
14 614.733428 1638.616569 3.268849 -2.444635
15 640.415517 1643.600600 0.094024 -0.038010
16 624.470311 1621.277804 -0.590153 0.456119
17 662.471483 1618.311503 -0.094024 -0.222058
18 640.824168 1643.061452 -0.074019 -0.092024
19 630.731738 1636.568811 0.080021 0.012003
20 622.905208 1637.067058 -7.746013 5.637465
21 646.668106 1622.268547 0.120031 -0.098025
22 647.522000 1603.835000 0.000000 0.000000
23 656.109418 1621.233793 0.924240 -0.874227
24 622.348070 1623.956688 -0.448116 0.400104
25 626.566291 1621.027553 -0.462120 0.662172
26 674.050000 1581.655000 0.000000 0.000000
27 683.681000 1592.002000 0.000000 0.000000
28 603.770840 1637.545804 1.024266 -0.748194
29 650.755769 1603.253978 0.078020 -0.062016
30 625.419111 1620.565952 -0.514134 0.510133
31 645.291746 1601.928603 1.030268 -0.862224
32 632.031179 1644.602537 0.052014 -0.034009
33 665.201258 1602.178531 -0.650169 0.600156
34 633.066193 1640.670279 -0.836217 0.616160
35 627.042211 1618.128846 1.254326 -0.814212

13 30 1533151609.547309
640.576441 1617.504017 -0.692464
1 632.026425 1640.242729 -0.930231 0.592147
2 637.974831 1642.775028 0.370092 -0.062015
3 611.601564 1652.577744 -1.234306 0.560139
4 615.041507 1629.984578 -1.108275 0.922229
5 641.170896 1643.753014 0.228057 -0.030007
6 670.811000 1619.896000 0.000000 0.000000
7 604.533444 1637.847450 1.216302 -0.984244
8 656.171552 1620.277447 0.980243 -0.978243
9 616.447478 1650.503742 -1.046259 0.564140
10 659.030057 1610.983312 -0.124031 -0.682169
11 671.514000 1570.587000 0.000000 0.000000
12 626.707439 1618.796396 1.228305 -0.866215
13 616.251658 1637.499987 2.936728 -2.158535
14 640.462958 1643.576022 0.092023 -0.048012
15 624.165271 1621.511792 -0.592147 0.454113
16 639.027655 1644.740814 0.754187 0.406101
17 640.843981 1643.058002 0.042010 -0.004001
18 630.750984 1636.537029 0.036009 -0.064016
19 646.729945 1622.218045 0.120030 -0.098024
20 647.522000 1603.835000 0.000000 0.000000
21 656.569592 1620.721456 0.892221 -0.998248
22 622.129194 1624.176804 -0.424105 0.428106
23 626.241291 1621.321740 -0.636158 0.568141
24 674.050000 1581.655000 0.000000 0.000000
25 650.794965 1603.222028 0.076019 -0.062015
26 625.154235 1620.828767 -0.514127 0.510126
27 645.819532 1601.487391 1.024254 -0.856212
28 632.636381 1640.987718 -0.834207 0.616153
29 627.682432 1617.697383 1.242308 -0.838208
30 653.006448 1596.220591 -0.980243 0.894222

14 33 1533151609.912417
642.046000 1616.254352 -0.694220
1 638.107431 1642.756734 0.363173 -0.050093
2 611.043875 1652.831903 -1.527830 0.696290
3 614.496662 1630.436180 -1.492765 1.237292
4 624.049410 1623.112609 -0.618646 0.791466
5 670.811000 1619.896000 0.000000 0.000000
6 605.117611 1637.435093 1.600464 -1.129592
7 656.455129 1619.905279 0.776438 -1.019388
8 615.980294 1650.756076 -1.279871 0.691280
9 658.981594 1610.669732 -0.132746 -0.859091
10 671.514000 1570.587000 0.000000 0.000000
11 627.291611 1618.435239 1.600464 -0.989333
12 640.468480 1643.577827 0.015028 0.005009
13 623.887351 1621.711104 -0.761410 0.546011
14 639.278249 1644.959283 0.686271 0.598609
15 640.852220 1643.058913 0.022542 0.002505
16 646.754660 1622.187860 0.067625 -0.082653
17 647.520173 1603.836827 -0.005009 0.005009
18 675.917000 1567.003000 0.000000 0.000000
19 656.930761 1620.227808 0.989333 -1.352505
20 625.938691 1621.567683 -0.829036 0.673748
21 674.050000 1581.655000 0.000000 0.000000
22 670.414080 1604.201093 -0.060111 0.055102
23 604.841239 1636.937958 1.380056 -0.778943
24 650.830619 1603.193687 0.097681 -0.077644
25 646.287619 1601.096099 1.282375 -1.071986
26 660.544478 1589.152173 1.575418 -1.189704
27 695.249000 1581.759000 0.000000 0.000000
28 664.891660 1602.501700 0.067625 0.037570
29 632.236880 1641.256516 -1.094527 0.736364
30 704.035000 1555.450000 0.000000 0.000000
31 628.249258 1617.315233 1.552876 -1.046939
32 652.537467 1596.614641 -1.284880 1.079500
33 675.187080 1599.772006 -0.060111 0.057607

15 39 1533151610.426071
643.665333 1614.884640 -0.693882
1 631.213292 1640.836375 -0.830209 0.606153
2 605.234667 1638.029708 -1.088275 0.686173
3 674.634458 1564.186417 0.026007 -0.020005
4 610.421750 1653.115708 -1.188300 0.542137
5 670.632167 1614.248875 -0.008002 0.006002
6 623.793208 1623.444750 -0.490124 0.636160
7 641.354958 1643.661333 0.146037 -0.160040
8 670.811000 1619.896000 0.000000 0.000000
9 605.534292 1637.104667 0.754190 -0.608153
10 656.750333 1619.459833 0.560141 -0.856216
11 615.587167 1650.968792 -0.728184 0.394099
12 658.754667 1609.777500 -0.464117 -1.800454
13 671.514000 1570.587000 0.000000 0.000000
14 618.171209 1636.073333 2.486627 -1.888476
15 640.505417 1643.568417 0.076019 -0.020005
16 623.576375 1621.948500 -0.594150 0.456115
17 662.424250 1618.200125 -0.060015 -0.102026
18 640.872167 1643.072417 0.040010 0.028007
19 630.611750 1636.349667 -0.324082 -0.320081
20 611.190999 1644.618917 -9.218325 5.333345
21 646.781917 1622.153375 0.052013 -0.066017
22 647.574625 1603.793875 0.114029 -0.090023
23 675.917000 1567.003000 0.000000 0.000000
24 657.231417 1619.751667 0.556140 -0.896226
25 621.749792 1624.627167 -0.374094 0.472119
26 625.581292 1621.833458 -0.686173 0.506128
27 674.050000 1581.655000 0.000000 0.000000
28 683.681000 1592.002000 0.000000 0.000000
29 605.382542 1636.557375 1.030260 -0.738186
30 650.871375 1603.161292 0.078020 -0.062016
31 624.782833 1621.204333 -0.568143 0.560141
32 665.645000 1621.923000 0.000000 0.000000
33 661.244917 1588.567625 1.348340 -1.134286
34 632.059000 1644.584000 0.000000 0.000000
35 695.263375 1581.775292 0.030008 0.034009
36 631.781167 1641.562792 -0.872220 0.586148
37 704.035000 1555.450000 0.000000 0.000000
38 652.002333 1597.064083 -1.024258 0.860217
39 675.162958 1599.795083 -0.046012 0.044011

16 42 1533151610.932319
644.778233 1613.940552 -0.693486
1 630.756109 1641.094679 -0.906207 0.506115
2 674.647624 1564.175318 0.026006 -0.022005
3 609.819219 1653.390158 -1.190271 0.542124
4 670.628116 1614.251913 -0.008002 0.006001
5 623.559656 1623.776508 -0.460105 0.656150
6 670.811000 1619.896000 0.000000 0.000000
7 605.952990 1636.852148 0.830189 -0.494113
8 656.996997 1619.072997 0.484110 -0.760173
9 673.512624 1624.848305 0.026006 0.048011
10 615.218534 1651.168299 -0.728166 0.394090
11 671.514000 1570.587000 0.000000 0.000000
12 628.578203 1617.569646 1.230280 -0.874199
13 618.857103 1635.568862 1.306298 -0.958218
14 640.507000 1643.568000 0.000000 0.000000
15 668.000694 1610.582585 -1.292295 0.858196
16 623.284334 1622.190084 -0.576131 0.478109
17 662.359881 1618.117402 -0.130030 -0.166038
18 640.873000 1643.073000 0.000000 0.000000
19 630.307855 1635.923502 -0.612140 -0.864197
20 606.524349 1647.318849 -9.218101 5.333216
21 646.809219 1622.120926 0.054012 -0.064015
22 647.583797 1603.786174 0.014003 -0.012003
23 668.055026 1609.845219 -0.762174 0.676154
24 675.917000 1567.003000 0.000000 0.000000
25 657.489650 1619.284370 0.508116 -0.924211
26 621.721608 1624.823444 -0.042010 0.384088
27 674.050000 1581.655000 0.000000 0.000000
28 670.220807 1604.370540 -0.194044 0.170039
29 683.681000 1592.002000 0.000000 0.000000
30 605.887589 1636.163286 0.996227 -0.780178
31 624.496190 1621.487897 -0.566129 0.560128
32 665.592563 1621.833662 -0.108025 -0.184042
33 647.319820 1600.206646 0.980223 -0.874199
34 661.928466 1587.994379 1.350308 -1.132258
35 632.061913 1644.557781 0.006001 -0.054012
36 695.278566 1581.791537 0.030007 0.032007
37 659.443000 1585.268000 0.000000 0.000000
38 664.947219 1602.530595 0.054012 0.028006
39 631.246395 1641.877971 -1.064243 0.624142
40 704.035000 1555.450000 0.000000 0.000000
41 629.442534 1616.566881 1.138259 -0.752171
42 651.384768 1597.562675 -1.228280 0.990226

17 36 1533151611.442915
645.499810 1613.326536 -0.693046
1 630.240767 1641.409692 -1.012302 0.620185
2 604.044682 1638.809836 -1.258375 0.850253
3 670.624030 1614.253985 -0.008002 0.004001
4 612.774945 1632.007988 -1.060316 1.078321
5 623.318757 1624.106596 -0.472141 0.646193
6 641.377908 1643.556538 -0.244073 0.124037
7 670.800082 1619.901955 -0.022007 0.012004
8 606.388821 1636.618697 0.854255 -0.456136
9 673.524911 1624.871829 0.024007 0.046014
10 614.846710 1651.369533 -0.728217 0.394117
11 671.514000 1570.587000 0.000000 0.000000
12 629.184586 1617.095462 1.186354 -0.930277
13 619.358382 1635.164926 0.972290 -0.786234
14 640.420648 1643.551127 -0.174052 -0.034010
15 667.330883 1611.019814 -1.312391 0.856255
16 622.983196 1622.410399 -0.590176 0.430128
17 640.873000 1643.073000 0.000000 0.000000
18 647.590948 1603.780045 0.014004 -0.012004
19 675.917000 1567.003000 0.000000 0.000000
20 657.694519 1618.821372 0.398119 -0.906270
21 621.643581 1625.285576 -0.156047 0.920274
22 674.050000 1581.655000 0.000000 0.000000
23 670.133633 1604.447442 -0.170051 0.150045
24 650.825305 1603.197762 -0.082024 0.064019
25 624.174352 1621.781856 -0.632188 0.576172
26 671.316052 1578.671022 -0.014004 -0.006002
27 665.591000 1621.831000 0.000000 0.000000
28 647.819360 1599.760253 0.978292 -0.874261
29 662.460159 1587.508521 1.032308 -0.946282
30 632.065970 1644.530201 0.008002 -0.054016
31 695.279000 1581.792000 0.000000 0.000000
32 659.464836 1585.250134 0.044013 -0.036011
33 630.702960 1642.196677 -1.064317 0.624186
34 629.878851 1616.162948 0.846252 -0.792236
35 650.755586 1598.079233 -1.232367 1.012302
36 675.154060 1599.803940 -0.016005 0.016005

18 36 1533151611.883051
646.056702 1612.849718 -0.693822
1 629.745413 1641.712576 -1.126421 0.688739
2 603.430122 1639.224110 -1.397473 0.942017
3 670.593942 1614.263696 -0.068874 0.022217
4 612.264869 1632.506496 -1.159747 1.133086
5 670.790304 1619.907818 -0.022217 0.013330
6 606.801171 1636.387205 0.937574 -0.526552
7 657.478674 1618.310613 0.535439 -0.848704
8 673.525000 1624.872000 0.000000 0.000000
9 658.492896 1605.296629 0.299935 -3.992464
10 629.731006 1616.692525 1.241952 -0.915356
11 619.547194 1634.992320 0.424352 -0.388804
12 666.688973 1611.437989 -1.459682 0.950904
13 662.279426 1618.029091 -0.031104 -0.006665
14 640.873000 1643.073000 0.000000 0.000000
15 629.592586 1634.908875 -0.919800 -1.306382
16 646.795277 1622.121906 -0.093313 0.079983
17 647.555125 1603.808118 -0.082204 0.064430
18 667.315522 1610.502302 -0.842039 0.708734
19 675.917000 1567.003000 0.000000 0.000000
20 657.900586 1618.383619 0.468787 -0.995339
21 624.492731 1622.726850 -0.784274 0.668743
22 674.050000 1581.655000 0.000000 0.000000
23 670.050584 1604.520720 -0.188848 0.166630
24 683.681000 1592.002000 0.000000 0.000000
25 701.433000 1576.266000 0.000000 0.000000
26 650.786216 1603.229997 -0.088870 0.073317
27 623.876272 1622.073910 -0.677630 0.664300
28 671.308243 1578.668091 -0.017774 -0.006665
29 665.591000 1621.831000 0.000000 0.000000
30 648.298104 1599.333285 1.088652 -0.970900
31 662.962374 1587.043471 1.141973 -1.057547
32 664.588762 1603.074894 -0.786495 1.030887
33 630.166690 1642.513150 -1.219734 0.719843
34 704.035000 1555.450000 0.000000 0.000000
35 650.154696 1598.573617 -1.366369 1.124200
36 675.146243 1599.810787 -0.017774 0.015552

19 45 1533151612.398189
646.713542 1612.285260 -0.695754
1 629.189912 1642.065692 -1.077119 0.685439
2 674.688026 1564.144980 0.025979 -0.019984
3 670.561937 1614.274020 -0.061949 0.019984
4 611.582686 1633.126213 -1.300936 1.201017
5 622.908845 1624.797810 -0.153874 0.801344
6 662.292000 1565.584000 0.000000 0.000000
7 607.355086 1635.941110 1.075120 -0.881279
8 657.708448 1617.827047 0.443637 -0.943228
9 673.525000 1624.872000 0.000000 0.000000
10 613.964295 1651.847386 -0.697429 0.381688
11 658.944893 1603.489303 2.863657 -5.639386
12 671.513968 1570.586958 -0.031974 -0.041966
13 630.309177 1616.267128 1.165047 -0.863294
14 711.483000 1568.309000 0.000000 0.000000
15 619.578050 1634.976980 0.049959 -0.019984
16 640.381000 1643.529000 0.000000 0.000000
17 666.011656 1611.878864 -1.330911 0.855300
18 622.489602 1622.952620 -0.393678 0.613498
19 662.257988 1618.012018 -0.011990 0.017985
20 640.873000 1643.073000 0.000000 0.000000
21 677.748000 1569.088000 0.000000 0.000000
22 629.166257 1634.300944 -0.735398 -1.045145
23 646.752915 1622.160073 -0.083931 0.071941
24 666.964041 1610.833682 -0.949223 0.675447
25 658.119484 1617.895071 0.479608 -0.919248
26 624.173368 1623.082836 -0.625488 0.827323
27 673.893000 1581.768000 0.000000 0.000000
28 686.656000 1570.563000 0.000000 0.000000
29 607.173908 1635.194376 0.899264 -0.617495
30 650.744000 1603.264000 0.000000 0.000000
31 623.578437 1622.391636 -0.557544 0.629485
32 671.300986 1578.664994 -0.013989 -0.005995
33 665.591000 1621.831000 0.000000 0.000000
34 682.012000 1574.690000 0.000000 0.000000
35 648.772927 1598.947249 0.917249 -0.743392
36 663.497046 1586.556047 1.035153 -0.943228
37 632.106956 1644.503063 -0.043964 0.061949
38 695.279000 1581.792000 0.000000 0.000000
39 664.224320 1603.554082 -0.673449 1.071124
40 629.598914 1642.846684 -1.075120 0.677446
41 704.035000 1555.450000 0.000000 0.000000
42 656.691950 1582.142040 -0.049959 0.039967
43 649.515777 1599.090044 -1.211009 1.033155
44 675.137935 1599.819061 -0.063948 0.059951
45 677.557000 1578.460000 0.000000 0.000000

20 41 1533151612.908344
647.428141 1611.670291 -0.697813
1 602.138406 1640.093609 -1.356828 0.707389
2 674.701279 1564.134764 0.025978 -0.021981
3 669.599000 1630.055000 0.000000 0.000000
4 610.918793 1633.738982 -1.320859 1.206957
5 670.706957 1619.960236 -0.003997 0.021981
6 662.292000 1565.584000 0.000000 0.000000
7 657.935954 1617.342803 0.553522 -1.226940
8 673.525000 1624.872000 0.000000 0.000000
9 613.608520 1652.042105 -0.695399 0.381670
10 660.415128 1600.618063 3.730777 -5.107587
11 630.903531 1615.826715 1.164993 -0.863254
12 711.483000 1568.309000 0.000000 0.000000
13 619.602871 1634.968311 -0.011990 0.121895
14 640.380183 1643.528807 -0.075934 -0.017984
15 665.332685 1612.315178 -1.330850 0.853263
16 677.748000 1569.088000 0.000000 0.000000
17 628.791112 1633.767737 -0.733366 -1.047095
18 646.710785 1622.196215 -0.019983 0.019983
19 647.520000 1603.837000 0.000000 0.000000
20 666.479769 1611.178286 -0.951178 0.677415
21 675.917000 1567.003000 0.000000 0.000000
22 658.366802 1617.423254 0.725373 -1.184976
23 622.332394 1626.736672 0.687406 0.899223
24 623.854509 1623.505070 -0.603479 0.843271
25 686.656000 1570.563000 0.000000 0.000000
26 669.978516 1604.540549 0.047959 -0.041964
27 701.433000 1576.266000 0.000000 0.000000
28 607.633940 1634.877360 1.017121 -0.803306
29 650.744000 1603.264000 0.000000 0.000000
30 623.294046 1622.712792 -0.553522 0.631454
31 671.293850 1578.661936 -0.013988 -0.005995
32 665.591494 1621.830699 0.045960 -0.027976
33 649.242671 1598.566951 1.085062 -0.841273
34 664.028186 1586.073759 1.318860 -1.045097
35 632.083904 1644.534000 -0.101912 0.000000
36 695.279000 1581.792000 0.000000 0.000000
37 659.142000 1585.445000 0.000000 0.000000
38 629.050780 1643.192781 -1.043099 0.723375
39 704.035000 1555.450000 0.000000 0.000000
40 656.666484 1582.162430 -0.047959 0.039965
41 675.105312 1599.849645 -0.063945 0.059948

21 48 1533151613.418574
648.246476 1610.967907 -0.695416
1 628.133545 1642.779897 -0.897852 0.676115
2 601.448672 1640.453187 -1.232275 0.641583
3 674.714486 1564.123626 0.023628 -0.018175
4 669.599934 1630.056644 0.045438 0.079971
5 670.552747 1614.275701 0.036350 -0.014540
6 610.247456 1634.352526 -1.194107 1.095961
7 670.704888 1619.971448 -0.005453 0.021810
8 662.292000 1565.584000 0.000000 0.000000
9 608.453210 1635.048675 0.983275 -0.794254
10 673.525000 1624.872000 0.000000 0.000000
11 675.936000 1629.183000 0.000000 0.000000
12 613.254962 1652.236135 -0.634313 0.347145
13 671.498000 1570.566000 0.000000 0.000000
14 631.496639 1615.384201 1.101414 -0.963283
15 711.483075 1568.308925 0.003635 -0.003635
16 619.593937 1635.026580 -0.149036 -0.069066
17 699.307000 1559.099000 0.000000 0.000000
18 677.748000 1569.088000 0.000000 0.000000
19 628.417655 1633.232884 -0.697926 -1.075969
20 665.983106 1611.528455 -1.503085 0.897852
21 675.917000 1567.003000 0.000000 0.000000
22 667.945000 1566.950000 0.000000 0.000000
23 658.737092 1616.821856 0.734276 -1.028713
24 622.681589 1627.196725 0.612502 0.959648
25 623.552089 1623.932793 -0.336240 0.719736
26 673.893000 1581.768000 0.000000 0.000000
27 686.656000 1570.563000 0.000000 0.000000
28 670.005175 1604.517198 0.154489 -0.136314
29 683.681000 1592.002000 0.000000 0.000000
30 701.433000 1576.266000 0.000000 0.000000
31 608.151239 1634.469207 0.936020 -0.719736
32 650.744000 1603.264000 0.000000 0.000000
33 623.011531 1623.035150 -0.557977 0.639765
34 665.615308 1621.816253 0.063613 -0.036350
35 682.012000 1574.690000 0.000000 0.000000
36 649.794733 1598.139870 1.008721 -0.736093
37 664.698656 1585.542425 1.199560 -0.952378
38 632.031646 1644.537138 -0.114503 0.152671
39 695.278365 1581.792598 -0.030898 0.029080
40 659.142000 1585.445000 0.000000 0.000000
41 663.609554 1604.672066 -0.216284 0.587057
42 699.157322 1582.345396 0.988728 -0.905122
43 628.521396 1643.560374 -0.905122 0.650670
44 704.035149 1555.449888 0.007270 -0.005453
45 631.643595 1614.216798 0.856049 -0.934203
46 648.352387 1600.149024 -0.954195 0.974188
47 675.072805 1599.880121 -0.058160 0.054525
48 677.557000 1578.460000 0.000000 0.000000

22 54 1533151613.933680
649.223916 1610.139813 -0.694396
1 627.671056 1643.128168 -0.897852 0.676115
2 600.813920 1640.783670 -1.232275 0.641583
3 674.726656 1564.114264 0.023628 -0.018175
4 669.623339 1630.097837 0.045438 0.079971
5 670.571471 1614.268211 0.036350 -0.014540
6 699.982486 1582.654272 1.066881 -0.981458
7 609.632365 1634.917063 -1.194107 1.095961
8 622.944485 1626.215481 0.241729 1.135947
9 670.702079 1619.982683 -0.005453 0.021810
10 662.292000 1565.584000 0.000000 0.000000
11 608.959701 1634.639550 0.983275 -0.794254
12 673.525000 1624.872000 0.000000 0.000000
13 675.936000 1629.183000 0.000000 0.000000
14 612.928224 1652.414952 -0.634313 0.347145
15 664.436427 1595.952754 4.096678 -4.040335
16 671.498000 1570.566000 0.000000 0.000000
17 632.063983 1614.888008 1.101414 -0.963283
18 711.484947 1568.307053 0.003635 -0.003635
19 664.010210 1613.111719 -1.252268 0.707013
20 699.307000 1559.099000 0.000000 0.000000
21 622.006066 1624.353146 -0.210832 1.021443
22 662.211951 1618.011819 -0.065431 -0.056343
23 677.748000 1569.088000 0.000000 0.000000
24 646.690291 1622.214762 -0.019993 0.016358
25 647.520000 1603.837000 0.000000 0.000000
26 665.208858 1611.990944 -1.503085 0.897852
27 675.917000 1567.003000 0.000000 0.000000
28 714.906000 1565.058000 0.000000 0.000000
29 659.115322 1616.291959 0.734276 -1.028713
30 622.997093 1627.691045 0.612502 0.959648
31 623.378890 1624.303534 -0.336240 0.719736
32 673.893000 1581.768000 0.000000 0.000000
33 686.656000 1570.563000 0.000000 0.000000
34 670.084753 1604.446982 0.154489 -0.136314
35 683.681000 1592.002000 0.000000 0.000000
36 701.433000 1576.266000 0.000000 0.000000
37 608.633389 1634.098466 0.936020 -0.719736
38 650.744000 1603.264000 0.000000 0.000000
39 622.724114 1623.364697 -0.557977 0.639765
40 665.648075 1621.797529 0.063613 -0.036350
41 682.012000 1574.690000 0.000000 0.000000
42 650.314331 1597.760704 1.008721 -0.736093
43 665.316556 1585.051849 1.199560 -0.952378
44 631.972665 1644.615780 -0.114503 0.152671
45 695.262449 1581.807577 -0.030898 0.029080
46 659.142000 1585.445000 0.000000 0.000000
47 663.498145 1604.974463 -0.216284 0.587057
48 699.666622 1581.879162 0.988728 -0.905122
49 628.055162 1643.895538 -0.905122 0.650670
50 704.038894 1555.447079 0.007270 -0.005453
51 656.643000 1582.182000 0.000000 0.000000
52 647.860876 1600.650833 -0.954195 0.974188
53 675.042846 1599.908207 -0.058160 0.054525
54 677.557000 1578.460000 0.000000 0.000000

23 45 1533151614.443599
650.310287 1609.218632 -0.694298
1 600.125881 1641.141383 -1.352746 0.703268
2 674.739830 1564.104131 0.025899 -0.019923
3 669.649660 1630.142425 0.051799 0.087660
4 670.587791 1614.262078 0.031876 -0.011954
5 700.534885 1582.060678 1.083790 -1.169457
6 609.061338 1635.384023 -1.117659 0.910463
7 623.300331 1626.754081 0.711237 1.053906
8 670.700026 1619.993856 -0.003985 0.021915
9 662.292000 1565.584000 0.000000 0.000000
10 609.486212 1634.284552 1.033984 -0.693307
11 675.936000 1629.183000 0.000000 0.000000
12 666.802433 1593.587567 4.655915 -4.655915
13 671.498000 1570.566000 0.000000 0.000000
14 632.665244 1614.335141 1.181411 -1.087775
15 711.486974 1568.306013 0.003985 -0.001992
16 699.307000 1559.099000 0.000000 0.000000
17 621.946746 1624.932519 -0.113559 1.139574
18 662.225804 1618.035673 0.029884 0.049807
19 677.748000 1569.088000 0.000000 0.000000
20 647.520000 1603.837000 0.000000 0.000000
21 664.371804 1612.491539 -1.645608 0.984177
22 675.917000 1567.003000 0.000000 0.000000
23 667.945000 1566.950000 0.000000 0.000000
24 659.513860 1615.813147 0.782959 -0.936363
25 623.305902 1624.741337 -0.137466 0.862649
26 673.893000 1581.768000 0.000000 0.000000
27 686.656000 1570.563000 0.000000 0.000000
28 670.170888 1604.371968 0.169342 -0.147427
29 683.681000 1592.002000 0.000000 0.000000
30 701.433000 1576.266000 0.000000 0.000000
31 688.411944 1592.057009 0.922417 -0.763036
32 609.165133 1633.711983 1.045937 -0.759052
33 622.460388 1623.755938 -0.515996 0.771005
34 671.321438 1578.677712 0.085667 0.043830
35 665.683542 1621.777262 0.069729 -0.039845
36 708.560171 1567.014268 -3.681699 3.462550
37 650.888584 1597.366088 1.129612 -0.774990
38 631.974948 1644.648595 0.007969 0.061760
39 695.246209 1581.822804 -0.031876 0.029884
40 700.217885 1581.374514 1.083790 -0.992146
41 627.549527 1644.258318 -0.994138 0.713230
42 704.041961 1555.444039 0.005977 -0.005977
43 632.548023 1613.233474 0.910463 -0.986169
44 647.337749 1601.203859 -1.028007 1.087775
45 675.030157 1599.920843 -0.023907 0.023907

24 46 1533151614.954088
651.607595 1608.120471 -0.693339
1 626.621969 1643.896132 -1.086302 0.744207
2 674.753144 1564.093889 0.026007 -0.020006
3 669.634833 1630.152089 -0.030008 0.016004
4 623.767320 1627.207621 0.958266 0.832231
5 670.702033 1619.982867 0.006002 -0.024007
6 662.292000 1565.584000 0.000000 0.000000
7 610.008554 1633.914846 1.000278 -0.748208
8 659.415254 1615.093379 0.946263 -0.832231
9 673.524578 1624.871222 -0.076021 -0.140039
10 675.936000 1629.183000 0.000000 0.000000
11 669.875433 1590.561089 6.021674 -5.927648
12 671.498000 1570.566000 0.000000 0.000000
13 711.489022 1568.303978 0.004001 -0.004001
14 619.435857 1635.080577 -0.566157 0.464129
15 662.668847 1613.997009 -1.288358 0.902251
16 699.306867 1559.099111 -0.024007 0.020006
17 621.922122 1625.510998 0.022006 1.080300
18 662.225922 1618.035856 -0.014004 -0.026007
19 677.748000 1569.088000 0.000000 0.000000
20 627.352723 1631.492580 -0.590164 -1.156321
21 646.670133 1622.232878 0.024007 -0.022006
22 675.917000 1567.003000 0.000000 0.000000
23 714.906000 1565.058000 0.000000 0.000000
24 623.391299 1625.285520 0.414115 0.994276
25 673.893000 1581.768000 0.000000 0.000000
26 686.656000 1570.563000 0.000000 0.000000
27 670.137611 1604.401333 -0.070019 0.060017
28 674.001789 1637.559001 -0.218061 -0.360100
29 683.681000 1592.002000 0.000000 0.000000
30 701.433000 1576.266000 0.000000 0.000000
31 688.882020 1591.658735 0.904251 -0.768214
32 609.702831 1633.321757 1.050292 -0.764212
33 622.248267 1624.185809 -0.132037 1.226341
34 671.364722 1578.698745 -0.050014 -0.046013
35 665.718389 1621.756767 0.070019 -0.042012
36 682.012000 1574.690000 0.000000 0.000000
37 651.460187 1596.955546 1.114310 -0.802223
38 666.647731 1584.085135 1.212337 -1.056294
39 631.996944 1644.542633 -0.010003 0.114032
40 659.142000 1585.445000 0.000000 0.000000
41 700.775042 1580.864458 1.088303 -0.998278
42 626.944425 1644.696765 -1.184329 0.858239
43 656.642867 1582.182111 -0.024007 0.020006
44 646.809302 1601.763098 -1.026285 1.098305
45 675.017867 1599.932122 -0.024007 0.022006
46 677.557000 1578.460000 0.000000 0.000000

25 52 1533151615.463820
653.072349 1606.871645 -0.693451
1 674.766402 1564.083660 0.026035 -0.022029
2 669.620000 1630.160000 0.000000 0.000000
3 670.620494 1614.251815 0.032043 -0.012016
4 607.749070 1636.390482 -1.421888 1.133505
5 624.255177 1627.633455 0.919221 0.937245
6 670.705062 1619.970660 0.004005 -0.022029
7 662.292000 1565.584000 0.000000 0.000000
8 653.909000 1578.416000 0.000000 0.000000
9 610.517270 1633.532089 0.925229 -0.837112
10 659.897610 1614.669151 0.947258 -0.833106
11 673.486228 1624.800548 -0.050066 -0.094125
12 675.936000 1629.183000 0.000000 0.000000
13 672.954453 1587.540284 6.642822 -5.881811
14 671.498000 1570.566000 0.000000 0.000000
15 633.858513 1613.202321 1.135508 -1.081436
16 711.491062 1568.301969 0.004005 -0.002003
17 655.069000 1580.474000 0.000000 0.000000
18 699.294598 1559.109340 -0.026035 0.022029
19 621.935718 1626.061988 0.176234 1.101463
20 662.217857 1618.021023 -0.074098 -0.128170
21 677.748000 1569.088000 0.000000 0.000000
22 627.053464 1630.901943 -0.488649 -1.235641
23 673.555857 1604.941444 -0.592787 0.482641
24 646.682402 1622.221660 0.026035 -0.022029
25 663.076356 1613.410714 -1.273691 0.889181
26 675.917000 1567.003000 0.000000 0.000000
27 714.906000 1565.058000 0.000000 0.000000
28 623.605853 1625.790436 0.638848 0.871157
29 673.893000 1581.768000 0.000000 0.000000
30 686.656000 1570.563000 0.000000 0.000000
31 670.101950 1604.431927 -0.068090 0.060080
32 673.890602 1637.375440 -0.220293 -0.360479
33 683.681000 1592.002000 0.000000 0.000000
34 701.433000 1576.266000 0.000000 0.000000
35 689.342807 1591.267325 0.895189 -0.757005
36 610.237351 1632.931398 0.995322 -0.817085
37 650.817112 1603.203073 0.072096 -0.060080
38 671.341668 1578.676896 0.108144 0.058077
39 665.753000 1621.736000 0.000000 0.000000
40 704.639257 1570.578987 -4.003316 3.694907
41 682.012000 1574.690000 0.000000 0.000000
42 652.028235 1596.546583 1.117484 -0.805069
43 631.992216 1644.601100 0.014019 0.136181
44 695.244456 1581.824390 -0.100133 0.090120
45 659.142000 1585.445000 0.000000 0.000000
46 663.234309 1605.983058 0.020027 0.198263
47 626.339448 1645.135177 -1.267683 0.919221
48 656.630629 1582.192309 -0.024032 0.020027
49 646.286124 1602.322957 -1.029367 1.099460
50 675.005629 1599.943371 -0.024032 0.024032
51 677.557000 1578.460000 0.000000 0.000000
52 652.431000 1576.172000 0.000000 0.000000

26 56 1533151615.974315
654.724164 1605.467043 -0.695081
1 674.779744 1564.072468 0.028007 -0.020005
2 669.620000 1630.160000 0.000000 0.000000
3 670.638393 1614.245575 0.090023 -0.016004
4 702.240663 1580.405624 1.078274 -0.992252
5 624.719888 1628.111568 0.748190 0.924234
6 670.707532 1619.959628 0.020005 -0.014004
7 662.292000 1565.584000 0.000000 0.000000
8 653.910383 1578.414830 0.052013 -0.044011
9 660.385460 1614.242283 1.108281 -0.892226
10 673.462000 1624.755000 0.000000 0.000000
11 675.936000 1629.183000 0.000000 0.000000
12 676.360333 1584.527235 7.197826 -6.273591
13 711.493106 1568.300894 0.004001 -0.004001
14 655.069638 1580.473521 0.024006 -0.018005
15 619.315765 1635.196490 0.104026 -0.132033
16 661.365956 1614.936920 -1.318334 0.862219
17 699.282000 1559.120000 0.000000 0.000000
18 622.038921 1626.632703 0.674171 1.418360
19 662.182000 1617.959000 0.000000 0.000000
20 677.748000 1569.088000 0.000000 0.000000
21 626.808119 1630.269807 -0.334085 -1.286326
22 673.251664 1605.189252 -0.652165 0.536136
23 646.695638 1622.210415 0.024006 -0.022006
24 662.426179 1613.864611 -1.272323 0.888225
25 714.906000 1565.058000 0.000000 0.000000
26 667.945000 1566.950000 0.000000 0.000000
27 661.068460 1614.340943 1.108281 -0.980249
28 623.934569 1626.238217 0.736187 0.986250
29 673.892096 1581.768851 -0.034009 0.032008
30 686.656000 1570.563000 0.000000 0.000000
31 670.074903 1604.455789 0.222056 -0.196050
32 673.778150 1637.191428 -0.220056 -0.360091
33 683.681000 1592.002000 0.000000 0.000000
34 701.433000 1576.266000 0.000000 0.000000
35 689.803067 1590.877017 1.018258 -0.902229
36 610.746121 1632.515208 1.020259 -0.782198
37 650.853914 1603.172458 0.072018 -0.058015
38 622.244136 1625.443054 0.306078 1.356344
39 671.396925 1578.706595 0.110028 0.060015
40 665.753372 1621.736638 0.014004 0.024006
41 702.591976 1572.461922 -4.139050 3.570906
42 682.012000 1574.690000 0.000000 0.000000
43 652.597450 1596.137484 1.070272 -0.734186
44 648.024837 1577.777743 -0.984250 0.216055
45 667.881918 1583.009698 1.050266 -0.914232
46 695.193394 1581.870446 -0.098025 0.092023
47 659.142000 1585.445000 0.000000 0.000000
48 663.244585 1606.084211 0.022006 0.196050
49 625.692392 1645.604408 -1.264321 0.918233
50 704.052213 1555.434840 0.008002 -0.006002
51 634.035705 1611.932676 1.042264 -0.802204
52 656.620276 1582.200936 0.048012 -0.040010
53 645.760720 1602.884194 -1.026260 1.098279
54 690.916000 1566.827000 0.000000 0.000000
55 677.557000 1578.460000 0.000000 0.000000
56 652.431000 1576.172000 0.000000 0.000000

27 49 1533151616.484552
656.565475 1603.898521 -0.697546
1 674.793961 1564.062261 0.026006 -0.020005
2 670.684326 1614.237409 0.090021 -0.016004
3 702.790837 1579.899267 1.078250 -0.994231
4 625.100681 1628.583811 0.722168 0.942219
5 670.717813 1619.952557 0.022005 -0.012003
6 662.292000 1565.584000 0.000000 0.000000
7 653.936996 1578.392374 0.054013 -0.044010
8 611.520241 1632.755601 1.116259 -0.552128
9 660.950872 1613.787037 1.106257 -0.892207
10 671.498000 1570.566000 0.000000 0.000000
11 635.016276 1612.100533 1.144266 -1.068248
12 711.495148 1568.298852 0.004001 -0.004001
13 655.081813 1580.464261 0.022005 -0.020005
14 619.370321 1635.130896 0.144033 -0.084020
15 660.699798 1615.372642 -1.142265 0.748174
16 699.282000 1559.120000 0.000000 0.000000
17 622.393624 1627.349676 0.964224 1.236287
18 677.746004 1569.089552 -0.054013 0.042010
19 672.925040 1605.460147 -0.486113 0.464108
20 646.707961 1622.199187 0.026006 -0.022005
21 661.776107 1614.316855 -1.296301 0.862200
22 675.917000 1567.003000 0.000000 0.000000
23 714.906000 1565.058000 0.000000 0.000000
24 667.945000 1566.950000 0.000000 0.000000
25 647.711000 1587.269000 0.000000 0.000000
26 661.627220 1613.856306 0.926215 -0.560130
27 624.873716 1630.272511 0.750174 0.988229
28 624.310125 1626.741363 0.734170 0.984229
29 673.876000 1581.784000 0.000000 0.000000
30 670.178226 1604.364626 -0.048011 0.044010
31 683.681000 1592.002000 0.000000 0.000000
32 701.433000 1576.266000 0.000000 0.000000
33 690.331784 1590.415041 1.266294 -0.946220
34 611.267728 1632.117358 1.048243 -0.748174
35 650.890661 1603.142783 0.072017 -0.060014
36 665.760517 1621.748887 0.014003 0.024006
37 700.480157 1574.283927 -4.136961 3.570829
38 682.012000 1574.690000 0.000000 0.000000
39 647.524115 1577.887613 -0.944219 0.206048
40 668.417876 1582.543224 1.052244 -0.914212
41 632.001739 1644.732395 0.020005 0.146034
42 695.148183 1581.912817 0.032007 -0.032007
43 659.143330 1585.446626 0.036008 0.044010
44 702.441280 1579.338120 1.090253 -0.998232
45 704.056000 1555.432000 0.000000 0.000000
46 634.566546 1611.522032 1.016236 -0.838195
47 675.006887 1599.942187 0.024006 -0.022005
48 677.557000 1578.460000 0.000000 0.000000
49 652.431000 1576.172000 0.000000 0.000000

28 57 1533151616.924657
658.321124 1602.397034 -0.700872
1 674.805406 1564.053457 0.026006 -0.020005
2 669.620000 1630.160000 0.000000 0.000000
3 703.265380 1579.461701 1.078250 -0.994231
4 625.418511 1628.998486 0.722168 0.942219
5 670.727498 1619.947274 0.022005 -0.012003
6 662.292000 1565.584000 0.000000 0.000000
7 653.960767 1578.373005 0.054013 -0.044010
8 612.011513 1632.512607 1.116259 -0.552128
9 661.437741 1613.394372 1.106257 -0.892207
10 673.472498 1624.749274 0.022005 -0.012003
11 671.498000 1570.566000 0.000000 0.000000
12 635.519873 1611.630391 1.144266 -1.068248
13 711.496909 1568.297091 0.004001 -0.004001
14 655.091498 1580.455457 0.022005 -0.020005
15 619.433711 1635.093918 0.144033 -0.084020
16 660.197081 1615.701917 -1.142265 0.748174
17 699.282000 1559.120000 0.000000 0.000000
18 622.817984 1627.893772 0.964224 1.236287
19 662.182000 1617.959000 0.000000 0.000000
20 677.722233 1569.108041 -0.054013 0.042010
21 626.524984 1629.034964 -0.262061 -1.312305
22 672.711099 1605.664403 -0.486113 0.464108
23 661.205598 1614.696313 -1.296301 0.862200
24 675.917000 1567.003000 0.000000 0.000000
25 714.906000 1565.058000 0.000000 0.000000
26 667.945000 1566.950000 0.000000 0.000000
27 647.711000 1587.269000 0.000000 0.000000
28 662.034852 1613.609789 0.926215 -0.560130
29 625.203871 1630.707436 0.750174 0.988229
30 673.876000 1581.784000 0.000000 0.000000
31 686.656000 1570.563000 0.000000 0.000000
32 670.157096 1604.383995 -0.048011 0.044010
33 673.569024 1636.849222 -0.220051 -0.360084
34 683.681000 1592.002000 0.000000 0.000000
35 701.433000 1576.266000 0.000000 0.000000
36 690.889087 1589.998605 1.266294 -0.946220
37 611.729066 1631.788083 1.048243 -0.748174
38 650.922356 1603.116370 0.072017 -0.060014
39 622.640941 1626.700539 0.528123 1.290300
40 671.407964 1578.711142 -0.086020 -0.050012
41 665.766680 1621.759452 0.014003 0.024006
42 682.012000 1574.690000 0.000000 0.000000
43 653.592614 1595.409225 1.024238 -0.798185
44 647.108559 1577.978295 -0.944219 0.206048
45 668.880974 1582.140874 1.052244 -0.914212
46 632.010543 1644.796666 0.020005 0.146034
47 659.159178 1585.465995 0.036008 0.044010
48 663.267406 1606.270524 0.026006 0.196046
49 702.921106 1578.898792 1.090253 -0.998232
50 704.056000 1555.432000 0.000000 0.000000
51 635.013796 1611.153138 1.016236 -0.838195
52 656.643000 1582.182000 0.000000 0.000000
53 644.789249 1603.927924 -1.018236 1.098255
54 690.916000 1566.827000 0.000000 0.000000
55 675.017452 1599.932502 0.024006 -0.022005
56 677.557000 1578.460000 0.000000 0.000000
57 652.431000 1576.172000 0.000000 0.000000

29 43 1533151617.364785
660.199731 1600.786507 -0.704010
1 674.818067 1564.043718 0.028917 -0.022244
2 639.593421 1578.095292 0.048937 -0.040039
3 703.791244 1578.978598 1.201175 -1.103301
4 625.758952 1629.465550 0.776315 1.067711
5 670.737282 1619.940502 0.022244 -0.015571
6 662.292000 1565.584000 0.000000 0.000000
7 653.936938 1578.392421 -0.060059 0.048937
8 673.484139 1624.742502 0.026693 -0.015571
9 636.076948 1611.110325 1.272355 -1.187828
10 711.499785 1568.296072 0.006673 -0.002224
11 655.134699 1580.419727 0.102322 -0.084527
12 619.502904 1635.052086 0.157932 -0.095649
13 659.662330 1616.096790 -1.218970 0.905330
14 699.282000 1559.120000 0.000000 0.000000
15 662.182000 1617.959000 0.000000 0.000000
16 677.721000 1569.109000 0.000000 0.000000
17 626.399258 1628.342244 -0.286947 -1.588220
18 672.473512 1605.915412 -0.542753 0.576119
19 646.730211 1622.189928 0.024468 0.002224
20 660.574507 1615.115139 -1.441410 0.956491
21 675.916072 1566.995574 -0.002224 -0.017795
22 667.945000 1566.950000 0.000000 0.000000
23 662.677914 1613.467976 1.490346 -0.309191
24 686.656000 1570.563000 0.000000 0.000000
25 670.133722 1604.404493 -0.053386 0.046712
26 673.462823 1636.673919 -0.242459 -0.400392
27 701.433000 1576.266000 0.000000 0.000000
28 691.284651 1589.617775 0.878637 -0.860842
29 612.250531 1631.452617 1.192277 -0.762968
30 650.891512 1603.141919 -0.077854 0.064508
31 623.012225 1627.245168 0.860842 1.234541
32 671.417139 1578.713713 0.026693 0.008898
33 696.580444 1577.553977 -4.755762 3.874901
34 682.012000 1574.690000 0.000000 0.000000
35 646.815029 1578.047048 -0.651748 0.153483
36 695.178780 1581.884077 0.037815 -0.033366
37 659.177636 1585.487421 0.042264 0.048937
38 703.450957 1578.413741 1.210072 -1.107750
39 704.056000 1555.432000 0.000000 0.000000
40 635.471412 1610.749713 1.041018 -0.920901
41 690.916000 1566.827000 0.000000 0.000000
42 677.549574 1578.466498 -0.017795 0.015571
43 652.431000 1576.172000 0.000000 0.000000

30 53 1533151617.945017
662.818554 1598.520645 -0.708808
1 674.831948 1564.032044 0.023628 -0.019993
2 669.620000 1630.160000 0.000000 0.000000
3 639.595000 1578.094000 0.000000 0.000000
4 704.366825 1578.449001 0.979667 -0.901511
5 670.747960 1619.934024 0.018176 -0.010905
6 662.292000 1565.584000 0.000000 0.000000
7 653.935000 1578.394000 0.000000 0.000000
8 613.334139 1632.190452 1.288653 -0.203567
9 673.485000 1624.742000 0.000000 0.000000
10 671.498000 1570.566000 0.000000 0.000000
11 636.704623 1610.543142 1.070545 -0.965126
12 711.501992 1568.294008 0.003635 -0.003635
13 655.161903 1580.398077 0.043622 -0.034534
14 619.509992 1635.035056 0.003635 -0.025446
15 699.282000 1559.120000 0.000000 0.000000
16 623.731176 1629.200434 0.821539 1.155970
17 662.182000 1617.959000 0.000000 0.000000
18 677.721000 1569.109000 0.000000 0.000000
19 626.253553 1627.534066 -0.249006 -1.381348
20 646.742952 1622.190996 0.021811 0.001818
21 659.910502 1615.623067 -1.126889 0.870613
22 675.915004 1566.987032 -0.001818 -0.014541
23 714.906000 1565.058000 0.000000 0.000000
24 667.945000 1566.950000 0.000000 0.000000
25 647.699024 1587.255028 -0.010905 -0.012723
26 626.012309 1631.776765 0.761559 1.006930
27 625.384515 1628.180011 0.668863 0.896059
28 673.876000 1581.784000 0.000000 0.000000
29 686.631101 1570.584911 -0.045439 0.039986
30 670.107101 1604.427911 -0.045439 0.039986
31 683.681000 1592.002000 0.000000 0.000000
32 701.433000 1576.266000 0.000000 0.000000
33 691.764172 1589.153767 0.823356 -0.796093
34 612.821841 1631.086384 0.972396 -0.623424
35 650.900952 1603.134040 0.021811 -0.018176
36 623.439382 1627.827801 0.728843 0.990572
37 671.413020 1578.700056 -0.009088 -0.025446
38 665.740052 1621.713093 -0.023628 -0.041804
39 682.012000 1574.690000 0.000000 0.000000
40 669.952882 1581.207844 0.954221 -0.830627
41 631.992113 1644.963633 -0.050892 0.165398
42 695.165061 1581.867065 -0.027263 -0.029081
43 659.135178 1585.525851 -0.079973 0.067250
44 663.298935 1606.470605 0.029081 0.178121
45 704.031805 1577.882009 0.988755 -0.905147
46 704.056000 1555.432000 0.000000 0.000000
47 643.847085 1582.531927 -0.038169 0.032716
48 635.970116 1610.307670 0.848802 -0.752471
49 656.570149 1582.241879 -0.067250 0.054527
50 643.755034 1605.003962 -0.916052 0.917870
51 690.916000 1566.827000 0.000000 0.000000
52 675.033968 1599.917028 0.014541 -0.012723
53 677.540036 1578.473972 -0.016358 0.012723

31 46 1533151618.455236
665.276448 1596.363060 -0.712358
1 669.620276 1630.160470 0.034010 0.058016
2 639.595000 1578.094000 0.000000 0.000000
3 670.772000 1614.221000 0.000000 0.000000
4 630.949000 1567.900000 0.000000 0.000000
5 626.485543 1630.478537 0.684193 0.930262
6 662.292000 1565.584000 0.000000 0.000000
7 614.054378 1632.054520 1.404396 -0.306086
8 652.406000 1570.747000 0.000000 0.000000
9 711.504000 1568.292000 0.000000 0.000000
10 655.231000 1580.341000 0.000000 0.000000
11 658.406291 1616.978953 -1.198338 0.858242
12 699.282000 1559.120000 0.000000 0.000000
13 667.897000 1563.864000 0.000000 0.000000
14 624.209586 1629.838130 0.936264 1.250352
15 662.209454 1617.977308 0.056016 0.038011
16 677.721000 1569.109000 0.000000 0.000000
17 626.122925 1626.764779 -0.256072 -1.508425
18 671.904873 1606.451316 -0.756213 0.656185
19 646.755178 1622.191016 0.022006 0.002001
20 659.278032 1616.111861 -1.230347 0.970273
21 675.913984 1566.978870 -0.002001 -0.016005
22 667.945000 1566.950000 0.000000 0.000000
23 647.693146 1587.247178 0.018005 0.022006
24 625.759689 1628.681407 0.702198 0.914258
25 673.876000 1581.784000 0.000000 0.000000
26 670.156778 1604.384303 0.096027 -0.086024
27 701.433000 1576.266000 0.000000 0.000000
28 692.226764 1588.707371 0.958270 -0.818231
29 613.367688 1630.736441 1.072302 -0.686193
30 650.912195 1603.123854 0.024007 -0.018005
31 671.397643 1578.698822 -0.044012 -0.022006
32 692.018941 1581.113423 -4.327219 3.755058
33 682.012000 1574.690000 0.000000 0.000000
34 655.211477 1593.886831 1.046295 -1.008284
35 645.967993 1578.246123 -0.988279 0.262074
36 670.599276 1580.645053 1.268357 -1.104311
37 695.148643 1581.850324 -0.044012 0.040011
38 659.313869 1585.376601 0.354100 -0.296083
39 643.847292 1582.532357 0.036010 0.044012
40 636.490266 1609.842609 1.020288 -0.912257
41 656.570794 1582.241352 0.098028 -0.080023
42 643.241701 1605.519315 -1.024289 1.026289
43 690.916000 1566.827000 0.000000 0.000000
44 675.043037 1599.908027 0.128036 -0.120034
45 677.531243 1578.480805 0.030008 -0.024007
46 652.607410 1576.026833 0.174049 -0.144041

32 45 1533151618.964492
667.875162 1594.066089 -0.714079
1 674.858455 1564.011650 0.026007 -0.020005
2 669.637000 1630.189000 0.000000 0.000000
3 705.466904 1577.436637 1.080275 -0.992252
4 626.833937 1630.952243 0.682173 0.928236
5 662.292000 1565.584000 0.000000 0.000000
6 653.989000 1578.350000 0.000000 0.000000
7 671.499400 1570.564460 0.080020 -0.088022
8 637.946529 1609.486796 1.230313 -1.040264
9 711.504000 1568.292000 0.000000 0.000000
10 619.533855 1635.027690 0.106027 -0.132034
11 662.237525 1617.996875 0.030008 0.050013
12 677.721000 1569.109000 0.000000 0.000000
13 625.992764 1625.996535 -0.242062 -1.512384
14 671.519732 1606.785482 -0.758193 0.656167
15 646.766315 1622.191755 0.018005 -0.014004
16 675.912965 1566.970720 -0.002001 -0.016004
17 714.906000 1565.058000 0.000000 0.000000
18 667.945000 1566.950000 0.000000 0.000000
19 647.702315 1587.258385 0.018005 0.022006
20 664.781164 1613.455251 1.152293 0.300076
21 626.712957 1632.943639 0.626159 1.122285
22 626.117287 1629.146998 0.702178 0.914232
23 670.205715 1604.340495 0.098025 -0.086022
24 683.711525 1591.975545 0.030008 -0.026007
25 701.433000 1576.266000 0.000000 0.000000
26 692.715013 1588.286796 0.972247 -1.040264
27 613.919365 1630.380761 1.392354 -1.042265
28 650.924245 1603.115280 0.014004 0.016004
29 624.199058 1628.897379 0.746190 1.050267
30 689.817031 1583.027668 -4.227074 3.866983
31 682.011720 1574.690245 -0.016004 0.014004
32 655.744274 1593.373357 1.044265 -1.008256
33 671.245194 1580.082676 1.268322 -1.104281
34 695.126230 1581.870735 -0.044011 0.042011
35 659.488385 1585.230685 0.022006 -0.018005
36 663.315455 1606.963303 0.026007 0.760193
37 705.141044 1576.865567 1.088277 -0.996253
38 704.056000 1555.432000 0.000000 0.000000
39 643.865595 1582.554770 0.034009 0.044011
40 637.009643 1609.377512 1.008256 -0.942239
41 656.619000 1582.202000 0.000000 0.000000
42 690.916000 1566.827000 0.000000 0.000000
43 675.108240 1599.846900 0.128033 -0.120031
44 677.546560 1578.468580 0.032008 -0.024006
45 652.693000 1575.956000 0.000000 0.000000

33 41 1533151619.475551
670.622521 1591.666092 -0.714672
1 674.871802 1564.001427 0.027975 -0.019982
2 706.018895 1576.929570 1.077037 -0.991114
3 627.182718 1631.426768 0.687385 0.933166
4 653.989000 1578.350000 0.000000 0.000000
5 652.406000 1570.747000 0.000000 0.000000
6 671.540293 1570.519478 0.079929 -0.087921
7 638.575251 1608.954908 1.228901 -1.049062
8 711.504000 1568.292000 0.000000 0.000000
9 655.231000 1580.341000 0.000000 0.000000
10 699.295688 1559.108427 0.023979 -0.019982
11 667.897000 1563.864000 0.000000 0.000000
12 624.970221 1630.900246 0.565494 0.845244
13 662.231423 1617.985577 -0.717359 -1.234896
14 677.721000 1569.109000 0.000000 0.000000
15 625.875656 1625.224126 -0.011989 -1.494664
16 646.775459 1622.184599 0.015986 -0.013987
17 675.923349 1566.953657 0.395646 -0.325709
18 714.906000 1565.058000 0.000000 0.000000
19 667.945000 1566.950000 0.000000 0.000000
20 686.631745 1570.584369 0.025977 -0.021980
21 670.255751 1604.296593 0.095914 -0.083925
22 683.726860 1591.962255 0.029973 -0.025977
23 693.211857 1587.755194 0.971132 -1.039071
24 614.635250 1629.855130 1.542621 -0.797287
25 650.931401 1603.123516 0.013987 0.017984
26 624.579979 1629.433519 0.731346 1.029080
27 671.412605 1578.686433 0.055950 0.049955
28 665.738624 1621.713802 -0.047957 0.027975
29 687.662446 1585.001045 -4.028398 3.766632
30 656.276201 1592.860805 0.983121 -0.913184
31 671.897467 1579.514749 1.410739 -1.228901
32 695.103739 1581.892146 -0.043961 0.039964
33 659.499631 1585.221484 0.021980 -0.017984
34 663.329548 1607.351838 0.053952 0.761319
35 705.697181 1576.356455 1.087028 -0.995110
36 637.523341 1608.894341 0.953148 -0.999107
37 656.619000 1582.202000 0.000000 0.000000
38 642.195908 1606.567150 -1.049062 1.051060
39 690.916000 1566.827000 0.000000 0.000000
40 675.173611 1599.785504 0.125887 -0.121891
41 652.694490 1575.954796 0.051954 -0.041962

34 46 1533151619.915646
673.096775 1589.474871 -0.716999
1 674.884114 1563.992633 0.027975 -0.019982
2 639.595000 1578.094000 0.000000 0.000000
3 706.492893 1576.493386 1.077037 -0.991114
4 627.485233 1631.837449 0.687385 0.933166
5 662.387546 1565.510936 0.203818 -0.155861
6 653.989000 1578.350000 0.000000 0.000000
7 652.406000 1570.747000 0.000000 0.000000
8 639.116084 1608.493221 1.228901 -1.049062
9 711.504000 1568.292000 0.000000 0.000000
10 655.231000 1580.341000 0.000000 0.000000
11 619.600924 1634.999595 0.033970 0.075932
12 699.306241 1559.099633 0.023979 -0.019982
13 667.897000 1563.864000 0.000000 0.000000
14 625.219092 1631.272234 0.565494 0.845244
15 661.915717 1617.442105 -0.717359 -1.234896
16 677.721000 1569.109000 0.000000 0.000000
17 625.870380 1624.566332 -0.011989 -1.494664
18 646.782494 1622.178443 0.015986 -0.013987
19 676.097471 1566.810314 0.395646 -0.325709
20 714.906000 1565.058000 0.000000 0.000000
21 667.945000 1566.950000 0.000000 0.000000
22 647.721304 1587.260569 0.021980 -0.017984
23 627.307257 1634.010501 0.623443 1.120998
24 626.789473 1630.003905 0.711364 0.887207
25 673.932165 1581.731708 0.057948 -0.053952
26 686.643177 1570.574696 0.025977 -0.021980
27 670.297963 1604.259658 0.095914 -0.083925
28 683.740051 1591.950823 0.029973 -0.025977
29 701.433000 1576.266000 0.000000 0.000000
30 615.314150 1629.504248 1.542621 -0.797287
31 650.937557 1603.131431 0.013987 0.017984
32 671.437228 1578.708418 0.055950 0.049955
33 665.717519 1621.726114 -0.047957 0.027975
34 681.996506 1574.702620 -0.015986 0.011989
35 672.518326 1578.973916 1.410739 -1.228901
36 695.084392 1581.909734 -0.043961 0.039964
37 659.509304 1585.213569 0.021980 -0.017984
38 663.353292 1607.686891 0.053952 0.761319
39 706.175577 1575.918512 1.087028 -0.995110
40 704.056000 1555.432000 0.000000 0.000000
41 637.942817 1608.454639 0.953148 -0.999107
42 656.619000 1582.202000 0.000000 0.000000
43 641.734221 1607.029716 -1.049062 1.051060
44 690.916000 1566.827000 0.000000 0.000000
45 675.229014 1599.731860 0.125887 -0.121891
46 677.576988 1578.445759 0.031971 -0.023979

35 44 1533151620.420802
676.019975 1586.858434 -0.717040
1 674.909600 1563.972131 0.051955 -0.041964
2 639.595000 1578.094000 0.000000 0.000000
3 707.036981 1575.992704 1.077069 -0.991144
4 627.832479 1632.309803 0.687406 0.935192
5 662.394000 1565.506000 0.000000 0.000000
6 652.406000 1570.747000 0.000000 0.000000
7 639.736889 1607.963266 1.228938 -1.049094
8 711.504000 1568.292000 0.000000 0.000000
9 655.231000 1580.341000 0.000000 0.000000
10 619.604838 1634.975508 0.005995 -0.055952
11 718.471400 1542.482561 -0.051955 -0.057950
12 699.329708 1559.079131 0.047959 -0.041964
13 667.897000 1563.864000 0.000000 0.000000
14 625.504763 1631.699226 0.565511 0.845270
15 661.875023 1617.315953 -0.037967 -0.183841
16 677.710592 1569.096700 -0.021981 -0.025978
17 646.790569 1622.170431 0.015986 -0.015986
18 676.150685 1566.766884 0.085926 -0.069940
19 714.906000 1565.058000 0.000000 0.000000
20 667.945000 1566.950000 0.000000 0.000000
21 647.732408 1587.251485 0.021981 -0.017984
22 627.622202 1634.576796 0.623461 1.121031
23 673.961439 1581.704454 0.057950 -0.053953
24 686.655354 1570.563592 0.023979 -0.021981
25 683.755192 1591.937700 0.029974 -0.025978
26 732.685747 1530.826461 0.157864 -0.239793
27 701.433000 1576.266000 0.000000 0.000000
28 694.128888 1586.772996 0.969163 -1.039102
29 616.219275 1629.385330 1.808437 -0.197829
30 650.944623 1603.139569 0.013988 0.015986
31 625.271295 1630.406273 0.731368 1.029111
32 671.363307 1578.675938 -0.159862 -0.071938
33 665.716000 1621.727000 0.000000 0.000000
34 683.854540 1588.561513 -4.028519 3.766745
35 657.241465 1592.003282 1.059085 -0.901221
36 692.067108 1582.905162 -0.003997 -0.005995
37 673.230989 1578.353111 1.410781 -1.228938
38 695.103816 1581.892077 0.043962 -0.039965
39 663.411770 1608.745154 0.119896 2.184113
40 704.056000 1555.432000 0.000000 0.000000
41 638.395934 1607.925320 0.893228 -1.051092
42 656.688070 1582.145230 0.145874 -0.119896
43 641.203320 1607.561627 -1.051092 1.053090
44 690.916000 1566.827000 0.000000 0.000000

36 46 1533151621.076024
679.901953 1583.417174 -0.713312
1 707.644126 1575.433916 1.346345 -1.238937
2 628.214979 1632.829679 0.846774 1.154010
3 662.394000 1565.506000 0.000000 0.000000
4 653.989000 1578.350000 0.000000 0.000000
5 681.993000 1565.088000 0.000000 0.000000
6 652.406000 1570.747000 0.000000 0.000000
7 671.573739 1570.389730 0.167356 0.202326
8 711.504000 1568.292000 0.000000 0.000000
9 699.331000 1559.078000 0.000000 0.000000
10 667.897000 1563.864000 0.000000 0.000000
11 625.824574 1632.178175 0.761846 1.171495
12 661.269081 1616.249776 -1.833427 -3.821721
13 677.699000 1569.083000 0.000000 0.000000
14 702.507065 1568.178446 -6.919064 5.595200
15 646.804849 1622.158222 0.029974 -0.027476
16 676.167000 1566.753000 0.000000 0.000000
17 667.945000 1566.950000 0.000000 0.000000
18 728.121595 1534.298100 -0.084927 -0.102412
19 627.865254 1635.242101 0.114901 0.921709
20 673.988627 1581.679515 0.057451 -0.052455
21 686.656000 1570.563000 0.000000 0.000000
22 670.324232 1604.236556 -0.062446 0.054953
23 683.756000 1591.937000 0.000000 0.000000
24 732.645580 1530.883166 -0.544533 0.429631
25 701.432576 1576.265505 -0.014987 -0.017485
26 694.675377 1586.188218 1.213958 -1.298886
27 650.947141 1603.116373 0.004996 -0.057451
28 625.683889 1630.986428 0.914216 1.286396
29 681.076960 1591.124034 -4.486151 3.991575
30 681.988000 1574.710000 0.000000 0.000000
31 657.856126 1591.519947 1.346345 -1.096559
32 674.013631 1577.669147 1.328860 -1.301383
33 696.719019 1578.784019 -0.069940 -0.069940
34 695.128556 1581.868585 0.054953 -0.049957
35 659.510000 1585.213000 0.000000 0.000000
36 663.622857 1609.956271 0.771838 2.622750
37 707.336480 1574.854774 1.358834 -1.243933
38 638.936850 1607.314574 1.054096 -1.039108
39 656.692000 1582.142000 0.000000 0.000000
40 640.601228 1608.165843 -1.333856 1.336353
41 690.916000 1566.827000 0.000000 0.000000
42 675.256151 1599.706778 -0.029974 0.027476
43 678.384492 1571.835366 -0.229803 0.224807
44 677.689295 1578.358119 0.222309 -0.172352
45 652.703241 1575.948264 -0.097416 0.079931
46 666.326000 1561.864000 0.000000 0.000000

37 45 1533151621.446064
682.146102 1581.422154 -0.712839
1 674.890050 1563.987955 -0.024979 0.022481
2 708.142327 1574.975459 1.346345 -1.238937
3 628.528319 1633.256709 0.846774 1.154010
4 662.394000 1565.506000 0.000000 0.000000
5 653.989000 1578.350000 0.000000 0.000000
6 681.993000 1565.088000 0.000000 0.000000
7 652.406000 1570.747000 0.000000 0.000000
8 671.635668 1570.464598 0.167356 0.202326
9 640.888293 1606.824831 1.363830 -1.426276
10 711.504000 1568.292000 0.000000 0.000000
11 655.253945 1580.321050 0.027476 -0.024979
12 619.605906 1634.973975 0.047459 0.012489
13 718.418129 1542.422144 -0.064944 -0.072438
14 699.331000 1559.078000 0.000000 0.000000
15 667.897000 1563.864000 0.000000 0.000000
16 660.590639 1614.835586 -1.833427 -3.821721
17 677.699000 1569.083000 0.000000 0.000000
18 699.946735 1570.248893 -6.919064 5.595200
19 646.815940 1622.148055 0.029974 -0.027476
20 714.906000 1565.058000 0.000000 0.000000
21 667.945000 1566.950000 0.000000 0.000000
22 627.907772 1635.583170 0.114901 0.921709
23 674.009886 1581.660104 0.057451 -0.052455
24 686.656000 1570.563000 0.000000 0.000000
25 670.301124 1604.256891 -0.062446 0.054953
26 683.756000 1591.937000 0.000000 0.000000
27 732.444081 1531.042147 -0.544533 0.429631
28 701.427030 1576.259035 -0.014987 -0.017485
29 695.124590 1585.707578 1.213958 -1.298886
30 650.948990 1603.095114 0.004996 -0.057451
31 679.416905 1592.601076 -4.486151 3.991575
32 692.138812 1582.840169 0.094919 -0.084927
33 674.505362 1577.187583 1.328860 -1.301383
34 696.693139 1578.758139 -0.069940 -0.069940
35 695.148891 1581.850099 0.054953 -0.049957
36 707.839303 1574.394469 1.358834 -1.243933
37 639.326908 1606.930063 1.054096 -1.039108
38 656.692000 1582.142000 0.000000 0.000000
39 640.107648 1608.660347 -1.333856 1.336353
40 690.916000 1566.827000 0.000000 0.000000
41 675.245060 1599.716945 -0.029974 0.027476
42 678.299456 1571.918554 -0.229803 0.224807
43 677.771559 1578.294342 0.222309 -0.172352
44 652.667193 1575.977841 -0.097416 0.079931
45 666.326000 1561.864000 0.000000 0.000000

38 38 1533151621.956265
685.282691 1578.678792 -0.710840
1 674.878834 1563.996133 -0.019961 0.015968
2 708.616183 1551.138834 0.021957 -0.019961
3 695.692000 1560.262000 0.000000 0.000000
4 653.989000 1578.350000 0.000000 0.000000
5 681.993017 1565.087800 0.001996 -0.023953
6 652.393800 1570.757150 -0.023953 0.017965
7 671.761064 1570.448734 0.247511 -0.031937
8 711.511116 1568.286900 0.013972 -0.011976
9 655.264150 1580.333200 0.017965 0.023953
10 626.418076 1633.091805 0.608797 0.936150
11 677.780197 1569.016186 0.263479 -0.217570
12 646.816000 1622.148000 0.000000 0.000000
13 676.281949 1566.658218 0.113775 -0.093815
14 714.906000 1565.058000 0.000000 0.000000
15 667.969000 1566.931000 0.000000 0.000000
16 728.121551 1534.296908 -0.053894 -0.610793
17 674.034000 1581.638000 0.000000 0.000000
18 686.715965 1570.512151 0.115771 -0.101799
19 670.276601 1604.278349 -0.047905 0.041917
20 683.756000 1591.937000 0.000000 0.000000
21 732.483666 1530.823422 0.079842 -0.429152
22 650.960935 1603.084865 -0.127748 0.103795
23 626.397505 1631.989918 0.900221 1.189649
24 677.574840 1594.239033 -4.457193 3.962171
25 682.021533 1574.667301 0.063874 -0.083834
26 658.892770 1590.675861 1.051921 -0.856308
27 696.673834 1578.722351 -0.019961 -0.077846
28 695.205915 1581.799151 0.109783 -0.101799
29 708.395053 1573.885713 1.085854 -0.994036
30 639.775970 1606.526307 1.075874 -0.562888
31 656.692000 1582.142000 0.000000 0.000000
32 680.452000 1570.124000 0.000000 0.000000
33 639.563047 1609.206737 -1.073878 1.047929
34 690.911950 1566.821933 -0.005988 -0.007984
35 675.233200 1599.727817 0.023953 -0.021957
36 678.314233 1571.931200 0.027945 0.023953
37 677.860784 1578.224183 -0.025949 0.021957
38 652.667000 1575.978000 0.000000 0.000000

39 32 1533151622.466147
688.438491 1575.888492 -0.713303
1 674.868620 1564.004276 -0.022030 0.016022
2 708.627380 1551.128689 0.022030 -0.018025
3 709.242635 1573.963849 1.081490 -0.995372
4 695.692000 1560.262000 0.000000 0.000000
5 653.989000 1578.350000 0.000000 0.000000
6 681.994035 1565.075620 0.002003 -0.022030
7 735.449986 1555.019421 -1.045441 -2.064845
8 671.880688 1570.430205 -0.134185 -0.162224
9 711.518242 1568.280827 0.014019 -0.010014
10 699.331000 1559.078000 0.000000 0.000000
11 712.411416 1547.769035 0.198273 0.060083
12 659.553717 1611.414917 -0.538742 -3.661045
13 677.910000 1568.909000 0.000000 0.000000
14 694.986422 1574.674021 -4.560284 4.179760
15 676.347180 1566.604477 0.532734 -0.436602
16 714.906000 1565.058000 0.000000 0.000000
17 674.034552 1581.638587 0.032044 0.034047
18 670.256347 1604.296067 0.194268 -0.170235
19 683.756000 1591.937000 0.000000 0.000000
20 675.301906 1596.259467 -4.474166 3.973476
21 682.054139 1574.624585 0.066091 -0.082113
22 659.428979 1590.239368 1.043438 -0.849170
23 675.547910 1576.083640 0.981352 -1.123548
24 695.261898 1581.747275 0.110152 -0.100138
25 708.947910 1573.380643 1.039432 -0.891228
26 704.097069 1555.378344 0.004006 -0.038052
27 640.324325 1606.236024 1.063466 -0.753038
28 639.015917 1609.741601 -1.049446 1.079488
29 690.908862 1566.817862 -0.008011 -0.008011
30 678.326930 1571.944760 -0.062086 0.102141
31 677.847517 1578.235345 -0.028039 0.020028
32 652.667000 1575.978000 0.000000 0.000000

40 0 1533151622.976528
691.621541 1573.089052 -0.709730

