40
1  24  1542800987.947699
1321.390768 903.754771 -2.565303
1  1328.447615 902.825632 1.207000  0.779036 0.635528 1.632000  2.846500
2  1272.594706 840.318471 -2.533000  1.126871 4.796779 1.513000  1.215558
3  1333.661179 904.287129 1.590000  0.379797 0.910812 1.598000  0.961882
4  1301.320989 902.376385 0.294000  0.459959 1.193685 1.706000  1.481617
5  1306.530770 887.361263 -0.189000  1.582356 4.026302 1.637000  1.098424
6  1310.254875 918.401678 0.539000  0.476094 0.332059 1.796000  -1.689382
7  1330.635204 905.218091 1.320000  0.514653 0.718259 1.757000  1.949295
8  1286.595173 838.059715 -0.127000  1.804796 11.074890 4.364000  -2.307621
9  1299.063044 918.825388 1.568000  3.037708 10.875225 4.454000  -0.675510
10  1295.506423 909.154204 0.298000  0.397753 0.655744 1.713000  -0.968488
11  1334.578255 907.399013 1.610000  0.542823 0.768385 1.739000  3.085713
12  1293.816094 866.147517 -1.103000  1.708907 4.049228 1.480000  1.125014
13  1297.607942 923.891114 0.013000  1.956871 4.456774 1.444000  -0.651348
14  1304.775501 891.348618 -0.189000  1.929299 4.007359 1.637000  1.053353
15  1325.357465 907.871640 1.198000  1.776010 4.789685 1.840000  -2.233322
16  1303.782588 919.155092 0.064000  1.835905 4.509747 1.632000  -0.643838
17  1300.201603 846.026581 -1.024000  -0.000528 0.784234 1.633000  1.115732
18  1305.825757 902.222222 0.024000  1.578057 4.316292 1.566000  1.729380
19  1338.989574 936.200282 2.043000  1.490422 3.934959 1.529000  0.783912
20  1330.276204 904.343866 1.286000  0.496523 0.354660 1.690000  2.961632
21  1297.097522 854.771791 -1.064000  1.121394 4.104861 1.749000  -2.198975
22  1332.877524 904.982618 1.550000  0.697997 0.305367 1.717000  -2.666922
23  1331.779589 903.379561 1.488000  0.818442 0.801683 1.794000  -3.129695
24  1315.703692 902.261672 0.406000  1.915853 4.496053 1.430000  0.997746

2  24  1542800988.448155
1321.390241 903.754965 -2.565190
1  1328.343085 903.509260 1.207000  0.582640 0.561446 1.632000  2.851100
2  1277.065350 844.239888 -2.332000  1.704775 5.064328 1.513000  1.121876
3  1333.573576 905.000592 1.590000  0.670831 0.932814 1.598000  0.909007
4  1301.922185 902.043477 0.294000  0.447554 1.442002 1.706000  1.445673
5  1309.098777 891.445654 0.011000  1.711343 3.993125 1.637000  1.025643
6  1310.493069 917.959859 0.539000  0.273151 0.528243 1.796000  -1.726921
7  1330.643870 905.397224 1.345000  0.468642 0.633613 1.757000  1.397312
8  1285.061583 836.488846 -0.127000  2.533555 11.705896 4.364000  -2.198546
9  1299.366121 918.684601 1.568000  2.908874 10.860167 4.454000  -0.713711
10  1295.798805 908.438322 0.298000  0.279155 0.862093 1.713000  -0.995506
11  1334.178939 907.193364 1.596000  0.538541 0.805149 1.739000  3.071895
12  1295.916772 870.459702 -0.941000  1.812664 4.354499 1.480000  1.054571
13  1297.884904 924.485179 0.011000  1.951259 4.244836 1.444000  -0.714457
14  1305.693876 893.949534 -0.079000  1.673120 4.078863 1.637000  1.053973
15  1325.572709 907.913662 1.198000  1.833189 4.629955 1.840000  -2.218657
16  1303.492490 919.325875 0.052000  1.829643 4.301249 1.632000  -0.668823
17  1301.455793 848.295077 -0.937000  0.381944 1.347064 1.633000  1.133576
18  1304.711850 903.669098 0.099000  1.800778 4.226108 1.566000  1.845194
19  1342.313502 940.385071 2.243000  1.960401 4.639180 1.529000  0.859221
20  1330.011150 904.134545 1.286000  0.540450 0.402179 1.690000  3.041645
21  1296.013746 854.820226 -1.063000  1.686471 4.299193 1.749000  -1.999582
22  1332.862641 904.992815 1.550000  0.637287 0.498570 1.717000  -2.637173
23  1331.282960 903.203291 1.488000  0.918414 0.790299 1.794000  3.129045
24  1318.349005 906.468293 0.656000  1.944548 4.256639 1.430000  0.983332

3  25  1542800988.948006
1321.389987 903.755261 -2.565210
1  1328.715470 903.181175 1.207000  0.759078 0.584061 1.632000  2.729044
2  1280.553372 847.891287 -2.132000  1.312210 4.921532 1.513000  0.969765
3  1335.199789 915.582766 1.469000  1.878926 4.055090 1.755000  -2.267059
4  1334.340139 905.467425 1.590000  0.657880 0.935451 1.598000  0.886289
5  1301.672427 902.248369 0.294000  0.438616 1.366134 1.706000  1.582226
6  1311.111755 895.441842 0.211000  1.541439 4.146117 1.637000  1.091569
7  1310.632766 918.326151 0.539000  0.352088 0.442776 1.796000  -1.729313
8  1330.759036 904.915103 1.320000  0.519108 0.615815 1.757000  0.783470
9  1285.422908 835.973469 -0.127000  2.732853 12.329941 4.364000  -2.099530
10  1298.656718 918.596590 1.568000  2.614503 10.999387 4.454000  -0.612468
11  1296.297268 907.784412 0.298000  0.467166 0.710106 1.713000  -0.962264
12  1334.214100 907.316092 1.582000  0.667831 0.833226 1.739000  2.966600
13  1298.662284 874.603257 -0.778000  1.743307 4.256938 1.480000  1.126307
14  1297.544940 924.019793 0.008000  1.948553 4.222596 1.444000  -0.598697
15  1307.878752 896.640825 0.031000  1.661927 3.845425 1.637000  1.073947
16  1324.999237 907.987402 1.198000  1.772125 4.935173 1.840000  -2.220800
17  1303.787974 919.324790 0.039000  1.853727 4.438777 1.632000  -0.682821
18  1301.687145 850.419059 -0.849000  0.747698 1.438038 1.633000  1.034129
19  1304.283451 905.463017 0.174000  1.773319 4.314797 1.566000  2.053751
20  1344.856979 944.220800 2.443000  1.764879 3.960619 1.529000  0.805178
21  1330.030296 904.026069 1.286000  0.414393 0.504317 1.690000  3.011904
22  1296.671718 853.699635 -1.061000  1.988110 4.339207 1.749000  -2.061465
23  1332.483454 904.832651 1.550000  0.691567 0.359008 1.717000  -2.754365
24  1331.426509 903.439725 1.488000  0.603127 0.746943 1.794000  2.979678
25  1320.864537 910.517681 0.906000  1.719160 4.340115 1.430000  0.931878

4  25  1542800989.447876
1321.389884 903.755592 -2.565210
1  1328.454991 902.609692 1.257000  0.888527 0.661098 1.632000  2.349356
2  1282.371400 852.840723 -1.932000  2.090494 4.608719 1.513000  0.939405
3  1329.926919 908.965067 1.169000  1.886824 4.321170 1.755000  -2.218673
4  1335.011095 906.052666 1.590000  0.465777 0.733635 1.598000  0.894880
5  1302.014783 902.304337 0.294000  0.473419 1.378395 1.706000  1.531270
6  1313.895357 899.582507 0.411000  1.650944 3.930792 1.637000  0.970494
7  1310.541579 918.316262 0.539000  0.434844 0.565716 1.796000  -1.658355
8  1330.643895 905.350676 1.320000  0.438998 0.666422 1.757000  0.765202
9  1286.150616 837.141965 -0.127000  2.699818 12.025431 4.364000  -2.230375
10  1298.901612 918.973559 1.568000  2.588018 10.908455 4.454000  -0.704956
11  1296.996444 907.345725 0.298000  0.294763 0.927996 1.713000  -0.993845
12  1334.151461 907.425867 1.567000  0.727424 0.705319 1.739000  2.949423
13  1300.482414 878.874909 -0.716000  1.755937 4.327128 1.480000  1.092382
14  1297.190638 924.139117 0.005000  1.859054 4.297127 1.444000  -0.683181
15  1308.909535 898.695413 0.141000  1.865320 3.960423 1.637000  1.022676
16  1325.298609 908.489770 1.198000  1.768788 4.774181 1.840000  -2.259162
17  1303.436984 918.953137 0.027000  1.976514 4.141162 1.632000  -0.617553
18  1303.023175 852.960232 -0.761000  0.674974 0.985867 1.633000  1.141981
19  1302.998382 907.247365 0.166000  1.532816 4.459629 1.566000  2.274681
20  1349.185953 948.480639 2.493000  1.306451 4.499688 1.529000  0.974142
21  1330.273310 904.304138 1.286000  0.497993 0.397790 1.690000  2.923310
22  1296.298198 854.387491 -1.059000  1.483228 4.120154 1.749000  -2.192111
23  1332.775685 904.540327 1.550000  0.529521 0.416465 1.717000  -2.707600
24  1331.557341 903.062791 1.488000  0.584734 0.700403 1.794000  2.854839
25  1324.259873 914.229544 1.106000  1.731392 4.245494 1.430000  0.891999

5  24  1542800989.947775
1321.389740 903.755840 -2.565250
1  1328.722921 902.956467 1.237000  0.537997 0.719924 1.632000  1.486441
2  1284.607305 856.380333 -1.732000  1.474836 4.438657 1.513000  1.092710
3  1325.197172 902.289605 1.044000  1.719737 4.156805 1.755000  -2.134781
4  1335.371378 906.367654 1.590000  0.560051 1.076209 1.598000  0.916306
5  1301.734597 902.059109 0.294000  0.516051 1.214884 1.706000  1.479122
6  1316.618105 903.304650 0.611000  1.678014 3.971857 1.637000  1.005750
7  1310.819721 918.254397 0.539000  0.551702 0.383681 1.796000  -1.676543
8  1331.345250 905.405019 1.320000  0.720586 0.452241 1.757000  0.824594
9  1284.986009 837.584614 -0.126000  3.334972 12.222067 4.364000  -2.423350
10  1299.086437 918.702507 1.568000  2.757300 10.675191 4.454000  -0.569469
11  1296.993370 906.792382 0.298000  0.412364 0.759367 1.713000  -0.980189
12  1333.375322 907.408243 1.553000  0.626533 0.680169 1.739000  2.882186
13  1303.218986 882.531695 -0.654000  1.854612 4.026178 1.480000  1.083713
14  1297.544143 924.586103 0.003000  1.848731 4.366219 1.444000  -0.655335
15  1310.714399 901.782609 0.251000  1.819483 3.975412 1.637000  1.026846
16  1325.022949 908.394161 1.198000  1.764083 4.740964 1.840000  -2.254241
17  1303.769034 918.988527 0.014000  1.901943 4.328598 1.632000  -0.699030
18  1304.722997 855.243201 -0.673000  0.707787 1.111336 1.633000  1.192433
19  1300.839017 908.965527 0.157000  1.634274 4.456160 1.566000  2.408368
20  1330.046689 904.263276 1.286000  0.772936 0.707607 1.690000  3.023705
21  1296.281987 854.487034 -1.058000  2.142505 4.116378 1.749000  -2.132996
22  1333.101853 904.623573 1.550000  0.756030 0.512701 1.717000  -2.763694
23  1331.427683 902.972665 1.488000  0.684310 0.619266 1.794000  2.492661
24  1327.430263 918.721920 1.306000  1.853605 4.643790 1.430000  0.902993

6  24  1542800990.447665
1321.389703 903.756110 -2.565259
1  1329.157437 902.829164 1.217000  0.703581 0.554445 1.632000  0.606959
2  1287.800641 861.370170 -1.532000  1.679148 4.407392 1.513000  1.137055
3  1321.112305 895.961515 0.669000  1.689966 4.387658 1.755000  -2.085982
4  1335.716680 907.120642 1.590000  0.630804 0.981742 1.598000  0.951092
5  1301.849109 902.438564 0.294000  0.607700 1.467560 1.706000  1.484675
6  1319.362773 907.456251 0.811000  1.665553 4.059429 1.637000  0.926718
7  1310.477753 918.049446 0.539000  0.468770 0.334058 1.796000  -1.699825
8  1331.282409 905.477460 1.345000  0.401864 0.672118 1.757000  1.680769
9  1286.734533 835.984694 -0.126000  3.322222 11.816099 4.364000  -2.207233
10  1299.146588 918.581544 1.568000  3.049251 10.974098 4.454000  -0.640767
11  1297.275193 906.077697 0.305000  0.418510 0.922204 1.713000  -0.906551
12  1333.706026 907.602176 1.538000  0.597709 0.682377 1.739000  2.746807
13  1305.595565 886.553740 -0.420000  1.729911 4.219647 1.480000  1.060597
14  1297.893748 924.140170 0.000000  1.969353 4.222856 1.444000  -0.632874
15  1312.837125 904.511759 0.386000  1.789121 3.968645 1.637000  1.017605
16  1325.512822 907.991172 1.198000  1.584608 4.997706 1.840000  -2.240615
17  1303.760379 919.256768 0.001000  1.903542 4.444730 1.632000  -0.636020
18  1304.892376 856.224115 -0.623000  0.586783 1.005278 1.633000  1.054329
19  1298.903479 910.235826 0.149000  1.703226 4.204412 1.566000  2.416076
20  1330.179385 903.958247 1.286000  0.679194 0.264895 1.690000  2.970272
21  1295.612876 852.804549 -1.056000  1.857197 4.395381 1.749000  -2.107178
22  1333.001664 904.754189 1.550000  0.539140 0.363885 1.717000  -2.723845
23  1331.544678 902.592246 1.488000  0.634661 0.693548 1.794000  2.246436
24  1331.052125 923.053394 1.539000  2.037708 4.662091 1.430000  0.899962

7  24  1542800990.947514
1321.389574 903.756279 -2.565246
1  1329.342950 902.782365 1.242000  0.760171 0.714005 1.632000  0.645669
2  1288.681879 866.204172 -1.332000  1.740584 4.922647 1.513000  1.019683
3  1316.524528 889.589259 0.344000  1.761571 4.364849 1.755000  -2.144656
4  1335.874294 908.078335 1.590000  0.609534 0.976343 1.598000  0.909115
5  1301.646001 902.287840 0.294000  0.533116 1.119489 1.706000  1.481009
6  1321.746179 910.912723 1.011000  1.735600 4.263481 1.637000  0.928421
7  1310.424668 918.201786 0.539000  0.356336 0.407719 1.796000  -1.684318
8  1331.394619 905.146556 1.370000  0.613241 0.688596 1.757000  2.525076
9  1285.514626 836.411287 -0.126000  1.961828 12.224376 4.364000  -2.276134
10  1298.904968 918.391999 1.568000  2.940160 11.158155 4.454000  -0.656365
11  1297.791755 905.694846 0.312000  0.396483 0.809368 1.713000  -0.974728
12  1333.060425 907.208325 1.513000  0.523195 0.805183 1.739000  2.769927
13  1307.897383 891.244905 -0.187000  1.809060 4.092508 1.480000  0.994817
14  1297.707855 924.035186 -0.002000  2.038444 4.390374 1.444000  -0.642345
15  1314.706849 907.333619 0.521000  1.739479 4.229287 1.637000  0.987276
16  1324.838184 907.915999 1.198000  1.997097 4.870634 1.840000  -2.181913
17  1303.265518 919.132241 -0.011000  1.910774 4.515115 1.632000  -0.705363
18  1305.346177 856.951437 -0.573000  0.378304 0.880580 1.633000  1.046260
19  1296.447897 912.370193 0.141000  1.819299 4.326455 1.566000  2.513687
20  1330.123970 904.068878 1.286000  0.568092 0.637430 1.690000  3.053162
21  1296.798079 854.633826 -1.057000  1.853870 3.974160 1.749000  -2.225344
22  1333.158966 904.892108 1.550000  0.596032 0.369978 1.717000  -2.706829
23  1331.037213 902.758195 1.488000  0.848308 0.782272 1.794000  1.921136
24  1333.871702 927.074399 1.772000  1.880429 4.380102 1.430000  0.856441

8  24  1542800991.448017
1321.389497 903.756447 -2.565296
1  1329.119373 903.162099 1.267000  0.657132 0.640004 1.632000  0.696179
2  1293.092002 870.143028 -1.132000  2.015116 4.639558 1.513000  1.152315
3  1312.666435 883.482774 0.219000  1.849617 4.152799 1.755000  -2.091244
4  1335.954456 908.348040 1.590000  0.633769 0.898499 1.598000  0.530009
5  1301.763814 902.127007 0.294000  0.360547 1.387333 1.706000  1.491706
6  1324.657903 915.011129 1.212000  1.878148 4.182311 1.637000  0.898835
7  1310.839774 918.255504 0.536000  0.379121 0.267130 1.796000  -1.683106
8  1331.427110 905.155031 1.374000  0.482341 0.569610 1.757000  2.572658
9  1286.867760 836.415676 -0.127000  2.102394 12.157184 4.364000  -2.090794
10  1299.491511 919.374415 1.568000  3.106221 10.912031 4.454000  -0.635804
11  1298.392336 905.226415 0.319000  0.518701 0.873729 1.713000  -0.923004
12  1332.530422 907.739023 1.488000  0.495258 0.744944 1.739000  2.682670
13  1310.537207 895.566365 0.046000  1.683873 4.254747 1.480000  0.943424
14  1297.647286 924.085820 -0.005000  1.951612 4.403196 1.444000  -0.632096
15  1316.299060 909.897247 0.665000  1.712745 4.123549 1.637000  0.964946
16  1325.504809 907.974378 1.198000  1.824601 4.716633 1.840000  -2.218454
17  1303.955285 919.439832 -0.024000  1.827221 4.443267 1.632000  -0.631024
18  1305.639614 857.830748 -0.523000  0.855569 1.507244 1.633000  1.061291
19  1294.250956 914.015731 0.132000  1.709186 4.190324 1.566000  2.479203
20  1329.869914 904.143818 1.286000  0.640441 0.475376 1.690000  2.969751
21  1296.165261 853.497607 -1.058000  1.949059 3.845393 1.749000  -2.056754
22  1332.579866 904.771063 1.550000  0.575062 0.353783 1.717000  -2.666416
23  1331.486836 902.793631 1.488000  0.949113 0.612807 1.794000  1.510797
24  1337.975466 931.253073 2.006000  1.949790 4.579448 1.430000  0.878381

9  25  1542800991.947811
1321.389546 903.756666 -2.565310
1  1329.271745 902.889078 1.257000  0.929635 0.604139 1.632000  0.755862
2  1295.543263 874.419934 -0.932000  1.541207 4.535277 1.513000  0.991182
3  1309.489454 877.316170 -0.027000  1.886107 4.312966 1.755000  -1.983157
4  1337.022720 908.622702 1.590000  0.707571 1.029490 1.598000  0.331371
5  1301.970931 902.187381 0.294000  0.562820 1.237206 1.706000  1.476175
6  1327.864236 918.807040 1.412000  1.530663 4.067116 1.637000  0.879166
7  1310.405667 918.422769 0.532000  0.508521 0.536183 1.796000  -1.612019
8  1330.995865 905.200355 1.379000  0.643226 0.506271 1.757000  2.563097
9  1285.692403 836.596026 -0.127000  2.257139 12.598061 4.364000  -2.237125
10  1298.826540 918.856157 1.568000  3.105582 10.721221 4.454000  -0.652979
11  1298.566169 904.646844 0.311000  0.390218 0.892627 1.713000  -0.958848
12  1332.597625 908.097512 1.462000  0.625025 0.744718 1.739000  2.644154
13  1313.843890 899.681239 0.280000  1.828582 4.284505 1.480000  0.901794
14  1297.772382 924.290637 -0.007000  1.850701 4.210877 1.444000  -0.694655
15  1284.935163 857.338698 -1.673000  2.010327 4.474874 1.503000  0.835682
16  1318.394135 912.420958 0.808000  1.799449 4.167721 1.637000  0.987650
17  1325.057186 907.908554 1.198000  1.836055 4.644002 1.840000  -2.216758
18  1303.741874 919.347500 -0.037000  1.923008 4.684997 1.632000  -0.702377
19  1307.067966 859.361161 -0.472000  0.660308 1.252848 1.633000  0.996848
20  1291.611376 916.308842 0.124000  1.630378 4.377699 1.566000  2.511217
21  1330.071621 904.047902 1.286000  0.535361 0.447556 1.690000  2.800673
22  1296.052594 853.810037 -1.059000  2.209507 3.978492 1.749000  -2.084907
23  1332.828781 904.707460 1.550000  0.516471 0.400787 1.717000  -2.708118
24  1331.215304 902.554937 1.488000  0.686944 0.670331 1.794000  1.550713
25  1341.509265 935.041717 2.239000  1.475858 4.346750 1.430000  0.827512

10  26  1542800992.447751
1321.390093 903.757183 -2.566011
1  1329.705292 903.351199 1.247000  0.581571 0.815983 1.632000  0.764028
2  1351.876375 922.916744 2.403000  0.788108 0.932365 1.780000  -2.556030
3  1297.812999 879.693557 -0.732000  1.756986 4.359382 1.513000  1.084423
4  1306.639656 871.336050 -0.273000  2.211464 4.095559 1.755000  -1.978316
5  1337.664607 908.741197 1.590000  0.692746 0.937207 1.598000  0.073207
6  1301.762983 902.194813 0.294000  0.525618 1.335156 1.706000  1.493645
7  1330.977566 922.900236 1.612000  1.850844 4.051671 1.637000  0.869945
8  1310.826055 918.128647 0.529000  0.399921 0.501808 1.796000  -1.707194
9  1331.152588 905.412999 1.383000  0.685215 0.405894 1.757000  2.538054
10  1284.933404 836.038789 -0.127000  2.795723 12.244893 4.364000  -2.135335
11  1299.239789 919.429639 1.568000  2.863110 11.032095 4.454000  -0.721231
12  1299.019437 904.250309 0.303000  0.472756 0.902991 1.713000  -0.909810
13  1332.288627 908.485686 1.290000  0.256747 0.740919 1.739000  2.572308
14  1316.581557 904.260993 0.513000  1.727617 4.088611 1.480000  0.943377
15  1297.606291 924.216872 -0.010000  1.901555 4.403430 1.444000  -0.617286
16  1286.855687 860.956243 -1.511000  1.783788 4.241194 1.503000  0.971452
17  1321.250256 916.186492 0.951000  1.870634 4.056543 1.637000  0.888985
18  1325.479735 908.191345 1.198000  1.800436 4.878176 1.840000  -2.224752
19  1303.607455 919.137688 -0.049000  1.753346 4.525377 1.632000  -0.607454
20  1307.352628 861.096140 -0.306000  0.498017 1.548502 1.633000  1.140788
21  1289.204471 917.670155 0.167000  1.847201 4.461372 1.566000  2.582228
22  1329.790969 903.937940 1.286000  0.633931 0.436299 1.690000  2.827817
23  1295.664716 854.177127 -1.059000  1.962684 4.514123 1.749000  -2.166286
24  1332.704306 905.069530 1.550000  0.440812 0.420537 1.717000  -2.647505
25  1331.335067 903.265973 1.488000  0.614437 0.640685 1.794000  1.493910
26  1344.744553 939.791589 2.472000  2.159259 4.319740 1.430000  0.808091

11  26  1542800992.897804
1321.397282 903.761987 -2.569978
1  1329.591083 903.261638 1.251000  0.767724 0.576275 1.632000  0.984134
2  1351.807887 922.191461 2.377000  0.794097 0.884688 1.780000  -2.511249
3  1300.062642 883.269559 -0.552000  2.003545 4.609081 1.513000  1.012441
4  1304.616169 865.683843 -0.494000  1.843642 4.358625 1.755000  -1.937613
5  1338.481725 909.088206 1.637000  0.612675 0.868935 1.598000  -0.004345
6  1302.047329 902.079228 0.294000  0.585264 1.173016 1.706000  1.458939
7  1333.911237 925.962580 1.792000  1.803715 4.101248 1.637000  0.885503
8  1310.614952 918.153018 0.526000  0.279935 0.501264 1.796000  -1.717053
9  1331.147938 905.358343 1.388000  0.588929 0.607427 1.757000  2.522830
10  1286.239867 837.977747 -0.127000  2.815413 11.383073 4.364000  -2.166242
11  1298.953615 918.853472 1.568000  2.850593 10.905099 4.454000  -0.645430
12  1299.631371 903.639879 0.296000  0.450425 0.980989 1.713000  -0.921639
13  1331.426631 908.420023 1.292000  0.430114 0.876998 1.739000  2.521589
14  1318.594550 908.017141 0.723000  1.762723 4.237083 1.480000  0.889629
15  1297.284006 924.171057 -0.012000  1.899701 4.512916 1.444000  -0.599145
16  1288.858112 864.011084 -1.380000  2.014607 4.279618 1.503000  1.097995
17  1323.430538 918.570019 1.074000  1.674787 4.000672 1.637000  0.854471
18  1325.282642 908.096658 1.198000  1.954722 4.867470 1.840000  -2.221733
19  1303.508685 919.010163 -0.046000  1.725411 4.418248 1.632000  -0.658350
20  1307.804344 863.109303 -0.156000  0.602629 1.302990 1.633000  1.187113
21  1287.737525 919.250021 0.206000  1.660024 4.110662 1.566000  2.398437
22  1329.868230 903.546413 1.286000  0.650279 0.384178 1.690000  2.761503
23  1296.193992 854.432103 -1.048000  1.767422 4.125985 1.749000  -2.162761
24  1333.057495 904.525936 1.550000  0.701838 0.421761 1.717000  -2.688820
25  1331.565277 903.316560 1.488000  0.728843 0.854714 1.794000  1.537744
26  1348.216219 943.867282 2.682000  1.569463 4.182539 1.430000  0.823289

12  25  1542800993.397691
1321.349382 903.732462 -2.574353
1  1329.771103 903.576741 1.307000  0.551919 0.841339 1.632000  1.193788
2  1350.411091 921.639049 2.348000  0.893779 0.802686 1.780000  -2.492283
3  1302.957528 887.807292 -0.352000  1.857317 4.476415 1.513000  1.012871
4  1302.567762 860.054276 -0.690000  2.062798 3.603365 1.755000  -2.156372
5  1338.928634 908.910708 1.689000  0.501871 0.864233 1.598000  -0.154193
6  1302.287636 902.035836 0.294000  0.638757 1.328535 1.706000  1.524829
7  1337.385677 930.137465 1.992000  1.756222 4.036116 1.637000  0.906270
8  1310.684685 918.340135 0.523000  0.507873 0.449827 1.796000  -1.693465
9  1331.510936 905.464022 1.392000  0.503297 0.557606 1.757000  2.614404
10  1286.040458 836.634863 -0.136000  3.338813 11.429188 4.364000  -1.893651
11  1299.010806 918.565446 1.568000  2.943074 10.836463 4.454000  -0.662812
12  1299.612936 903.445614 0.288000  0.325416 0.642879 1.713000  -0.835980
13  1330.792325 909.276740 1.295000  0.494072 0.635004 1.739000  2.521361
14  1321.628159 912.107521 0.956000  1.732839 4.177087 1.480000  0.849684
15  1297.151040 924.281367 -0.015000  1.928551 4.370813 1.444000  -0.645728
16  1290.375687 868.007544 -1.235000  1.708594 4.295600 1.503000  1.009854
17  1325.691209 921.658376 1.210000  1.637662 3.802789 1.637000  0.907170
18  1325.578929 908.132709 1.198000  1.851611 4.718816 1.840000  -2.218503
19  1304.054578 919.177742 -0.043000  1.973086 4.221851 1.632000  -0.690217
20  1309.288196 864.405761 -0.093000  0.624421 1.350980 1.633000  1.104414
21  1285.203191 921.292077 0.250000  2.051700 4.368489 1.566000  2.503190
22  1329.971638 903.942996 1.286000  0.504312 0.481733 1.690000  2.680226
23  1296.414296 853.873172 -1.046000  1.635947 4.557590 1.749000  -2.039083
24  1333.032588 904.952237 1.550000  0.517019 0.460110 1.717000  -2.643816
25  1331.546158 903.214368 1.488000  0.805232 0.801260 1.794000  1.499841

13  25  1542800993.897003
1321.331971 903.724442 -2.572949
1  1329.603217 903.807047 1.282000  0.571790 0.556967 1.632000  1.354252
2  1350.060479 921.070213 2.320000  0.734922 1.014061 1.780000  -2.441403
3  1305.989866 892.401749 -0.152000  1.770546 4.521018 1.513000  1.025533
4  1298.887571 854.616589 -0.886000  1.618172 4.469543 1.755000  -2.042988
5  1339.758522 908.782836 1.740000  0.721817 0.800433 1.598000  -0.293456
6  1301.992863 902.350176 0.269000  0.528141 1.355643 1.706000  1.501878
7  1340.920366 933.951345 2.191000  1.704073 4.032772 1.637000  0.858569
8  1310.485130 917.900420 0.519000  0.446966 0.505220 1.796000  -1.711147
9  1331.213302 905.283289 1.387000  0.456385 0.656790 1.757000  2.515795
10  1285.673554 836.359332 -0.144000  2.627786 12.116899 4.364000  -1.867657
11  1298.669256 918.681876 1.568000  2.903021 10.863652 4.454000  -0.734663
12  1300.098195 902.522037 0.275000  0.350545 0.912616 1.713000  -0.962052
13  1330.207324 909.658791 1.297000  0.456932 0.685467 1.739000  2.626007
14  1325.402774 916.273059 1.189000  1.672972 4.047420 1.480000  0.831215
15  1297.481427 923.647156 -0.017000  1.903955 4.347088 1.444000  -0.568878
16  1293.333301 872.181737 -1.090000  1.561878 4.277427 1.503000  1.041774
17  1328.423530 924.870104 1.370000  1.824566 4.081459 1.637000  0.926921
18  1325.353204 908.121464 1.198000  1.829949 4.693543 1.840000  -2.232090
19  1303.490702 919.226792 -0.039000  2.091186 4.290552 1.632000  -0.590879
20  1310.165012 866.326475 -0.031000  0.678181 1.418260 1.633000  1.090375
21  1283.370850 922.593469 0.305000  1.747286 4.166670 1.566000  2.509031
22  1330.346335 903.763140 1.286000  0.313665 0.504275 1.690000  2.784407
23  1295.412549 852.457710 -1.069000  2.122248 3.503143 1.749000  -2.022420
24  1332.901829 904.998701 1.525000  0.779655 0.434843 1.717000  -2.701167
25  1331.541827 903.476622 1.488000  0.566616 0.869686 1.794000  1.458861

14  25  1542800994.396889
1321.330910 903.726453 -2.572779
1  1329.958994 903.623907 1.257000  0.715848 0.619657 1.632000  1.570750
2  1349.276747 921.434170 2.291000  0.756475 0.584186 1.780000  -2.375327
3  1307.965585 896.958867 0.048000  1.737509 4.506337 1.513000  1.012578
4  1295.354871 848.679585 -1.081000  1.988149 4.529412 1.755000  -2.324077
5  1339.698734 908.430583 1.792000  0.590082 1.062633 1.598000  -0.404598
6  1302.040294 902.847949 0.244000  0.671236 1.247612 1.706000  1.605641
7  1343.853625 937.904328 2.391000  1.867207 3.981908 1.637000  0.889381
8  1310.428012 918.244709 0.516000  0.696750 0.439058 1.796000  -1.660825
9  1331.369543 905.238899 1.381000  0.497897 0.368672 1.757000  2.511885
10  1284.832902 834.685741 -0.153000  3.137776 12.156375 4.364000  -2.213690
11  1299.643355 918.773623 1.568000  2.805061 11.057977 4.454000  -0.692610
12  1300.429972 902.356926 0.262000  0.462312 0.789778 1.713000  -1.106519
13  1329.876926 909.948800 1.294000  0.751897 0.537248 1.739000  2.650651
14  1328.676094 920.209422 1.372000  1.656938 4.195769 1.480000  0.931942
15  1297.814982 924.239317 -0.020000  1.798380 4.521247 1.444000  -0.667159
16  1296.219726 875.545678 -0.929000  1.749639 4.753042 1.503000  1.011756
17  1330.605022 927.629795 1.530000  1.775018 4.194199 1.637000  0.863450
18  1325.333417 908.194801 1.198000  1.809404 4.677315 1.840000  -2.246417
19  1303.808716 919.602738 -0.036000  1.926756 4.272044 1.632000  -0.680290
20  1310.920104 867.676915 0.032000  0.424525 1.250043 1.633000  1.100167
21  1280.609638 924.561560 0.361000  1.735266 4.108679 1.566000  2.435735
22  1330.225352 903.730698 1.286000  0.489412 0.301037 1.690000  2.880112
23  1295.499717 852.914098 -1.092000  2.004944 4.064242 1.749000  -2.177945
24  1332.821409 904.499382 1.500000  0.666357 0.405977 1.717000  -2.683787
25  1331.246035 903.389533 1.488000  0.873825 0.780644 1.794000  1.894527

15  25  1542800994.896757
1321.330173 903.728288 -2.572805
1  1329.573781 903.956274 1.257000  0.580044 0.507401 1.632000  1.745521
2  1349.172031 920.665136 2.263000  0.827666 0.750238 1.780000  -2.520393
3  1311.167455 901.394372 0.248000  1.811340 4.517936 1.513000  0.963899
4  1293.909043 842.761924 -1.277000  1.900913 4.589916 1.755000  -2.058552
5  1340.585110 907.981435 1.844000  0.501371 1.087600 1.598000  -0.470016
6  1301.664723 903.688154 0.219000  0.533883 1.243579 1.706000  1.577055
7  1346.489491 941.380432 2.591000  1.722777 4.052850 1.637000  0.838812
8  1310.565578 917.861853 0.513000  0.535661 0.529477 1.796000  -1.747294
9  1331.377073 905.609006 1.375000  0.484017 0.533453 1.757000  2.509223
10  1284.884320 836.129158 -0.162000  3.144906 12.528589 4.364000  -2.188615
11  1298.866902 919.008389 1.568000  3.023182 10.644549 4.454000  -0.604366
12  1300.889831 901.575700 0.249000  0.413768 0.725493 1.713000  -1.256082
13  1329.424517 909.614244 1.292000  0.499610 0.803964 1.739000  2.699950
14  1331.352791 924.116871 1.556000  1.723809 4.203514 1.480000  0.872825
15  1297.480623 923.796446 -0.022000  1.776087 4.240591 1.444000  -0.600613
16  1297.918878 879.432273 -0.767000  1.675312 4.635109 1.503000  0.995792
17  1333.113809 931.002104 1.740000  1.612837 3.908708 1.637000  0.947542
18  1325.493314 908.215843 1.198000  1.646683 4.625092 1.840000  -2.232760
19  1303.905022 918.933560 -0.032000  1.768296 4.291734 1.632000  -0.641531
20  1311.307655 869.053540 0.094000  0.484013 1.166836 1.633000  1.030046
21  1279.863154 925.709600 0.417000  1.986729 4.229938 1.566000  2.644270
22  1330.347438 904.084588 1.286000  0.383607 0.379895 1.690000  2.976913
23  1295.124489 852.148347 -1.115000  1.668960 3.679376 1.749000  -2.163748
24  1332.613232 904.949065 1.500000  0.606746 0.674988 1.717000  -2.818243
25  1331.384093 903.161693 1.488000  0.915573 0.834489 1.794000  2.169275

16  24  1542800995.397176
1321.329463 903.729823 -2.572906
1  1329.555427 903.544738 1.257000  0.823830 0.653991 1.632000  1.824818
2  1348.140028 920.071891 2.234000  0.668848 0.898482 1.780000  -2.364862
3  1314.115180 905.616700 0.448000  1.703857 4.359335 1.513000  0.971032
4  1291.270468 837.753834 -1.473000  2.062053 4.148467 1.755000  -1.932046
5  1341.383262 907.895823 1.896000  0.443737 1.064253 1.598000  -0.484287
6  1301.852821 904.562302 0.194000  0.420954 1.289325 1.706000  1.820610
7  1310.473890 918.069024 0.509000  0.706944 0.459911 1.796000  -1.646537
8  1331.590892 905.715029 1.370000  0.558114 0.545509 1.757000  2.513382
9  1284.608302 834.664151 -0.171000  2.902975 12.275504 4.364000  -2.208394
10  1299.324875 919.077254 1.568000  2.947589 10.671728 4.454000  -0.689637
11  1300.839752 900.533550 0.237000  0.399589 0.722434 1.713000  -1.360356
12  1329.117961 910.164977 1.289000  0.642629 0.786810 1.739000  2.819975
13  1334.571234 927.257357 1.749000  1.777769 4.001840 1.480000  0.844344
14  1297.319630 923.832254 -0.025000  1.814908 4.180688 1.444000  -0.665994
15  1299.771650 882.893530 -0.595000  1.593227 4.331222 1.503000  1.051701
16  1336.731702 934.393217 1.950000  1.551543 4.198381 1.637000  0.912255
17  1325.011220 908.593320 1.198000  1.662611 4.827049 1.840000  -2.243206
18  1303.605119 919.372931 -0.029000  1.995700 4.420490 1.632000  -0.606017
19  1312.335551 870.081001 0.157000  0.419809 1.273560 1.633000  1.075096
20  1277.097520 926.966951 0.473000  1.763306 4.119695 1.566000  2.409127
21  1330.054201 903.880507 1.293000  0.620977 0.556336 1.690000  3.022257
22  1295.415681 852.529210 -1.138000  1.968429 4.180000 1.749000  -2.236485
23  1332.672313 904.988232 1.500000  0.608300 0.519994 1.717000  -2.816386
24  1331.338333 903.934325 1.488000  0.749533 0.866972 1.794000  2.225817

17  24  1542800995.898163
1321.329868 903.731802 -2.574025
1  1329.662462 904.052195 1.257000  0.647350 0.580026 1.632000  1.912668
2  1347.649051 919.455636 2.205000  0.612011 0.550954 1.780000  -2.408245
3  1317.134721 909.263648 0.648000  1.796697 4.460549 1.513000  0.965365
4  1286.269182 830.710686 -1.669000  1.851568 4.268454 1.755000  -2.130571
5  1341.877355 907.769736 1.947000  0.499666 0.991802 1.598000  -0.459521
6  1301.455253 905.536894 0.202000  0.411207 1.401002 1.706000  2.000548
7  1310.985901 917.455307 0.506000  0.536080 0.560324 1.796000  -1.715554
8  1331.304782 905.722077 1.364000  0.449369 0.665062 1.757000  2.585176
9  1284.519932 832.430815 -0.179000  2.380533 11.761564 4.364000  -2.264098
10  1299.051280 918.849281 1.568000  2.817892 10.838457 4.454000  -0.597390
11  1301.002176 900.069877 0.232000  0.466822 0.769962 1.713000  -1.380111
12  1327.914070 910.445242 1.287000  0.488098 0.761783 1.739000  2.877198
13  1337.868259 931.104027 1.942000  1.760974 4.242557 1.480000  0.837119
14  1297.242943 923.805651 -0.028000  2.028114 4.270377 1.444000  -0.677711
15  1301.814738 886.927057 -0.423000  1.734816 4.589728 1.503000  1.057406
16  1339.018510 938.196417 2.124000  1.812073 4.048053 1.637000  0.970131
17  1325.465965 908.224571 1.198000  1.523628 5.014047 1.840000  -2.282695
18  1303.372998 919.433996 -0.025000  1.914005 4.267902 1.632000  -0.658692
19  1312.962314 871.823870 0.203000  0.506230 1.309102 1.633000  1.033661
20  1275.992928 929.070799 0.505000  1.502394 4.379038 1.566000  2.504214
21  1329.889214 904.150038 1.301000  0.496514 0.408720 1.690000  2.993231
22  1295.583382 851.849895 -1.161000  1.746245 4.843989 1.749000  -2.096127
23  1332.820343 904.385223 1.500000  0.540251 0.519094 1.717000  -3.016286
24  1331.412821 903.894138 1.488000  0.642312 0.773749 1.794000  2.314633

18  23  1542800996.448383
1321.325766 903.730844 -2.582161
1  1329.492900 903.675958 1.275000  0.649768 0.641099 1.632000  1.910592
2  1347.278588 919.238387 2.174000  0.683085 1.025611 1.780000  -2.396935
3  1320.477351 913.695835 0.868000  1.797720 4.433172 1.513000  0.909154
4  1342.051284 907.468568 1.987000  0.587350 1.091778 1.598000  -0.688570
5  1300.588323 907.201389 0.210000  0.339520 1.366256 1.706000  2.169245
6  1310.508152 918.087030 0.502000  0.524892 0.519217 1.796000  -1.675749
7  1331.205199 905.331481 1.358000  0.647297 0.713450 1.757000  2.544902
8  1285.324457 833.657375 -0.189000  2.026232 12.618044 4.364000  -2.057152
9  1298.830565 918.719267 1.568000  2.815449 10.944847 4.454000  -0.592374
10  1301.383176 899.416648 0.226000  0.491672 0.772538 1.713000  -1.405530
11  1327.585757 910.848391 1.284000  0.558249 0.642215 1.739000  2.925523
12  1340.755665 935.261130 2.154000  2.081069 3.924197 1.480000  0.873227
13  1297.628653 923.967332 -0.030000  1.936835 4.191564 1.444000  -0.691722
14  1303.302461 890.083738 -0.262000  1.878842 4.432079 1.503000  1.178061
15  1342.043865 942.675785 2.315000  1.747941 3.809842 1.637000  0.892374
16  1325.005661 907.823575 1.198000  1.780271 4.677390 1.840000  -2.249168
17  1304.026124 919.290205 -0.021000  1.705539 4.451613 1.632000  -0.689528
18  1314.119714 873.792172 0.255000  0.443780 1.211562 1.633000  1.103099
19  1274.097139 929.520116 0.541000  1.932413 4.394465 1.566000  2.551190
20  1329.976094 904.042093 1.308000  0.497530 0.502973 1.690000  2.948943
21  1294.609855 852.484132 -1.120000  1.220269 4.000798 1.749000  -2.081381
22  1332.488209 904.938676 1.500000  0.677084 0.420521 1.717000  3.033272
23  1331.760142 903.691343 1.488000  0.764639 0.732032 1.794000  2.290203

19  23  1542800996.948806
1321.226601 903.670261 -2.593095
1  1329.552116 903.774887 1.291000  0.726236 0.746293 1.632000  1.904036
2  1346.876121 918.934320 2.145000  0.767839 0.950532 1.780000  -2.460743
3  1323.466748 918.073425 1.069000  1.854211 4.278823 1.513000  0.857681
4  1342.604390 906.854322 2.022000  0.537950 0.798318 1.598000  -0.831816
5  1299.600301 908.211870 0.217000  0.524255 1.206721 1.706000  2.360779
6  1310.717529 918.085957 0.499000  0.545036 0.513567 1.796000  -1.725099
7  1331.967159 905.621767 1.352000  0.708693 0.501272 1.757000  2.575018
8  1283.611534 832.031280 -0.212000  3.137572 12.621925 4.364000  -2.030265
9  1299.053416 919.139511 1.568000  2.977066 11.072382 4.454000  -0.692156
10  1301.187014 898.705458 0.221000  0.512989 0.902667 1.713000  -1.370577
11  1327.070623 911.045799 1.281000  0.451995 0.746638 1.739000  2.948332
12  1344.609452 938.398626 2.347000  1.440437 3.993868 1.480000  0.851659
13  1297.389339 923.601957 -0.033000  1.955907 4.292569 1.444000  -0.604041
14  1305.521763 893.056577 -0.117000  1.858579 4.376931 1.503000  1.273952
15  1345.230511 946.026142 2.489000  1.868999 4.307193 1.637000  0.867923
16  1325.344895 907.808507 1.198000  1.666369 4.691828 1.840000  -2.247651
17  1303.949856 919.257705 -0.018000  2.032222 4.372815 1.632000  -0.618845
18  1315.135576 875.465609 0.301000  0.409422 1.248298 1.633000  1.016822
19  1271.706478 929.668886 0.556000  1.898074 4.485004 1.566000  2.685796
20  1329.888435 904.151191 1.316000  0.588197 0.441573 1.690000  2.968314
21  1295.255531 851.783552 -1.082000  1.921741 4.493987 1.749000  -2.145500
22  1332.765540 904.815939 1.500000  0.378141 0.494625 1.717000  2.871379
23  1331.803111 903.889198 1.488000  0.740331 0.816536 1.794000  2.399429

20  23  1542800997.448664
1321.193024 903.649600 -2.591693
1  1329.611438 903.950356 1.307000  0.935961 0.464288 1.632000  1.981533
2  1346.419736 918.216235 2.117000  0.834412 0.869802 1.780000  -2.400547
3  1326.849390 921.755811 1.264000  1.759524 4.451599 1.513000  0.884276
4  1343.433402 906.854271 2.058000  0.470150 0.956254 1.598000  -1.044205
5  1298.538067 909.216932 0.190000  0.486850 1.384510 1.706000  2.456015
6  1287.474699 858.859905 -1.496000  0.819000 2.399784 1.677000  0.987361
7  1310.454009 918.110614 0.496000  0.343849 0.588305 1.796000  -1.724123
8  1331.356080 905.642755 1.347000  0.659356 0.495156 1.757000  2.578358
9  1282.941706 829.929091 -0.235000  2.957649 12.320860 4.364000  -1.935985
10  1299.082335 918.533343 1.568000  2.820393 10.850533 4.454000  -0.641740
11  1301.503930 897.856062 0.186000  0.407533 0.841526 1.713000  -1.413635
12  1326.563605 910.991407 1.279000  0.698758 0.821416 1.739000  3.015222
13  1297.561650 923.590720 -0.036000  2.077377 4.443766 1.444000  -0.668770
14  1306.086414 896.251850 -0.045000  1.775997 4.303995 1.503000  1.403925
15  1348.638211 948.780460 2.662000  1.784664 4.789281 1.637000  0.956184
16  1325.249844 908.399579 1.198000  1.663749 4.690853 1.840000  -2.270440
17  1303.852012 919.224661 -0.014000  1.841371 4.390715 1.632000  -0.713241
18  1315.729555 877.074739 0.381000  0.429386 1.258007 1.633000  1.037317
19  1269.752134 931.101467 0.596000  1.637199 3.593871 1.566000  2.785285
20  1330.254758 904.360391 1.323000  0.466607 0.403198 1.690000  2.895645
21  1295.071028 850.567953 -1.045000  2.061490 4.397853 1.749000  -2.198665
22  1332.582147 904.796491 1.500000  0.447932 0.474180 1.717000  2.823581
23  1331.824551 903.927787 1.488000  0.672431 0.850861 1.794000  2.369448

21  23  1542800997.948536
1321.196598 903.651714 -2.593243
1  1329.566706 903.778835 1.307000  0.685091 0.879020 1.632000  1.936934
2  1345.766354 918.173110 2.088000  0.536994 0.958822 1.780000  -2.271975
3  1329.770638 925.849784 1.459000  1.703437 4.641376 1.513000  0.866329
4  1343.290168 906.085285 2.060000  0.502530 0.958285 1.598000  -1.234741
5  1296.199265 910.699390 0.163000  0.342618 1.361403 1.706000  2.434027
6  1289.734266 863.513079 -1.226000  0.806237 2.057168 1.677000  1.139766
7  1310.411667 918.464340 0.492000  0.400369 0.284864 1.796000  -1.639428
8  1331.586548 905.096807 1.347000  0.433602 0.729678 1.757000  2.529591
9  1282.405529 829.949177 -0.258000  2.225279 11.825674 4.364000  -2.337110
10  1299.140956 919.254459 1.568000  2.855498 10.831369 4.454000  -0.570289
11  1301.697415 897.326152 0.150000  0.287977 0.985279 1.713000  -1.336029
12  1325.713874 911.256813 1.276000  0.542204 0.738240 1.739000  3.115549
13  1297.408302 923.768917 -0.038000  1.758578 4.331562 1.444000  -0.650490
14  1305.791856 899.802672 0.027000  1.887334 4.384281 1.503000  1.481848
15  1351.208811 953.357702 2.735000  1.455678 4.039026 1.637000  0.876960
16  1324.949366 908.367225 1.198000  1.899851 4.901799 1.840000  -2.232811
17  1303.714508 918.998000 -0.023000  1.599952 4.530434 1.632000  -0.666957
18  1317.241201 879.056802 0.460000  0.636604 1.433719 1.633000  1.037840
19  1268.454222 930.455463 0.637000  1.701660 4.611275 1.566000  2.853465
20  1330.250791 904.405440 1.330000  0.458258 0.430207 1.690000  2.954259
21  1294.783753 848.747071 -1.052000  1.658032 4.286565 1.749000  -2.102030
22  1332.971020 904.681548 1.500000  0.559851 0.475758 1.717000  2.849885
23  1331.764123 903.845951 1.488000  0.677133 0.675858 1.794000  2.378059

22  23  1542800998.398646
1321.194954 903.650641 -2.603306
1  1329.543936 903.862313 1.307000  0.602221 0.636302 1.632000  1.929693
2  1345.062790 917.180161 2.063000  0.586440 0.924777 1.780000  -2.302637
3  1332.385962 929.101411 1.634000  1.922356 4.539784 1.513000  0.859116
4  1343.935852 905.815730 2.061000  0.599902 0.862819 1.598000  -1.329354
5  1294.653148 911.708803 0.184000  0.526937 1.349812 1.706000  2.464794
6  1291.981679 867.571605 -0.982000  1.063917 1.670276 1.677000  1.073936
7  1310.590607 917.745006 0.489000  0.686568 0.393181 1.796000  -1.727726
8  1331.603558 905.244589 1.347000  0.725532 0.712081 1.757000  2.559553
9  1279.875927 827.285976 -0.278000  2.648588 11.583265 4.364000  -1.867931
10  1299.477805 919.107106 1.568000  3.032474 10.886874 4.454000  -0.698325
11  1301.626304 897.161933 0.118000  0.466695 0.836522 1.713000  -1.361430
12  1325.987803 910.970520 1.265000  0.759110 0.787470 1.739000  3.027737
13  1297.363824 923.641745 -0.040000  1.937007 4.280278 1.444000  -0.689180
14  1305.697769 902.621314 0.067000  1.604155 4.370015 1.503000  1.749572
15  1353.161231 955.700081 2.802000  1.581006 4.512392 1.637000  0.962795
16  1325.172032 908.321060 1.198000  1.609116 4.659133 1.840000  -2.260794
17  1303.922048 918.954523 -0.031000  1.898546 4.455167 1.632000  -0.604414
18  1318.211789 881.035137 0.532000  0.422634 1.233580 1.633000  1.060500
19  1267.729402 931.069898 0.612000  2.409707 4.647014 1.566000  -3.135572
20  1330.067540 904.152150 1.336000  0.700371 0.564176 1.690000  2.912697
21  1294.287465 848.261501 -1.058000  1.857696 4.534727 1.749000  -2.202944
22  1332.882481 905.139336 1.500000  0.698441 0.520874 1.717000  2.804836
23  1331.232543 903.663374 1.488000  0.731912 0.734376 1.794000  2.718816

23  23  1542800998.948303
1321.001411 903.539997 -2.644371
1  1330.048595 903.869664 1.307000  0.645812 0.550569 1.632000  1.914638
2  1344.620410 916.612169 2.031000  0.867889 0.676661 1.780000  -2.183220
3  1336.000924 934.103836 1.849000  1.744367 4.395231 1.513000  0.881022
4  1343.996916 904.774323 2.063000  0.606517 0.929490 1.598000  -1.641222
5  1292.746408 913.381062 0.210000  0.360684 1.232772 1.706000  2.436260
6  1295.822092 872.176271 -0.685000  0.754323 2.020699 1.677000  1.141327
7  1310.538167 917.859917 0.489000  0.518928 0.284223 1.796000  -1.752696
8  1331.369146 905.247461 1.347000  0.702493 0.831150 1.757000  2.554384
9  1277.353566 824.638132 -0.231000  2.011867 11.657159 4.364000  -2.614322
10  1298.996525 918.294518 1.568000  2.873081 10.929857 4.454000  -0.595792
11  1301.704006 895.854633 0.152000  0.156263 0.814013 1.713000  -1.356875
12  1324.544571 910.799970 1.252000  0.595025 0.619774 1.739000  2.900776
13  1297.957093 923.570420 -0.043000  1.821627 4.229305 1.444000  -0.605269
14  1304.886651 905.578593 0.114000  1.836615 4.483582 1.503000  1.934632
15  1356.473832 959.516366 2.882000  2.074461 3.692116 1.637000  0.883129
16  1325.229063 908.087127 1.198000  1.912265 4.957301 1.840000  -2.210080
17  1303.964985 918.739001 -0.040000  1.665499 4.392568 1.632000  -0.666613
18  1318.990009 882.599819 0.661000  0.546298 1.275441 1.633000  1.007306
19  1267.630067 930.049789 0.582000  1.804720 4.380874 1.566000  -2.912451
20  1330.121555 904.029140 1.336000  0.768351 0.535234 1.690000  2.983804
21  1293.782309 847.822996 -1.050000  1.549457 4.630579 1.749000  -2.213337
22  1332.708003 904.786759 1.500000  0.672811 0.541191 1.717000  2.775947
23  1331.965003 903.792089 1.488000  0.767734 0.905108 1.794000  3.117194

24  23  1542800999.448167
1320.716155 903.392006 -2.684602
1  1329.595816 903.685403 1.307000  0.750778 0.806805 1.632000  1.872199
2  1344.250741 915.678464 2.003000  0.699211 0.889561 1.780000  -2.281874
3  1339.988353 938.686045 1.944000  1.782632 4.583367 1.513000  0.813227
4  1343.510725 904.558751 2.065000  0.502331 1.001912 1.598000  -1.847759
5  1290.683143 914.952403 0.208000  0.520349 1.099952 1.706000  2.472230
6  1298.463919 877.436326 -0.415000  0.775711 2.082495 1.677000  1.033670
7  1310.503435 917.896267 0.489000  0.374805 0.367910 1.796000  -1.733614
8  1331.415066 905.478690 1.347000  0.571424 0.552023 1.757000  2.559320
9  1276.751280 823.174357 -0.188000  3.094103 12.025304 4.364000  -2.222277
10  1299.203962 918.364976 1.568000  2.866039 10.917032 4.454000  -0.599727
11  1302.136150 895.582959 0.183000  0.573206 0.704655 1.713000  -1.407244
12  1324.709459 911.224212 1.240000  0.643612 0.720108 1.739000  2.834039
13  1297.782727 923.696465 -0.046000  2.038942 4.348815 1.444000  -0.668490
14  1303.561045 908.051611 0.158000  1.906329 4.299787 1.503000  2.127551
15  1361.033084 962.823354 3.056000  1.394761 3.782240 1.637000  1.115336
16  1325.040351 907.958905 1.198000  1.732800 4.679685 1.840000  -2.237720
17  1303.926602 919.008222 -0.049000  2.030332 4.275155 1.632000  -0.649373
18  1319.557712 884.620178 0.778000  0.417384 1.291911 1.633000  0.965516
19  1264.513622 931.178536 0.554000  1.802221 4.254849 1.566000  -2.739147
20  1330.453298 904.006281 1.336000  0.811171 0.269524 1.690000  2.972384
21  1292.488420 846.920085 -1.044000  1.911017 4.344172 1.749000  -2.209860
22  1332.313909 904.893871 1.500000  0.616009 0.340937 1.717000  2.860552
23  1332.124442 903.603436 1.488000  0.607723 0.714014 1.794000  3.130518

25  24  1542800999.948064
1320.511608 903.293996 -2.701853
1  1329.651988 903.418333 1.307000  0.715218 0.498710 1.632000  1.925323
2  1343.840299 915.626064 1.974000  0.998313 0.802298 1.780000  -2.347222
3  1342.989100 941.042925 2.039000  1.742652 4.687988 1.513000  0.799787
4  1343.476514 903.932880 2.067000  0.460765 0.939138 1.598000  -1.907839
5  1288.408363 917.343976 0.207000  0.368106 1.199789 1.706000  2.468821
6  1301.423949 881.609219 -0.145000  0.886628 1.979054 1.677000  1.018545
7  1310.768683 917.996501 0.489000  0.545952 0.456142 1.796000  -1.718267
8  1331.581915 905.630878 1.347000  0.363200 0.719571 1.757000  2.552247
9  1274.690836 820.728176 -0.145000  2.748103 12.978713 4.364000  -2.135527
10  1299.168005 918.939814 1.568000  2.759014 10.686244 4.454000  -0.607843
11  1302.305065 894.963017 0.172000  0.332540 0.794806 1.713000  -1.255788
12  1324.425319 910.869763 1.238000  0.572266 0.674668 1.739000  2.748243
13  1297.439576 923.851462 -0.048000  1.864503 4.363538 1.444000  -0.627517
14  1301.300883 910.938321 0.093000  1.647847 4.601136 1.503000  2.235337
15  1362.402993 966.633592 3.229000  1.941084 3.651033 1.637000  0.860206
16  1325.095158 907.722262 1.198000  1.687501 4.798014 1.840000  -2.257179
17  1304.221455 918.969333 -0.058000  1.915843 4.414391 1.632000  -0.657277
18  1320.960463 886.307080 0.895000  0.642851 1.386720 1.633000  0.967591
19  1264.258491 929.857934 0.527000  2.024138 3.939904 1.566000  -2.497433
20  1330.054556 904.135320 1.336000  0.601324 0.434621 1.690000  2.933432
21  1281.849032 848.611170 -1.249000  1.462051 4.553601 1.520000  0.838982
22  1291.945810 845.746997 -1.037000  1.548081 4.346447 1.749000  -2.220218
23  1332.740141 904.244144 1.500000  0.710747 0.308835 1.717000  2.857160
24  1331.622452 903.654445 1.488000  0.597809 0.850672 1.794000  3.125890

26  24  1542801000.447918
1320.472350 903.276186 -2.699970
1  1329.472744 903.746957 1.307000  0.567545 0.639288 1.632000  1.888500
2  1342.921683 914.381203 1.945000  0.988603 0.943545 1.780000  -2.422978
3  1346.216479 945.397731 2.196000  1.864587 4.701830 1.513000  0.716098
4  1343.152636 903.169506 2.068000  0.666467 0.946652 1.598000  -1.809069
5  1285.638046 918.522928 0.205000  0.632728 1.324015 1.706000  2.496286
6  1303.957162 886.012907 -0.020000  0.814108 1.880783 1.677000  0.945598
7  1310.449994 918.145480 0.489000  0.477581 0.241718 1.796000  -1.698103
8  1331.236015 905.275907 1.347000  0.532648 0.730139 1.757000  2.538486
9  1273.622921 820.246138 -0.102000  3.019447 13.123234 4.364000  -2.297863
10  1299.267009 918.824261 1.568000  3.015587 10.675880 4.454000  -0.691617
11  1302.601213 895.061804 0.160000  0.294886 0.862569 1.713000  -1.272403
12  1324.255544 911.285728 1.236000  0.608527 0.591588 1.739000  2.696593
13  1297.711155 923.772324 -0.051000  1.952958 4.334957 1.444000  -0.619110
14  1298.871805 913.582567 0.028000  1.629048 4.389531 1.503000  2.305150
15  1365.853858 967.412160 3.403000  1.377640 3.910019 1.637000  0.770467
16  1324.526226 907.226809 1.198000  1.726481 4.929018 1.840000  -2.237661
17  1304.181447 918.473337 -0.066000  1.997747 4.279476 1.632000  -0.642988
18  1322.016341 887.789931 0.948000  0.506661 1.198000 1.633000  1.001628
19  1262.693895 927.556346 0.492000  1.277323 4.317513 1.566000  -2.423783
20  1329.797748 904.058702 1.336000  0.560310 0.312539 1.690000  2.886943
21  1284.111305 852.003056 -1.124000  2.024505 4.640851 1.520000  1.050529
22  1289.655342 844.179744 -1.030000  2.268098 4.175887 1.749000  -2.086872
23  1332.675943 904.932611 1.500000  0.618784 0.574551 1.717000  2.838853
24  1331.498533 903.760607 1.488000  0.892228 0.747880 1.794000  2.845715

27  24  1542801000.947820
1320.481055 903.280650 -2.701403
1  1329.296283 903.363145 1.307000  0.720718 0.564105 1.632000  2.003218
2  1342.602524 914.483719 1.917000  0.765368 0.865851 1.780000  -2.399399
3  1349.338211 950.029087 2.354000  1.595537 4.852433 1.513000  0.856265
4  1342.722901 902.773763 2.070000  0.472875 1.146139 1.598000  -1.756848
5  1283.960978 920.295421 0.203000  0.640080 1.560343 1.706000  2.443468
6  1306.212227 890.391824 0.105000  0.882590 1.964376 1.677000  0.986431
7  1310.497793 917.933355 0.489000  0.569906 0.455828 1.796000  -1.651625
8  1331.530404 905.613448 1.347000  0.666532 0.676644 1.757000  2.552384
9  1270.996715 817.070667 -0.059000  3.410957 12.576548 4.364000  -2.094601
10  1298.840486 918.908794 1.568000  3.153380 11.132887 4.454000  -0.653302
11  1302.386592 894.776451 0.149000  0.607544 0.870870 1.713000  -1.166566
12  1324.460642 911.420566 1.234000  0.572662 0.876310 1.739000  2.576166
13  1298.200772 923.451816 -0.053000  2.004148 4.319319 1.444000  -0.648384
14  1295.483454 915.953376 0.059000  1.838202 4.288793 1.503000  2.373174
15  1370.671095 973.295450 3.576000  1.535405 3.977317 1.637000  1.267854
16  1324.592432 907.460205 1.198000  1.675967 4.861470 1.840000  -2.254874
17  1304.168857 918.479672 -0.075000  1.935663 4.186111 1.632000  -0.718912
18  1322.861097 889.322381 1.000000  0.530676 1.256041 1.633000  0.957122
19  1263.084315 927.437105 0.457000  2.472742 3.679657 1.566000  -2.221125
20  1329.648335 904.267568 1.336000  0.278965 0.221129 1.690000  2.887811
21  1287.337535 855.942192 -0.999000  1.670425 4.537353 1.520000  1.027244
22  1288.770564 842.990364 -1.105000  1.666668 3.783346 1.749000  -2.180323
23  1332.672471 904.640220 1.500000  0.769634 0.460544 1.717000  2.859227
24  1331.423024 903.750865 1.488000  0.810794 0.625644 1.794000  2.691130

28  23  1542801001.447119
1320.485729 903.282950 -2.702415
1  1329.649294 903.653817 1.307000  0.868393 0.665543 1.632000  1.979695
2  1342.062592 913.829319 1.888000  0.659244 0.817454 1.780000  -2.452134
3  1353.692248 952.887994 2.511000  1.865861 4.805724 1.513000  0.861953
4  1343.476468 901.916405 2.072000  0.446077 0.901557 1.598000  -1.757661
5  1281.505657 922.373930 0.277000  0.344157 1.401260 1.706000  2.371594
6  1309.056643 895.096899 0.330000  1.179518 2.105863 1.677000  1.013177
7  1310.572022 918.079885 0.489000  0.619518 0.438929 1.796000  -1.661105
8  1331.638210 905.229588 1.347000  0.470836 0.678232 1.757000  2.607651
9  1268.223073 816.830391 -0.016000  2.777769 12.087877 4.364000  -2.801329
10  1299.356117 918.651192 1.568000  2.877529 10.958054 4.454000  -0.674021
11  1302.658803 894.660844 0.155000  0.543853 0.768002 1.713000  -1.185222
12  1324.292506 910.978282 1.235000  0.524904 0.641812 1.739000  2.580389
13  1297.964059 923.384957 -0.056000  2.022697 4.210159 1.444000  -0.576075
14  1292.540471 919.531609 0.067000  1.924905 4.554907 1.503000  2.422902
15  1372.169576 976.393267 3.749000  1.407090 4.025108 1.637000  1.127658
16  1324.911334 907.549833 1.198000  1.433032 4.594868 1.840000  -2.284862
17  1304.773196 918.527350 -0.076000  1.786876 4.398233 1.632000  -0.735477
18  1323.912391 890.813091 1.052000  0.454983 1.219849 1.633000  0.939217
19  1261.176022 926.784991 0.422000  1.651976 4.449718 1.566000  -2.402086
20  1330.100697 904.092763 1.336000  0.703413 0.428113 1.690000  2.870190
21  1289.332498 859.036297 -0.874000  1.715256 4.993061 1.520000  0.986048
22  1332.367468 904.573924 1.500000  0.595393 0.422764 1.717000  2.748973
23  1331.320253 903.614712 1.488000  0.682575 0.758914 1.794000  2.493601

29  24  1542801001.947564
1320.487836 903.283978 -2.702876
1  1329.559508 903.588269 1.307000  0.456509 0.641025 1.632000  1.977493
2  1341.283499 913.409052 1.860000  0.987165 0.827816 1.780000  -2.599698
3  1356.527306 956.882133 2.669000  1.844802 5.069331 1.513000  0.710336
4  1342.514964 901.309236 2.074000  0.513093 0.944826 1.598000  -1.697636
5  1279.089040 925.238283 0.350000  0.124332 1.492755 1.706000  2.387326
6  1311.865294 899.398248 0.455000  1.059932 2.123494 1.677000  0.990345
7  1310.722454 918.136308 0.489000  0.435004 0.598897 1.796000  -1.654079
8  1331.318479 905.260612 1.347000  0.478121 0.621546 1.757000  2.510986
9  1268.085856 816.297453 0.027000  3.295588 12.822432 4.364000  -2.086242
10  1299.100870 919.105908 1.568000  2.802857 11.060242 4.454000  -0.644807
11  1302.736097 894.646002 0.161000  0.410985 0.751500 1.713000  -1.089836
12  1279.111926 843.960270 -1.339000  2.334373 4.141131 1.641000  0.939208
13  1324.331879 911.252308 1.237000  0.408021 0.896818 1.739000  2.564776
14  1298.513351 923.520489 -0.059000  1.804850 4.347853 1.444000  -0.658327
15  1288.976574 921.753029 0.076000  1.647765 4.340739 1.503000  2.381890
16  1374.630773 978.941911 3.848000  1.826627 4.231088 1.637000  0.883896
17  1324.683969 907.560852 1.198000  1.717298 4.867704 1.840000  -2.257043
18  1304.779325 918.749318 -0.078000  1.884667 4.291191 1.632000  -0.701419
19  1325.031376 892.858821 1.105000  0.545827 1.465902 1.633000  1.002014
20  1260.939165 924.979358 0.387000  1.833232 4.252302 1.566000  -2.154590
21  1329.845117 903.630762 1.336000  0.523717 0.419953 1.690000  2.928835
22  1292.009501 864.748556 -0.749000  2.139467 4.561442 1.520000  0.953741
23  1332.840452 904.700125 1.500000  0.576998 0.280396 1.717000  2.831684
24  1331.561045 903.560133 1.488000  0.957834 0.858246 1.794000  2.263381

30  25  1542801002.447972
1320.488942 903.284519 -2.703144
1  1330.119098 903.548947 1.307000  0.635591 0.516007 1.632000  1.968902
2  1341.153801 913.190582 1.831000  0.993710 0.725075 1.780000  -2.620637
3  1358.210834 959.428938 2.846000  1.751160 4.510368 1.513000  0.769246
4  1342.784826 900.449432 2.075000  0.546575 0.868314 1.598000  -1.760037
5  1275.910602 926.813358 0.423000  0.316621 1.533520 1.706000  2.563085
6  1315.471499 904.100402 0.580000  0.840429 1.916424 1.677000  1.060406
7  1310.877693 918.076011 0.489000  0.354554 0.430028 1.796000  -1.728433
8  1331.256563 905.602154 1.347000  0.601891 0.721037 1.757000  2.468193
9  1265.104396 813.024678 0.071000  3.513407 12.247788 4.364000  -2.383352
10  1299.407217 919.402202 1.568000  2.988871 10.856221 4.454000  -0.609888
11  1302.971854 894.702501 0.166000  0.486721 0.721274 1.713000  -1.063270
12  1281.248952 848.242069 -1.201000  2.278889 4.674126 1.641000  1.207448
13  1278.779427 909.148130 0.248000  0.492225 0.629349 1.615000  -0.677387
14  1324.029973 911.094679 1.238000  0.397449 0.731650 1.739000  2.557498
15  1298.899091 923.538767 -0.061000  1.772821 4.302823 1.444000  -0.683602
16  1286.351957 925.341185 0.154000  1.581838 4.498087 1.503000  2.349663
17  1378.904980 984.386402 3.946000  1.838938 4.333005 1.637000  0.661362
18  1324.345113 906.984688 1.198000  1.811079 4.617358 1.840000  -2.223129
19  1304.842277 918.744556 -0.079000  1.917757 4.493726 1.632000  -0.636417
20  1326.068858 894.601407 1.158000  0.513909 1.208232 1.633000  1.026687
21  1260.153444 924.455163 0.352000  1.887574 4.613398 1.566000  -2.414355
22  1329.948472 904.078798 1.336000  0.608230 0.380071 1.690000  2.878866
23  1294.333563 868.652377 -0.586000  1.914917 4.666324 1.520000  1.095404
24  1332.916785 904.832003 1.500000  0.495843 0.372468 1.717000  2.858364
25  1330.969511 903.828622 1.488000  0.725998 0.860616 1.794000  2.005852

31  25  1542801002.947855
1320.489489 903.284792 -2.703305
1  1329.966540 903.425148 1.307000  0.501379 0.687390 1.632000  1.929994
2  1340.084395 912.545413 1.802000  0.668338 0.985534 1.780000  -2.695504
3  1361.918846 963.611669 3.024000  2.537683 4.000697 1.513000  0.777867
4  1342.467684 899.809789 2.077000  0.631695 0.892702 1.598000  -1.714898
5  1273.991112 928.685928 0.497000  0.279689 1.232908 1.706000  2.497788
6  1318.974744 908.657471 0.788000  0.893422 2.023014 1.677000  1.012911
7  1310.777529 918.042253 0.489000  0.546083 0.650132 1.796000  -1.708565
8  1331.280143 905.506222 1.347000  0.697898 0.467154 1.757000  2.481167
9  1262.365189 810.473840 0.114000  2.313886 12.222321 4.364000  -2.382961
10  1299.388902 919.090820 1.568000  3.022765 11.034125 4.454000  -0.680492
11  1302.615482 894.570653 0.163000  0.457798 0.717121 1.713000  -1.055222
12  1284.256826 851.716624 -1.064000  1.617752 4.250501 1.641000  1.088468
13  1278.915298 908.439783 0.241000  0.652689 0.788439 1.615000  -0.738169
14  1324.211145 911.454635 1.240000  0.592964 0.644669 1.739000  2.589934
15  1298.252386 923.430896 -0.064000  1.819051 4.280889 1.444000  -0.656668
16  1282.517503 927.893242 0.233000  2.039463 4.982971 1.503000  2.423675
17  1381.594302 988.226591 4.045000  0.656359 3.779131 1.637000  1.061826
18  1324.673440 907.537610 1.198000  1.724163 4.551101 1.840000  -2.202186
19  1305.039769 918.703240 -0.081000  1.970478 4.382358 1.632000  -0.656437
20  1327.453339 896.054428 1.220000  0.465796 1.295232 1.633000  0.975167
21  1259.800447 923.680159 0.305000  1.084067 4.346274 1.566000  -2.405213
22  1329.946131 904.339240 1.336000  0.696049 0.326452 1.690000  2.921228
23  1296.643448 872.782778 -0.424000  1.596156 4.755088 1.520000  1.099579
24  1332.224892 904.663984 1.500000  0.587944 0.194922 1.717000  2.927117
25  1331.204510 903.716759 1.488000  0.829194 0.704479 1.794000  2.248732

32  24  1542801003.447741
1320.489639 903.284875 -2.703295
1  1329.613484 904.058962 1.307000  0.804261 0.616426 1.632000  1.995638
2  1339.994604 912.173640 1.774000  0.804424 0.907170 1.780000  -2.714585
3  1365.768812 967.130365 3.201000  1.749242 4.587843 1.513000  0.841038
4  1342.691352 899.438261 2.079000  0.630824 1.043515 1.598000  -1.665614
5  1271.822657 930.107567 0.570000  0.449187 1.167757 1.706000  2.434207
6  1322.308999 913.220378 0.996000  0.860930 1.787479 1.677000  0.973719
7  1310.600063 918.001170 0.489000  0.624734 0.624791 1.796000  -1.662447
8  1331.405997 905.427932 1.347000  0.544574 0.719730 1.757000  2.557934
9  1258.420829 811.233498 0.157000  3.126011 12.563307 4.364000  -2.333213
10  1298.757010 918.780171 1.568000  2.779739 11.127620 4.454000  -0.636283
11  1302.859492 894.396402 0.161000  0.340051 0.767467 1.713000  -1.051245
12  1286.656483 855.765097 -0.901000  2.475271 4.418048 1.641000  1.106970
13  1279.520093 907.479101 0.234000  0.551642 0.871494 1.615000  -0.709615
14  1324.110170 910.985209 1.241000  0.607253 0.619116 1.739000  2.527647
15  1298.653359 923.504839 -0.066000  1.981159 4.629312 1.444000  -0.648063
16  1278.605888 930.078805 0.311000  1.970378 4.260465 1.503000  2.438366
17  1324.869056 907.543921 1.198000  1.765576 4.794553 1.840000  -2.220418
18  1304.843724 918.567134 -0.083000  1.860236 4.620486 1.632000  -0.631338
19  1328.718068 897.293784 1.283000  0.247703 1.440019 1.633000  1.003789
20  1258.144539 922.359987 0.257000  1.628853 4.837631 1.566000  -2.359015
21  1329.800873 904.083857 1.336000  0.532318 0.517088 1.690000  2.926675
22  1298.838588 876.956438 -0.361000  1.861269 4.798755 1.520000  1.045968
23  1332.315622 904.596108 1.500000  0.812129 0.620339 1.717000  2.828227
24  1331.371125 903.797923 1.488000  0.695724 0.899531 1.794000  2.536596

33  24  1542801003.948191
1320.489785 903.284956 -2.703357
1  1329.809668 903.299489 1.307000  0.795290 0.763492 1.632000  1.902294
2  1339.094100 911.983737 1.745000  0.724139 0.953560 1.780000  -2.749109
3  1367.930518 970.073221 3.379000  1.385381 5.006200 1.513000  1.218393
4  1342.381097 898.723222 2.080000  0.661661 0.849484 1.598000  -1.719142
5  1268.204794 932.350915 0.643000  0.976248 1.133853 1.706000  2.595329
6  1326.029240 917.238987 1.204000  1.009238 1.959578 1.677000  0.901781
7  1310.709566 918.067045 0.489000  0.456947 0.479198 1.796000  -1.740893
8  1331.615658 905.583859 1.347000  0.665166 0.510691 1.757000  2.535464
9  1255.197852 807.563628 0.200000  3.092288 12.614602 4.364000  -2.534128
10  1299.568744 918.974855 1.568000  2.737715 10.874033 4.454000  -0.634399
11  1302.776230 894.358631 0.158000  0.634468 0.947662 1.713000  -1.154364
12  1289.700565 860.633789 -0.738000  2.068367 4.640464 1.641000  0.972180
13  1280.635149 906.981285 0.069000  0.812184 0.619740 1.615000  -0.557744
14  1324.184974 911.106191 1.242000  0.417874 0.854170 1.739000  2.559522
15  1298.821985 923.276665 -0.069000  1.900680 4.235134 1.444000  -0.678096
16  1275.571989 933.506739 0.390000  1.451601 4.335641 1.503000  2.462192
17  1324.687879 907.711174 1.198000  1.658295 4.685305 1.840000  -2.329014
18  1304.122249 918.117502 -0.084000  1.877259 4.345275 1.632000  -0.645446
19  1330.037363 899.314151 1.345000  0.484198 1.246283 1.633000  0.936271
20  1258.158718 921.595858 0.210000  2.086724 3.826119 1.566000  -2.253899
21  1329.931593 903.978799 1.336000  0.513579 0.287812 1.690000  2.970032
22  1301.403094 880.898726 -0.298000  1.926539 4.789230 1.520000  1.024867
23  1332.574728 904.259973 1.500000  0.576351 0.354151 1.717000  2.862130
24  1331.400687 903.468203 1.488000  0.767088 0.794732 1.794000  2.702138

34  25  1542801004.447480
1320.489958 903.285047 -2.703398
1  1329.302588 903.703208 1.307000  1.047503 0.687247 1.632000  1.953746
2  1338.776073 911.959447 1.717000  0.855842 0.802966 1.780000  -2.715453
3  1370.730130 974.724294 3.556000  2.181151 4.600798 1.513000  0.954895
4  1341.986459 898.210760 2.082000  0.530437 1.031690 1.598000  -1.691572
5  1265.766365 934.986081 0.717000  0.445625 0.867431 1.706000  2.540180
6  1329.802058 921.888472 1.412000  0.920344 1.939358 1.677000  0.911883
7  1310.915395 918.099138 0.489000  0.410146 0.547181 1.796000  -1.690119
8  1331.592135 905.338382 1.347000  0.472058 0.576972 1.757000  2.512657
9  1249.346011 806.562832 0.243000  2.917538 12.196621 4.364000  -2.494818
10  1299.184207 919.049057 1.568000  3.064331 10.843479 4.454000  -0.642235
11  1302.547100 894.217725 0.155000  0.307554 0.806973 1.713000  -1.187088
12  1292.373613 864.817364 -0.601000  1.966314 4.715494 1.641000  1.018352
13  1280.586417 907.907728 -0.095000  0.444403 0.855714 1.615000  -0.665354
14  1324.409923 911.274312 1.244000  0.701559 0.748501 1.739000  2.574914
15  1298.158060 923.201388 -0.071000  1.944920 4.383424 1.444000  -0.688593
16  1271.747767 937.394460 0.495000  1.590721 4.539732 1.503000  2.429223
17  1325.056236 907.782561 1.198000  1.552406 4.682998 1.840000  -2.187295
18  1304.581360 918.454246 -0.086000  1.952633 4.307403 1.632000  -0.656460
19  1330.932744 900.455398 1.408000  0.472161 1.118921 1.633000  1.002932
20  1279.299816 845.932758 -1.268000  1.929994 5.317466 1.281000  0.967298
21  1257.932102 919.768096 0.162000  1.557415 4.447139 1.566000  -2.274981
22  1329.960449 903.970289 1.336000  0.462107 0.439237 1.690000  2.848873
23  1303.817596 885.106609 -0.149000  2.055730 4.708643 1.520000  1.038014
24  1332.505380 904.324602 1.500000  0.650389 0.597109 1.717000  2.848684
25  1331.956147 903.827364 1.513000  0.713181 0.638880 1.794000  2.720574

35  24  1542801004.947354
1320.489964 903.285058 -2.703419
1  1329.444744 903.754021 1.307000  0.902044 0.628855 1.632000  1.923682
2  1337.923200 911.361749 1.688000  0.640895 0.679225 1.780000  -2.636744
3  1373.967181 978.429213 3.734000  1.990670 4.519713 1.513000  0.689711
4  1342.208547 897.632674 2.084000  0.439768 1.010540 1.598000  -1.680813
5  1263.651411 935.643380 0.790000  0.585537 1.019223 1.706000  2.282937
6  1333.414015 926.451606 1.620000  0.929639 2.007312 1.677000  0.833685
7  1310.799234 918.574294 0.489000  0.408522 0.334572 1.796000  -1.724271
8  1331.447795 905.660451 1.347000  0.674994 0.683040 1.757000  2.577721
9  1247.001565 806.147372 0.286000  3.640242 13.298810 4.364000  -3.353065
10  1298.898838 918.808128 1.568000  2.825412 10.731395 4.454000  -0.595868
11  1302.537456 894.471645 0.157000  0.431566 0.933492 1.713000  -1.232370
12  1294.501732 869.448296 -0.464000  1.955869 4.651589 1.641000  1.012431
13  1281.464553 906.584557 -0.085000  0.467844 1.095889 1.615000  -0.614078
14  1324.381793 910.872067 1.247000  0.693398 0.711878 1.739000  2.615744
15  1298.584188 922.839884 -0.074000  1.873979 4.159592 1.444000  -0.656693
16  1266.703641 941.236930 0.600000  1.832362 4.531459 1.503000  2.458781
17  1324.627025 907.456029 1.198000  1.654015 4.830150 1.840000  -2.226633
18  1304.731039 918.966185 -0.086000  1.921523 4.307015 1.632000  -0.652250
19  1332.118994 902.131922 1.391000  0.240180 1.295020 1.633000  0.882193
20  1281.831666 849.779575 -1.118000  1.984585 4.446047 1.281000  1.002043
21  1330.065797 903.948068 1.336000  0.569118 0.459787 1.690000  2.992853
22  1306.779271 889.611214 0.001000  2.034796 4.782182 1.520000  0.994301
23  1332.517803 905.087906 1.500000  0.662104 0.425206 1.717000  2.887084
24  1331.346352 903.240043 1.538000  0.782042 0.680660 1.794000  2.772566

36  23  1542801005.447229
1320.489940 903.285054 -2.703399
1  1329.339069 903.827071 1.307000  0.867338 0.638658 1.632000  1.960500
2  1337.333391 911.265468 1.660000  0.745679 0.659489 1.780000  -2.710893
3  1378.488121 984.385525 3.911000  1.248777 4.769651 1.513000  1.030207
4  1342.290647 897.395971 2.086000  0.491420 0.938788 1.598000  -1.714816
5  1261.126799 938.962500 0.863000  0.504103 1.615146 1.706000  2.504725
6  1337.096201 930.761469 1.829000  0.840182 1.894680 1.677000  0.843952
7  1310.814893 918.216518 0.489000  0.507434 0.412367 1.796000  -1.706448
8  1331.267801 905.461539 1.347000  0.472270 0.759479 1.757000  2.588312
9  1299.560301 918.780542 1.568000  2.916678 11.041404 4.454000  -0.654568
10  1302.755355 894.227869 0.160000  0.564631 0.914677 1.713000  -1.321783
11  1298.107227 874.546653 -0.355000  1.679720 4.659378 1.641000  1.098189
12  1282.059654 906.366085 -0.074000  0.364661 0.666121 1.615000  -0.641725
13  1324.619569 910.857894 1.249000  0.585881 0.701527 1.739000  2.627498
14  1298.770611 922.833693 -0.077000  1.744772 4.385956 1.444000  -0.582221
15  1263.265738 943.382576 0.706000  1.513157 4.221208 1.503000  2.401482
16  1324.427795 907.403553 1.198000  1.945840 4.727857 1.840000  -2.269251
17  1304.753375 918.759003 -0.086000  1.684053 4.537654 1.632000  -0.692016
18  1333.512316 903.976428 1.374000  0.584342 1.292467 1.633000  0.958573
19  1283.929438 852.869518 -0.968000  2.449339 4.579538 1.281000  1.189021
20  1329.760910 903.914720 1.336000  0.634899 0.449045 1.690000  2.931115
21  1309.071836 894.382089 0.201000  1.687106 4.816538 1.520000  1.019071
22  1332.333883 904.187197 1.500000  0.562949 0.467586 1.717000  2.819358
23  1331.488109 903.512785 1.538000  0.708322 0.763511 1.794000  2.750899

37  22  1542801005.947122
1320.489934 903.285058 -2.703350
1  1329.557799 904.084103 1.307000  0.750547 0.563871 1.632000  1.935932
2  1337.158187 910.726546 1.631000  0.879745 0.816745 1.780000  -2.616270
3  1341.819989 896.617048 2.087000  0.575851 0.960276 1.598000  -1.767827
4  1259.122477 940.510043 0.936000  0.200351 1.354915 1.706000  2.254851
5  1341.227385 934.953165 2.037000  0.861183 2.115918 1.677000  0.863772
6  1310.730324 918.144757 0.489000  0.418829 0.400054 1.796000  -1.680294
7  1331.014596 905.797626 1.347000  0.441720 0.610722 1.757000  2.534833
8  1299.218114 918.944278 1.568000  2.813604 10.989750 4.454000  -0.605531
9  1302.653690 894.318819 0.160000  0.207493 0.901565 1.713000  -1.465590
10  1299.846010 879.557476 -0.247000  1.625071 4.535798 1.641000  1.111434
11  1282.471077 905.750496 -0.064000  0.385836 0.631928 1.615000  -0.579589
12  1324.362417 911.155956 1.252000  0.515639 0.843053 1.739000  2.623099
13  1298.297441 923.225548 -0.079000  1.844389 4.118355 1.444000  -0.667846
14  1258.955013 947.260138 0.827000  1.599317 4.853959 1.503000  2.606251
15  1324.375114 907.093433 1.198000  1.686143 4.858370 1.840000  -2.228362
16  1304.719733 918.329466 -0.086000  1.993285 4.492974 1.632000  -0.620556
17  1334.050191 905.841261 1.358000  0.560281 1.278814 1.633000  0.890965
18  1287.378327 857.879217 -0.868000  2.212147 5.033914 1.281000  1.032251
19  1330.001081 904.179728 1.336000  0.541480 0.581015 1.690000  2.858550
20  1312.402844 898.974254 0.401000  1.875549 4.803783 1.520000  1.038412
21  1332.640751 904.571516 1.500000  0.471348 0.604301 1.717000  2.797348
22  1331.736162 903.697961 1.538000  0.778304 0.664132 1.794000  2.772372

38  22  1542801006.446992
1320.489831 903.285015 -2.703378
1  1329.344212 903.787772 1.307000  0.580831 0.590183 1.632000  2.007693
2  1336.288377 910.294981 1.631000  0.681038 0.720782 1.780000  -2.535937
3  1341.517839 895.652272 2.089000  0.699823 0.987700 1.598000  -1.787751
4  1256.330441 943.414315 1.010000  0.338802 1.029577 1.706000  2.433469
5  1345.550102 938.721837 2.245000  1.071355 1.691417 1.677000  0.757362
6  1310.690705 918.055802 0.489000  0.428969 0.300341 1.796000  -1.690531
7  1331.118484 905.209968 1.347000  0.556503 0.525604 1.757000  2.572690
8  1299.587007 918.649628 1.568000  2.820641 10.997733 4.454000  -0.624941
9  1302.550406 894.386543 0.135000  0.337805 0.867876 1.713000  -1.642412
10  1302.691488 884.040896 -0.139000  1.856757 4.589093 1.641000  1.041277
11  1283.387390 905.111232 -0.054000  0.528864 0.764899 1.615000  -0.676770
12  1324.255188 911.247136 1.255000  0.504693 0.738771 1.739000  2.522195
13  1298.605395 923.166045 -0.082000  2.065642 4.325112 1.444000  -0.749769
14  1255.358878 950.831186 0.949000  1.954996 4.294398 1.503000  2.291285
15  1324.931155 907.705233 1.198000  1.886500 4.726960 1.840000  -2.189157
16  1304.555200 918.428250 -0.086000  1.719483 4.405916 1.632000  -0.700503
17  1335.898735 906.975256 1.508000  0.437851 1.352670 1.633000  0.871530
18  1290.097931 862.311224 -0.768000  1.518582 4.794350 1.281000  1.060217
19  1330.066014 903.601283 1.336000  0.486541 0.381369 1.690000  2.946521
20  1315.503450 903.155942 0.565000  1.872954 4.713456 1.520000  0.956349
21  1332.737452 904.567001 1.500000  0.597749 0.374596 1.717000  2.843811
22  1331.371738 903.649547 1.538000  0.791103 0.950894 1.794000  2.814958

39  22  1542801006.946864
1320.489987 903.285093 -2.703423
1  1329.462534 903.918895 1.307000  0.565849 0.765648 1.632000  1.889332
2  1335.997420 910.352168 1.631000  0.941114 0.710360 1.780000  -2.451963
3  1341.143209 894.940258 2.091000  0.443447 0.966702 1.598000  -1.822324
4  1254.822049 944.868827 1.083000  0.019632 1.258065 1.706000  2.349992
5  1348.515043 944.382951 2.453000  0.999651 2.022229 1.677000  0.816418
6  1311.042799 917.916357 0.489000  0.369298 0.492223 1.796000  -1.727323
7  1331.665038 905.224487 1.347000  0.626140 0.801293 1.757000  2.547811
8  1299.305771 919.078808 1.568000  2.610890 10.734009 4.454000  -0.685510
9  1302.398010 894.072016 0.110000  0.399240 0.826341 1.713000  -1.798336
10  1305.604992 888.916188 0.036000  1.900729 4.673523 1.641000  1.030259
11  1283.965244 904.607696 -0.043000  0.371402 0.897576 1.615000  -0.722435
12  1324.264002 911.258685 1.258000  0.487426 0.821790 1.739000  2.592661
13  1298.205321 923.110267 -0.084000  1.921715 4.291825 1.444000  -0.635150
14  1252.952018 953.829011 1.071000  1.179043 4.597960 1.503000  2.156726
15  1324.255529 907.368609 1.198000  1.825207 4.751855 1.840000  -2.227284
16  1304.616222 918.735544 -0.086000  1.796820 4.721159 1.632000  -0.654284
17  1337.294518 909.267684 1.658000  0.396157 1.209015 1.633000  0.862602
18  1293.640651 867.351890 -0.618000  1.917347 4.608361 1.281000  0.992929
19  1330.230501 904.276588 1.336000  0.592980 0.452230 1.690000  2.972503
20  1318.878288 907.715885 0.728000  1.761037 4.677740 1.520000  0.979286
21  1332.454258 904.535509 1.500000  0.625700 0.378501 1.717000  2.867925
22  1330.934633 903.733508 1.538000  0.786373 0.882703 1.794000  2.788284

40  21  1542801007.446751
1320.490029 903.285117 -2.703449
1  1329.358406 903.947929 1.307000  0.946810 0.626455 1.632000  2.407663
2  1335.548276 909.886583 1.631000  0.901549 0.908672 1.780000  -2.388178
3  1341.426187 894.579300 2.093000  0.617728 1.068758 1.598000  -1.806753
4  1251.475634 947.294654 1.156000  0.609507 0.470996 1.706000  2.197380
5  1352.649635 947.464755 2.661000  1.122903 1.691215 1.677000  0.775987
6  1310.697225 917.999051 0.489000  0.484345 0.423032 1.796000  -1.645040
7  1331.747816 905.204548 1.347000  0.570910 0.588016 1.757000  2.589454
8  1299.064027 919.045270 1.568000  2.885434 10.956680 4.454000  -0.671135
9  1302.258362 893.651732 0.110000  0.399233 0.997196 1.713000  -1.809920
10  1308.131935 893.426170 0.211000  1.834398 4.350264 1.641000  1.065352
11  1284.474132 904.842444 -0.033000  0.534290 0.688957 1.615000  -0.705344
12  1324.244767 911.231728 1.261000  0.537532 0.785577 1.739000  2.609750
13  1298.297231 923.233536 -0.087000  1.886067 4.355878 1.444000  -0.697657
14  1324.475092 907.348842 1.198000  1.680557 4.532779 1.840000  -2.296636
15  1304.417001 918.533744 -0.086000  1.963327 4.412020 1.632000  -0.674317
16  1338.441538 910.349473 1.658000  0.595061 1.358329 1.633000  0.812040
17  1297.500159 872.037566 -0.468000  1.785006 4.945459 1.281000  0.980686
18  1330.000205 903.849760 1.336000  0.674358 0.451791 1.690000  2.920269
19  1322.195140 912.125679 0.891000  1.804746 4.825390 1.520000  0.936423
20  1332.590214 904.823016 1.500000  0.771311 0.426721 1.717000  2.899080
21  1331.145140 903.422079 1.538000  0.720249 0.834275 1.794000  2.706602

