40
1 0 1542800847.935437
1526.536335 1212.924156 2.967146

2 43 1542800848.461120
1526.455775 1212.940989 2.966795
1 1522.786999 1222.615683 0.076013 0.052009
2 1515.319231 1209.507852 0.322054 0.978165
3 1500.814000 1206.680368 0.000000 0.028005
4 1496.687554 1238.649349 -0.110019 -0.430072
5 1511.158600 1234.925126 -1.248210 0.314053
6 1521.662299 1231.394962 1.012170 -0.840141
7 1536.333000 1225.684000 0.000000 0.000000
8 1537.884314 1211.391891 -1.422239 0.220037
9 1513.715124 1235.565225 -1.132191 0.702118
10 1523.595975 1238.721000 -0.078013 0.000000
11 1519.727534 1229.805716 1.106186 -0.326055
12 1499.761899 1242.168062 -0.236040 0.994167
13 1515.927201 1233.092044 -0.974164 0.536090
14 1523.995815 1222.688499 0.062010 0.038006
15 1489.592669 1226.801382 0.888149 -0.808136
16 1529.130123 1270.970098 -1.056178 -5.776972
17 1500.179424 1253.215842 -0.196033 -1.534258
18 1517.123541 1214.218817 -0.872147 -0.090015
19 1520.819000 1240.428000 0.000000 0.000000
20 1502.434094 1214.473520 -0.906153 0.344058
21 1509.095186 1234.185963 -1.660279 0.606102
22 1491.018560 1229.956749 -0.414070 -0.704119
23 1511.507990 1234.183331 -0.990167 0.634107
24 1490.656000 1216.239000 0.000000 0.000000
25 1540.568737 1246.761202 -0.020003 -1.050177
26 1541.877188 1253.146390 -0.214036 -1.264213
27 1501.427160 1224.336869 -0.140024 1.512255
28 1523.816485 1216.758235 -3.768634 1.692285
29 1537.278156 1233.586347 0.088015 1.244209
30 1508.833519 1235.247808 -1.102186 0.442074
31 1511.736953 1208.649193 1.214204 -0.518087
32 1518.178174 1233.476407 0.622105 -0.730123
33 1496.189531 1239.697360 -0.264044 -1.038175
34 1527.381000 1246.920000 0.000000 0.000000
35 1497.191000 1207.268000 0.000000 0.000000
36 1494.609000 1208.402000 0.000000 0.000000
37 1510.582562 1212.547405 -0.566095 0.944159
38 1509.017043 1236.801013 -0.986166 0.762128
39 1495.754003 1237.304600 -0.152026 -1.248210
40 1496.097000 1223.500000 0.000000 0.000000
41 1509.396783 1232.930329 -1.158195 0.786132
42 1516.380885 1233.761071 -0.998168 0.462078
43 1499.102701 1244.725279 0.586099 0.630106

3 40 1542800848.911249
1526.388117 1212.954667 2.966045
1 1522.821214 1222.639094 0.076013 0.052009
2 1515.464197 1209.948152 0.322054 0.978165
3 1500.814000 1206.692974 0.000000 0.028005
4 1496.638032 1238.455761 -0.110019 -0.430072
5 1510.596744 1235.066491 -1.248210 0.314053
6 1522.117906 1231.016790 1.012170 -0.840141
7 1537.244122 1211.490936 -1.422239 0.220037
8 1513.205493 1235.881269 -1.132191 0.702118
9 1523.560859 1238.721000 -0.078013 0.000000
10 1515.488701 1233.333353 -0.974164 0.536090
11 1524.023727 1222.705607 0.062010 0.038006
12 1489.992451 1226.437617 0.888149 -0.808136
13 1528.654707 1268.369715 -1.056178 -5.776972
14 1516.730962 1214.178299 -0.872147 -0.090015
15 1520.819000 1240.428000 0.000000 0.000000
16 1527.363137 1232.431844 0.842142 0.850143
17 1502.026209 1214.628391 -0.906153 0.344058
18 1508.347846 1234.458788 -1.660279 0.606102
19 1490.832175 1229.639805 -0.414070 -0.704119
20 1511.062288 1234.468761 -0.990167 0.634107
21 1494.286686 1200.845267 -0.046008 0.020003
22 1490.656000 1216.239000 0.000000 0.000000
23 1501.364132 1225.017579 -0.140024 1.512255
24 1522.120113 1217.519981 -3.768634 1.692285
25 1537.317774 1234.146402 0.088015 1.244209
26 1512.887947 1233.944761 -1.008170 0.634107
27 1512.283502 1208.415987 1.214204 -0.518087
28 1534.717961 1209.181197 -1.554262 0.322054
29 1534.502607 1227.395680 0.038006 0.036006
30 1499.225425 1249.389436 -0.148025 -1.376232
31 1536.542806 1225.055880 -0.022004 -0.024004
32 1518.458201 1233.147758 0.622105 -0.730123
33 1496.070677 1239.230047 -0.264044 -1.038175
34 1497.191000 1207.268000 0.000000 0.000000
35 1494.609000 1208.402000 0.000000 0.000000
36 1510.327746 1212.972398 -0.566095 0.944159
37 1507.290009 1237.624835 -0.846142 0.632106
38 1508.875446 1233.284190 -1.158195 0.786132
39 1515.931581 1233.969066 -0.998168 0.462078
40 1499.366521 1245.008908 0.586099 0.630106

4 35 1542800849.436422
1526.178919 1212.993665 2.964094
1 1522.824000 1222.641000 0.000000 0.000000
2 1515.587544 1210.310804 0.228328 0.668960
3 1500.814000 1206.707698 0.000000 0.028040
4 1496.581163 1238.229632 -0.108155 -0.430618
5 1509.940444 1235.229661 -1.249794 0.310446
6 1522.683366 1230.545695 1.081553 -0.901294
7 1536.333000 1225.684000 0.000000 0.000000
8 1536.637216 1211.586083 -1.135630 0.178256
9 1523.519840 1238.720022 -0.078112 -0.002003
10 1520.805129 1229.487512 1.103584 -0.326469
11 1524.056332 1222.725591 0.062089 0.038055
12 1528.099376 1265.336135 -1.057518 -5.776293
13 1499.987133 1251.719503 -0.198285 -1.534203
14 1527.769727 1232.911132 0.769104 0.917317
15 1501.550738 1214.809294 -0.905300 0.344495
16 1510.541665 1234.801192 -0.991423 0.632909
17 1494.319246 1200.830345 0.070101 -0.032046
18 1540.521819 1245.615961 -0.076109 -1.297863
19 1541.681025 1251.884241 -0.188270 -1.323901
20 1501.290508 1225.811734 -0.140201 1.512171
21 1537.364052 1234.799621 0.088127 1.243786
22 1512.925836 1208.016381 1.223757 -0.779119
23 1501.993447 1221.070391 -0.320460 0.893283
24 1534.521612 1227.415591 0.036052 0.038055
25 1499.147594 1248.665823 -0.148213 -1.377978
26 1496.036539 1238.982611 -0.050072 -0.428615
27 1527.385892 1246.919022 0.010014 -0.002003
28 1498.580355 1251.684124 0.524753 -0.290417
29 1497.191000 1207.268000 0.000000 0.000000
30 1494.609000 1208.402000 0.000000 0.000000
31 1509.995851 1213.255528 -0.636914 0.508730
32 1508.103544 1237.598606 -0.887274 0.873254
33 1495.604659 1236.086444 -0.154221 -1.249794
34 1508.216573 1233.610450 -1.261812 0.608874
35 1515.407729 1234.212023 -0.997432 0.462664

5 45 1542800849.960948
1525.700073 1213.079569 2.961107
1 1522.822640 1222.642221 -0.097917 0.087925
2 1500.814000 1206.722389 0.000000 0.027976
3 1496.523474 1238.004033 -0.109906 -0.429634
4 1509.276990 1235.396273 -1.512711 0.379676
5 1536.334972 1225.694833 -0.001998 -0.011990
6 1536.117960 1211.650331 -1.298893 0.167857
7 1486.129278 1193.112555 -0.051956 0.039966
8 1512.002902 1236.606464 -1.159012 0.681419
9 1499.011785 1221.660160 -0.591496 0.587499
10 1521.385348 1229.317476 1.105058 -0.325722
11 1514.245039 1234.013413 -0.933205 0.317729
12 1484.436530 1186.092193 -0.177848 0.085927
13 1524.086474 1222.745250 -0.109906 0.017985
14 1490.445696 1225.380072 -0.165859 -1.434777
15 1527.550257 1262.325079 -0.629464 -4.386262
16 1499.879201 1250.913046 -0.561522 -1.580653
17 1515.605101 1214.002754 -1.504718 -0.305739
18 1520.819000 1240.428000 0.000000 0.000000
19 1497.323694 1235.032850 0.049957 -1.450764
20 1501.076427 1214.989802 -0.905229 0.345705
21 1506.661936 1235.036052 -1.660585 0.291751
22 1510.039843 1235.260183 -0.803315 1.021130
23 1490.656000 1216.239000 0.000000 0.000000
24 1541.644807 1251.095154 -0.085927 -1.284905
25 1501.217029 1226.604982 -0.141879 1.510713
26 1518.319511 1219.626749 -3.347148 2.429929
27 1537.597776 1235.370985 0.127891 1.294897
28 1507.153991 1235.848111 -1.584650 0.007993
29 1511.819348 1234.577909 -1.270917 0.641453
30 1506.283177 1237.842489 -0.923213 0.971172
31 1513.515489 1207.500426 0.971172 -0.833290
32 1501.735893 1221.756601 -0.367687 0.907227
33 1534.503528 1227.404667 -0.033971 -0.023980
34 1536.520444 1225.030500 0.031973 0.035969
35 1519.791738 1232.576621 1.061096 -0.819302
36 1496.007337 1238.756977 -0.335714 -0.433630
37 1527.390139 1246.917944 0.009991 -0.003997
38 1494.609000 1208.402000 0.000000 0.000000
39 1509.464067 1213.625214 -1.003145 0.735373
40 1506.529423 1238.430682 -0.545535 1.057099
41 1495.404616 1235.424487 -0.387670 -1.260926
42 1508.370371 1238.709549 -0.837287 0.543537
43 1496.097000 1223.500000 0.000000 0.000000
44 1514.882485 1234.454744 -1.117048 0.485586
45 1499.496276 1245.848046 0.163860 0.795322

6 47 1542800850.411747
1525.023317 1213.205887 2.957568
1 1522.778499 1222.681858 -0.097917 0.087925
2 1500.814000 1206.735000 0.000000 0.027976
3 1508.595061 1235.567431 -1.512711 0.379676
4 1523.537220 1229.714851 0.861266 -0.863264
5 1536.334071 1225.689428 -0.001998 -0.011990
6 1486.105857 1193.130572 -0.051956 0.039966
7 1511.480421 1236.913647 -1.159012 0.681419
8 1523.442785 1238.718071 -0.077934 -0.001998
9 1498.745139 1221.925004 -0.591496 0.587499
10 1521.883507 1229.170641 1.105058 -0.325722
11 1513.824351 1234.156645 -0.933205 0.317729
12 1484.356356 1186.130929 -0.177848 0.085927
13 1524.036928 1222.753357 -0.109906 0.017985
14 1490.370927 1224.733276 -0.165859 -1.434777
15 1499.626068 1250.200489 -0.561522 -1.580653
16 1514.926776 1213.864927 -1.504718 -0.305739
17 1520.819000 1240.428000 0.000000 0.000000
18 1528.116431 1233.937364 0.351700 1.053103
19 1497.346215 1234.378847 0.049957 -1.450764
20 1500.668351 1215.145645 -0.905229 0.345705
21 1505.913346 1235.167573 -1.660585 0.291751
22 1490.456570 1228.477709 -0.155867 -0.803315
23 1509.677709 1235.720507 -0.803315 1.021130
24 1541.606071 1250.515920 -0.085927 -1.284905
25 1537.655429 1235.954723 0.127891 1.294897
26 1506.439632 1235.851714 -1.584650 0.007993
27 1511.246420 1234.867076 -1.270917 0.641453
28 1505.866994 1238.280292 -0.923213 0.971172
29 1513.953292 1207.124780 0.971172 -0.833290
30 1501.570140 1222.165578 -0.367687 0.907227
31 1532.635847 1209.484287 -1.534692 0.187840
32 1534.488214 1227.393857 -0.033971 -0.023980
33 1498.806925 1247.440492 -0.585501 -1.161011
34 1520.270079 1232.207280 1.061096 -0.819302
35 1495.855998 1238.561497 -0.335714 -0.433630
36 1527.394643 1246.916143 0.009991 -0.003997
37 1499.226505 1251.594712 0.685416 -0.299745
38 1497.191000 1207.268000 0.000000 0.000000
39 1494.609000 1208.402000 0.000000 0.000000
40 1509.011850 1213.956719 -1.003145 0.735373
41 1506.283496 1238.907221 -0.545535 1.057099
42 1495.229855 1234.856063 -0.387670 -1.260926
43 1507.992923 1238.954575 -0.837287 0.543537
44 1496.097000 1223.500000 0.000000 0.000000
45 1506.892419 1233.929144 -1.382822 0.219813
46 1514.378921 1234.673646 -1.117048 0.485586
47 1499.570144 1246.206577 0.163860 0.795322

7 50 1542800850.936907
1523.986868 1213.408209 2.951196
1 1522.775000 1222.685000 0.000000 0.000000
2 1515.526670 1210.284665 -0.064014 0.032007
3 1500.814000 1206.749707 0.000000 0.028006
4 1491.046000 1193.731000 0.000000 0.000000
5 1496.473916 1237.807728 0.008002 0.026006
6 1508.059306 1235.854156 -0.984211 0.558119
7 1524.168160 1229.350143 1.226263 -0.682146
8 1536.333021 1225.684105 -0.002000 -0.010002
9 1534.850594 1211.815220 -1.298278 0.170036
10 1486.079524 1193.150602 -0.050011 0.038008
11 1510.871149 1237.270878 -1.160248 0.680146
12 1523.401817 1238.718000 -0.078017 0.000000
13 1498.495880 1222.483501 -0.466100 1.098235
14 1522.463438 1228.999414 1.104236 -0.326070
15 1499.306571 1244.255433 -0.150032 0.818175
16 1513.253499 1234.374580 -1.098235 0.422090
17 1484.263843 1186.175120 -0.176038 0.084018
18 1523.979152 1222.762811 -0.110024 0.018004
19 1526.836714 1258.061558 -0.832178 -4.350932
20 1520.819000 1240.428000 0.000000 0.000000
21 1528.300334 1234.490961 0.350075 1.054226
22 1500.193468 1215.326397 -0.904194 0.344074
23 1490.479393 1228.113185 0.058012 -0.686147
24 1509.067442 1236.192679 -1.188254 0.890191
25 1494.304801 1200.837183 -0.172037 0.078017
26 1490.656000 1216.239000 0.000000 0.000000
27 1540.364257 1243.880353 -0.120026 -1.084232
28 1541.560901 1249.841447 -0.086018 -1.284275
29 1501.079466 1228.080165 -0.140030 1.512324
30 1515.324241 1222.137576 -2.792598 2.714581
31 1505.962986 1235.907806 -0.858184 0.114024
32 1510.580280 1235.205255 -1.268272 0.644138
33 1505.479583 1238.693894 -0.724155 0.774166
34 1514.271926 1206.455678 0.580124 -1.306280
35 1501.267200 1222.889212 -0.592127 1.412302
36 1531.867270 1209.584010 -1.458312 0.190041
37 1534.469377 1227.382230 -0.036008 -0.022005
38 1498.500116 1246.830170 -0.584125 -1.162249
39 1536.552644 1225.066602 0.034007 0.038008
40 1495.679519 1238.333545 -0.336072 -0.434093
41 1527.398916 1246.915021 0.008002 -0.002000
42 1499.642622 1251.535047 0.800171 -0.100021
43 1497.191000 1207.268000 0.000000 0.000000
44 1494.609000 1208.402000 0.000000 0.000000
45 1508.496264 1214.356019 -0.980210 0.762163
46 1505.997697 1239.461940 -0.544116 1.056226
47 1507.035949 1239.105302 -0.568122 0.926198
48 1507.543965 1239.636819 -0.856183 1.354290
49 1513.793667 1234.927931 -1.114239 0.484104
50 1499.663136 1246.543402 0.178038 0.630135

8 48 1542800851.461610
1522.637527 1213.673712 2.948292
1 1522.647834 1222.614124 -0.188921 -0.076372
2 1515.493263 1210.302369 -0.064314 0.032157
3 1500.812525 1206.764138 -0.128627 0.012059
4 1496.432055 1237.839691 -0.082402 0.060294
5 1507.304204 1235.971974 -1.290292 0.695391
6 1536.333000 1225.684000 0.000000 0.000000
7 1486.052401 1193.171461 -0.052255 0.040196
8 1510.239992 1237.588581 -1.483232 0.225098
9 1523.401000 1238.718000 0.000000 0.000000
10 1498.303165 1223.083538 -0.247205 1.529458
11 1522.879412 1228.869759 0.733577 -0.369803
12 1499.265853 1244.690855 0.074363 0.946616
13 1512.503067 1234.712393 -0.866224 0.470293
14 1484.169972 1186.219968 -0.176862 0.084412
15 1523.921825 1222.772161 -0.102500 0.014069
16 1489.620501 1223.517762 -0.566764 -1.067204
17 1526.297422 1255.817090 -0.922498 -2.869994
18 1499.035570 1248.541863 -0.560734 -1.581713
19 1513.073064 1213.123619 -2.174604 -1.254115
20 1520.819000 1240.428000 0.000000 0.000000
21 1528.410488 1234.998907 -0.219068 1.561615
22 1497.248429 1232.834504 0.124608 -1.264164
23 1504.222222 1235.679194 -1.463134 0.365784
24 1508.408974 1236.611020 -1.310390 0.699410
25 1494.214686 1200.878599 -0.114559 0.052255
26 1490.656000 1216.239000 0.000000 0.000000
27 1540.126616 1243.307278 -0.556715 -1.109410
28 1541.403405 1249.151951 -0.313529 -1.312399
29 1500.904913 1228.784515 0.166813 1.527448
30 1513.983996 1223.663426 -1.744506 2.827789
31 1504.992421 1235.834851 -1.358625 -0.797891
32 1505.068980 1239.251906 -0.699410 1.125488
33 1500.959359 1223.627805 -0.317548 1.203870
34 1531.009217 1209.701558 -1.637987 0.223088
35 1498.193294 1246.220702 -0.584852 -1.159655
36 1520.944614 1231.372436 0.576813 -0.834067
37 1495.505640 1238.106114 -0.118578 -0.426078
38 1527.401788 1246.914553 -0.192941 0.048235
39 1499.968274 1251.650914 0.721518 0.602940
40 1497.191000 1207.268000 0.000000 0.000000
41 1494.609000 1208.402000 0.000000 0.000000
42 1507.992260 1214.771380 -0.936567 0.817989
43 1500.417380 1216.918208 -1.187792 0.454215
44 1506.684565 1239.630113 -0.735587 1.143576
45 1494.821824 1233.532186 -0.538626 -1.117449
46 1505.169816 1233.789285 -1.585732 -0.498430
47 1513.190697 1235.207043 -1.334507 0.701420
48 1499.737290 1247.012781 -0.323578 0.765734

9 49 1542800851.917205
1521.422200 1213.917700 2.948369
1 1522.561762 1222.579329 -0.188921 -0.076372
2 1515.463962 1210.317019 -0.064314 0.032157
3 1491.046000 1193.731000 0.000000 0.000000
4 1496.394513 1237.867161 -0.082402 0.060294
5 1525.015009 1228.490949 0.852155 -0.817989
6 1536.333000 1225.684000 0.000000 0.000000
7 1532.919732 1212.153395 -2.122349 0.347695
8 1486.028594 1193.189774 -0.052255 0.040196
9 1499.762699 1216.245663 -1.236027 0.273333
10 1498.190540 1223.780352 -0.247205 1.529458
11 1512.108420 1234.926656 -0.866224 0.470293
12 1484.089394 1186.258425 -0.176862 0.084412
13 1523.875126 1222.778571 -0.102500 0.014069
14 1489.362286 1223.031550 -0.566764 -1.067204
15 1525.877136 1254.509535 -0.922498 -2.869994
16 1498.780102 1247.821242 -0.560734 -1.581713
17 1520.819000 1240.428000 0.000000 0.000000
18 1497.305199 1232.258557 0.124608 -1.264164
19 1499.305646 1215.664457 -0.906420 0.345686
20 1503.555626 1235.845844 -1.463134 0.365784
21 1490.463349 1227.437025 -0.044216 -0.689361
22 1507.811967 1236.929668 -1.310390 0.699410
23 1494.162494 1200.902406 -0.114559 0.052255
24 1490.656000 1216.239000 0.000000 0.000000
25 1539.872980 1242.801837 -0.556715 -1.109410
26 1541.260563 1248.554028 -0.313529 -1.312399
27 1500.980912 1229.480413 0.166813 1.527448
28 1513.189207 1224.951753 -1.744506 2.827789
29 1538.642726 1237.036530 0.795881 0.572793
30 1504.373438 1235.471336 -1.358625 -0.797891
31 1509.334741 1235.835384 -1.270194 0.643136
32 1504.750332 1239.764673 -0.699410 1.125488
33 1514.187210 1205.153315 -0.170833 -1.354605
34 1500.814685 1224.176282 -0.317548 1.203870
35 1530.262958 1209.803196 -1.637987 0.223088
36 1534.272647 1227.431077 -0.381862 0.128627
37 1497.926838 1245.692369 -0.584852 -1.159655
38 1536.553000 1225.067000 0.000000 0.000000
39 1521.207407 1230.992439 0.576813 -0.834067
40 1495.451617 1237.911995 -0.118578 -0.426078
41 1500.296994 1251.925610 0.721518 0.602940
42 1494.609000 1208.402000 0.000000 0.000000
43 1507.565565 1215.144051 -0.936567 0.817989
44 1499.876228 1217.125146 -1.187792 0.454215
45 1505.229968 1240.469676 -0.785832 1.027008
46 1506.349435 1240.151121 -0.735587 1.143576
47 1504.447365 1233.562202 -1.585732 -0.498430
48 1512.582702 1235.526607 -1.334507 0.701420
49 1499.589869 1247.361645 -0.323578 0.765734

10 57 1542800852.437379
1520.010169 1214.196032 2.958341
1 1522.553064 1222.589722 -0.005995 0.025980
2 1515.358269 1210.348336 -0.211836 0.061952
3 1500.687370 1206.776850 -0.127901 0.013989
4 1491.046000 1193.731000 0.000000 0.000000
5 1496.224661 1237.689918 -0.341736 -0.365718
6 1505.993943 1236.532140 -1.394923 0.453650
7 1525.502896 1228.071627 0.943272 -0.805378
8 1536.333000 1225.684000 0.000000 0.000000
9 1531.710047 1212.349933 -2.338195 0.379707
10 1486.027000 1193.191000 0.000000 0.000000
11 1523.401000 1238.718000 0.000000 0.000000
12 1499.154481 1216.553449 -1.165101 0.611528
13 1498.168321 1224.349568 -0.029977 1.067176
14 1523.560893 1228.450245 0.663488 -0.489622
15 1499.366587 1245.610938 0.131898 0.939275
16 1511.612276 1235.149440 -0.959259 0.425671
17 1484.084000 1186.261000 0.000000 0.000000
18 1489.055337 1222.350193 -0.591543 -1.324977
19 1525.397869 1253.017720 -0.921289 -2.867786
20 1498.577067 1247.058628 -0.379707 -1.458874
21 1510.839732 1211.516815 -2.402146 -2.036428
22 1520.819000 1240.428000 0.000000 0.000000
23 1528.409688 1236.249253 0.215833 1.003226
24 1497.369673 1231.601530 0.123904 -1.263025
25 1498.835676 1215.843318 -0.903303 0.343735
26 1502.868065 1236.172107 -1.312986 0.643503
27 1490.492336 1227.354349 0.061952 -0.125903
28 1507.125151 1237.339501 -1.320980 0.793388
29 1494.102242 1200.929443 -0.115911 0.051960
30 1490.656000 1216.239000 0.000000 0.000000
31 1501.069180 1230.274644 0.169869 1.526821
32 1512.538080 1226.371821 -1.221057 2.723897
33 1539.075073 1237.027578 0.833357 -0.053958
34 1504.043315 1235.202352 -0.589545 -0.499614
35 1508.673615 1236.169128 -1.271019 0.641505
36 1504.556768 1240.356798 -0.351728 1.139121
37 1514.085119 1204.466129 -0.197847 -1.318982
38 1500.649404 1224.801134 -0.317755 1.201073
39 1529.489820 1209.900030 -1.476860 0.183858
40 1534.278615 1227.405642 0.035972 -0.059954
41 1497.817012 1245.033637 -0.187855 -1.273017
42 1536.553000 1225.067000 0.000000 0.000000
43 1521.703532 1230.472811 0.977246 -1.009221
44 1495.392220 1237.265851 -0.113912 -1.293002
45 1527.214055 1246.962465 -0.191852 0.049961
46 1497.191000 1207.268000 0.000000 0.000000
47 1494.609000 1208.402000 0.000000 0.000000
48 1507.209172 1215.531079 -0.669483 0.739429
49 1499.207829 1217.412027 -1.291003 0.557570
50 1504.997560 1241.032376 -0.425671 1.085162
51 1505.967857 1240.745755 -0.733434 1.143118
52 1494.296759 1232.441967 -0.537585 -1.117138
53 1506.795532 1241.252168 -0.329745 1.011219
54 1496.097000 1223.500000 0.000000 0.000000
55 1503.611233 1233.197643 -1.608758 -0.713449
56 1511.981267 1235.849406 -1.145116 0.615525
57 1499.718960 1247.777415 0.283781 0.801381

11 50 1542800852.962536
1518.607954 1214.432226 3.014071
1 1522.551657 1222.607760 0.110036 0.316104
2 1515.269241 1210.427608 0.016005 -0.026009
3 1500.620072 1206.783181 -0.128042 0.012004
4 1491.046000 1193.731000 0.000000 0.000000
5 1495.993930 1237.349340 -1.266418 -1.106365
6 1536.333000 1225.684000 0.000000 0.000000
7 1530.256787 1212.583019 -3.069013 0.466154
8 1486.027000 1193.191000 0.000000 0.000000
9 1508.416184 1238.497593 -1.050347 0.836276
10 1523.401000 1238.718000 0.000000 0.000000
11 1498.629997 1216.700127 -0.996329 0.274090
12 1524.075274 1228.193523 1.014335 -0.430142
13 1499.554223 1245.999406 -0.118039 0.890294
14 1511.099044 1235.376273 -1.524503 0.682225
15 1484.084000 1186.261000 0.000000 0.000000
16 1488.799727 1222.023044 -0.682225 -1.524503
17 1524.919197 1251.530803 -0.518171 -1.540508
18 1498.371588 1246.288724 -0.824272 -1.678554
19 1509.563174 1210.144044 -2.312763 -3.583182
20 1520.849934 1240.415608 0.062020 -0.026009
21 1528.516812 1236.779804 -0.278092 1.182390
22 1498.341696 1216.173326 -1.016335 0.088029
23 1502.422635 1236.712116 -1.352446 0.406134
24 1492.064245 1210.951328 -0.714236 -1.306431
25 1490.519663 1227.284982 0.044015 -0.134044
26 1506.490762 1237.842599 -1.078356 1.102364
27 1494.042253 1200.956813 -0.116038 0.054018
28 1490.656000 1216.239000 0.000000 0.000000
29 1540.910577 1247.187418 -0.360119 -1.300429
30 1501.106879 1231.080733 -0.340112 1.310432
31 1512.138624 1227.665657 -0.888293 2.168716
32 1503.483929 1234.819491 -1.598527 -1.096362
33 1507.987678 1236.572845 -1.150380 0.720238
34 1500.412161 1225.486702 -0.454150 1.308432
35 1528.714159 1209.997826 -1.450479 0.254084
36 1497.718198 1244.366840 -0.186061 -1.272420
37 1536.553000 1225.067000 0.000000 0.000000
38 1522.088242 1230.026776 0.348115 -0.546180
39 1495.323004 1236.583375 -0.730241 -1.502496
40 1527.147132 1246.986693 -0.124041 0.046015
41 1500.789403 1252.880497 -0.106035 1.228405
42 1497.191000 1207.268000 0.000000 0.000000
43 1494.609000 1208.402000 0.000000 0.000000
44 1506.828667 1216.007147 -0.686226 0.740244
45 1498.694329 1217.651869 -0.974321 0.456151
46 1505.791018 1241.436215 -0.198065 1.342443
47 1493.998474 1231.907726 -0.566187 -1.014335
48 1496.097000 1223.500000 0.000000 0.000000
49 1503.193039 1232.590124 -1.126372 -1.054348
50 1511.338563 1236.140315 -1.224404 0.552182

12 44 1542800853.412456
1517.432768 1214.536862 3.111417
1 1515.276442 1210.415907 0.016005 -0.026009
2 1500.562463 1206.788582 -0.128042 0.012004
3 1491.046000 1193.731000 0.000000 0.000000
4 1504.384716 1236.388717 -1.856613 -0.250083
5 1536.333000 1225.684000 0.000000 0.000000
6 1528.875977 1212.792751 -3.069013 0.466154
7 1507.943612 1238.873850 -1.050347 0.836276
8 1523.401000 1238.718000 0.000000 0.000000
9 1524.531643 1227.999993 1.014335 -0.430142
10 1499.501114 1246.399967 -0.118039 0.890294
11 1510.413140 1235.683220 -1.524503 0.682225
12 1484.084000 1186.261000 0.000000 0.000000
13 1498.000732 1245.533509 -0.824272 -1.678554
14 1508.522616 1208.531899 -2.312763 -3.583182
15 1520.877838 1240.403907 0.062020 -0.026009
16 1528.391693 1237.311785 -0.278092 1.182390
17 1497.629649 1230.291278 -0.162053 -1.614533
18 1497.884426 1216.212932 -1.016335 0.088029
19 1501.814142 1236.894843 -1.352446 0.406134
20 1491.742896 1210.363538 -0.714236 -1.306431
21 1493.990045 1200.981117 -0.116038 0.054018
22 1490.656000 1216.239000 0.000000 0.000000
23 1540.748553 1246.602329 -0.360119 -1.300429
24 1500.953855 1231.670322 -0.340112 1.310432
25 1507.470099 1236.896895 -1.150380 0.720238
26 1503.978546 1241.288081 -0.790261 0.772255
27 1513.725484 1203.198142 -0.272090 -1.352446
28 1500.207830 1226.075392 -0.454150 1.308432
29 1528.061559 1210.112143 -1.450479 0.254084
30 1534.247626 1227.379582 -0.104034 0.012004
31 1497.634486 1243.794353 -0.186061 -1.272420
32 1536.553000 1225.067000 0.000000 0.000000
33 1522.244866 1229.781038 0.348115 -0.546180
34 1494.994454 1235.907373 -0.730241 -1.502496
35 1500.741696 1253.433181 -0.106035 1.228405
36 1497.191000 1207.268000 0.000000 0.000000
37 1506.519920 1216.340197 -0.686226 0.740244
38 1498.255962 1217.857100 -0.974321 0.456151
39 1504.536341 1241.932918 -0.526174 0.748247
40 1493.743736 1231.451357 -0.566187 -1.014335
41 1506.542159 1242.256876 -0.234077 1.036342
42 1496.097000 1223.500000 0.000000 0.000000
43 1502.686262 1232.115751 -1.126372 -1.054348
44 1499.995167 1248.557105 0.282093 0.800264

13 55 1542800853.942869
1516.097062 1214.476704 -3.001906
1 1522.477255 1222.622362 -0.257782 -0.279763
2 1500.493632 1206.794942 -0.129890 0.011990
3 1491.046000 1193.731000 0.000000 0.000000
4 1495.372078 1236.234680 -0.015986 -1.167013
5 1503.794164 1236.381981 -1.061102 0.003997
6 1527.100349 1227.043935 1.161018 -0.397664
7 1536.333000 1225.684000 0.000000 0.000000
8 1527.246949 1213.040724 -3.071402 0.467604
9 1486.107212 1193.111778 0.161863 -0.159865
10 1507.387106 1239.317925 -1.049113 0.837292
11 1523.401000 1238.718000 0.000000 0.000000
12 1497.612252 1217.261789 -1.079087 0.865268
13 1498.220146 1226.281153 -0.029975 1.406810
14 1525.131456 1227.609686 1.139036 -0.757359
15 1509.845057 1236.039732 -1.039121 0.671432
16 1484.084000 1186.261000 0.000000 0.000000
17 1523.667718 1222.787088 0.057951 -0.017985
18 1488.296692 1220.686865 -0.347706 -1.204981
19 1498.008640 1244.819439 0.073937 -1.322881
20 1507.151673 1206.463092 -2.603797 -3.922682
21 1520.880000 1240.403000 0.000000 0.000000
22 1528.585996 1237.865962 0.411652 1.035124
23 1497.771551 1229.585380 0.297748 -1.310891
24 1497.377630 1216.570518 -0.951195 0.715395
25 1501.488733 1237.317983 -0.561525 0.825302
26 1490.595465 1227.147710 0.109907 -0.145877
27 1505.749149 1239.040484 -0.441626 1.338867
28 1493.929554 1201.008747 -0.113904 0.051956
29 1487.510000 1186.475000 0.000000 0.000000
30 1490.656000 1216.239000 0.000000 0.000000
31 1540.549828 1245.915302 -0.375682 -1.294905
32 1500.939029 1232.494355 -0.005995 1.570671
33 1511.705029 1229.552791 -0.005995 1.686573
34 1502.367355 1233.735427 -0.689417 -1.115057
35 1507.091326 1237.312168 -0.683422 0.787334
36 1503.804439 1241.570491 -0.295750 0.515564
37 1513.580332 1202.481575 -0.273768 -1.350857
38 1500.021673 1226.731009 -0.343709 1.230959
39 1527.286119 1210.207154 -1.462763 0.173853
40 1534.230136 1227.410698 -0.027976 0.061948
41 1497.534914 1243.120186 -0.187841 -1.270925
42 1536.553000 1225.067000 0.000000 0.000000
43 1522.715497 1229.336182 0.925217 -0.859273
44 1494.799663 1235.283612 -0.341711 -1.153025
45 1501.298495 1254.102843 1.131043 1.264930
46 1497.191000 1207.268000 0.000000 0.000000
47 1494.609000 1208.402000 0.000000 0.000000
48 1506.155346 1216.733392 -0.687419 0.741373
49 1497.747659 1217.984901 -0.957190 0.225809
50 1504.257558 1242.329363 -0.525555 0.747368
51 1506.741958 1242.828738 0.419645 1.081085
52 1496.097000 1223.500000 0.000000 0.000000
53 1502.088485 1231.555145 -1.127047 -1.057106
54 1510.254814 1236.775392 -0.989163 0.741373
55 1500.146609 1248.982100 0.285758 0.801322

14 52 1542800854.463018
1514.727068 1214.147511 -2.789009
1 1515.312795 1210.405031 0.051967 0.001999
2 1500.551713 1206.779541 0.111929 -0.029981
3 1491.047284 1193.730419 0.083947 -0.037976
4 1503.124773 1236.033229 -1.191247 -0.965390
5 1536.333000 1225.684000 0.000000 0.000000
6 1525.657028 1213.299074 -3.265935 0.527666
7 1486.191447 1193.028553 0.159899 -0.159899
8 1523.401000 1238.718000 0.000000 0.000000
9 1497.208278 1217.450997 -0.831474 0.195876
10 1498.365245 1226.833303 0.015990 0.869450
11 1499.200666 1247.292609 -0.217862 0.889438
12 1509.308134 1236.385841 -0.775510 0.381759
13 1484.085346 1186.260358 0.087944 -0.041973
14 1523.695847 1222.780988 -0.009994 0.129918
15 1488.115679 1220.060559 -0.347780 -1.205238
16 1524.305942 1249.752263 -0.199874 -0.505680
17 1497.680214 1243.880292 -0.639596 -1.810855
18 1505.886408 1203.994690 -2.718281 -5.248681
19 1520.880459 1240.402817 0.029981 -0.011992
20 1528.800300 1238.404811 0.411740 1.033347
21 1497.688902 1228.751231 0.385756 -1.161266
22 1496.851165 1216.697343 -0.773511 0.283821
23 1501.224036 1237.768254 -1.043340 0.735535
24 1490.993082 1208.990999 -0.713549 -1.307173
25 1490.653682 1227.071767 0.109930 -0.145908
26 1505.361736 1239.511160 -0.801493 0.925415
27 1487.510000 1186.475000 0.000000 0.000000
28 1540.347914 1245.243274 -0.397749 -1.289185
29 1546.849696 1209.565062 -2.176624 0.657584
30 1500.983229 1233.158561 -0.311803 1.409109
31 1511.631419 1230.535066 -0.037976 2.422468
32 1501.998877 1233.160816 -1.315168 -0.665579
33 1503.634587 1241.829340 -0.353776 0.479697
34 1513.283721 1201.772968 -0.475699 -1.309172
35 1499.844535 1227.367628 -0.291815 1.021354
36 1526.641069 1210.319303 -1.237218 0.215864
37 1497.378382 1242.354430 -0.301809 -1.475067
38 1536.553000 1225.067000 0.000000 0.000000
39 1492.913692 1163.635548 0.829476 0.885440
40 1527.301211 1246.944899 0.209867 -0.071955
41 1501.539489 1254.767698 0.031980 1.091310
42 1497.191000 1207.268000 0.000000 0.000000
43 1505.797480 1217.119346 -0.687565 0.741531
44 1497.220443 1218.299343 -0.951398 0.283821
45 1504.049914 1242.591676 -0.397749 0.501683
46 1505.590908 1243.472071 -0.005996 1.377129
47 1493.239006 1230.578214 -0.391752 -0.639596
48 1506.616382 1243.539148 -0.301809 1.055333
49 1496.097000 1223.500000 0.000000 0.000000
50 1501.670470 1230.883886 -0.753524 -1.249210
51 1509.689730 1237.042646 -1.063328 0.499684
52 1500.181009 1249.282808 0.065958 0.575636

15 53 1542800854.913155
1513.415324 1213.523094 -2.573895
1 1522.591498 1222.803156 0.329791 0.597622
2 1515.336187 1210.405930 0.051967 0.001999
3 1500.602096 1206.766046 0.111929 -0.029981
4 1491.085072 1193.713325 0.083947 -0.037976
5 1494.396274 1234.989755 -1.011361 -1.283189
6 1502.588548 1235.598671 -1.191247 -0.965390
7 1536.333000 1225.684000 0.000000 0.000000
8 1524.186909 1213.536596 -3.265935 0.527666
9 1486.263423 1192.956577 0.159899 -0.159899
10 1506.570135 1240.017735 -1.007363 0.523669
11 1523.401000 1238.718000 0.000000 0.000000
12 1496.834000 1217.539168 -0.831474 0.195876
13 1526.140541 1227.448392 1.045339 -0.125920
14 1499.102599 1247.692978 -0.217862 0.889438
15 1508.959048 1236.557685 -0.775510 0.381759
16 1484.124933 1186.241464 0.087944 -0.041973
17 1523.691349 1222.839469 -0.009994 0.129918
18 1487.959130 1219.518036 -0.347780 -1.205238
19 1524.215971 1249.524637 -0.199874 -0.505680
20 1504.662808 1201.632064 -2.718281 -5.248681
21 1520.893954 1240.397418 0.029981 -0.011992
22 1528.985639 1238.869959 0.411740 1.033347
23 1496.502979 1216.825101 -0.773511 0.283821
24 1500.754390 1238.099346 -1.043340 0.735535
25 1490.671887 1208.402592 -0.713549 -1.307173
26 1490.703166 1227.006089 0.109930 -0.145908
27 1505.000954 1239.927723 -0.801493 0.925415
28 1490.656000 1216.239000 0.000000 0.000000
29 1540.168873 1244.662964 -0.397749 -1.289185
30 1545.869916 1209.861065 -2.176624 0.657584
31 1500.842875 1233.792853 -0.311803 1.409109
32 1501.406870 1232.861214 -1.315168 -0.665579
33 1503.475339 1242.045269 -0.353776 0.479697
34 1513.069591 1201.183661 -0.475699 -1.309172
35 1499.713178 1227.827377 -0.291815 1.021354
36 1526.084152 1210.416471 -1.237218 0.215864
37 1534.147928 1227.595308 -0.083947 0.191879
38 1497.242527 1241.690447 -0.301809 -1.475067
39 1536.553000 1225.067000 0.000000 0.000000
40 1523.742103 1228.594935 1.201240 -0.657584
41 1494.467921 1234.167154 -0.341784 -1.151272
42 1527.395680 1246.912510 0.209867 -0.071955
43 1501.553885 1255.258937 0.031980 1.091310
44 1497.191000 1207.268000 0.000000 0.000000
45 1496.792183 1218.427101 -0.951398 0.283821
46 1503.870873 1242.817502 -0.397749 0.501683
47 1505.588209 1244.091968 -0.005996 1.377129
48 1493.062664 1230.290308 -0.391752 -0.639596
49 1506.480527 1244.014192 -0.301809 1.055333
50 1496.097000 1223.500000 0.000000 0.000000
51 1509.211087 1237.267572 -1.063328 0.499684
52 1500.210700 1249.541923 0.065958 0.575636
53 1484.100247 1178.245805 0.537660 1.353144

16 51 1542800855.438359
1511.850052 1212.267414 -2.327962
1 1522.574585 1222.894547 -0.057951 0.143879
2 1515.368375 1210.436375 0.061948 0.061948
3 1500.661850 1206.751282 0.113904 -0.027976
4 1491.128173 1193.693383 0.081931 -0.037968
5 1529.105577 1227.431989 1.626627 -0.097917
6 1536.333000 1225.684000 0.000000 0.000000
7 1522.681649 1213.782319 -2.837605 0.463609
8 1486.348366 1192.872614 0.161863 -0.159865
9 1506.041168 1240.466143 -1.007150 0.877260
10 1523.401000 1238.718000 0.000000 0.000000
11 1496.451283 1217.755683 -0.721391 0.427639
12 1498.530752 1227.763529 0.321728 1.037125
13 1526.692388 1227.417545 1.051113 -0.053954
14 1498.848084 1248.130627 -0.503575 0.829300
15 1508.332347 1236.811057 -1.222968 0.489587
16 1523.687081 1222.907689 -0.007993 0.129890
17 1487.776510 1218.886145 -0.347707 -1.202985
18 1496.980030 1242.070187 -0.795329 -1.900396
19 1503.126678 1198.606528 -2.939519 -5.797107
20 1497.858363 1227.397281 -0.035970 -1.612639
21 1496.100727 1216.982954 -0.765354 0.301745
22 1490.297203 1207.717174 -0.713398 -1.304899
23 1490.618816 1226.778580 -0.179848 -0.453617
24 1504.581070 1240.413659 -0.799325 0.925219
25 1494.100830 1200.930525 0.115902 -0.051956
26 1487.536455 1186.462262 0.053954 -0.025978
27 1490.656000 1216.239000 0.000000 0.000000
28 1544.726971 1210.206362 -2.176163 0.657445
29 1500.735977 1234.526898 -0.195835 1.396821
30 1505.703845 1238.688345 -0.975177 0.857276
31 1503.007381 1242.437273 -0.929216 0.765354
32 1512.819802 1200.496215 -0.475599 -1.308895
33 1497.084046 1240.915889 -0.301745 -1.474755
34 1536.553000 1225.067000 0.000000 0.000000
35 1493.709890 1164.510820 0.803322 0.909233
36 1524.167112 1228.293730 0.781341 -0.567521
37 1494.131678 1233.645906 -0.661442 -0.981172
38 1527.354009 1246.912939 -0.099916 0.005995
39 1501.570677 1255.831984 0.031973 1.091079
40 1497.191000 1207.268000 0.000000 0.000000
41 1494.609000 1208.402000 0.000000 0.000000
42 1505.178871 1217.964993 -0.581509 0.991163
43 1496.421940 1218.644723 -0.687420 0.423642
44 1503.518960 1243.274941 -0.689418 0.897243
45 1505.465522 1244.781785 -0.249789 1.308895
46 1492.857934 1229.954456 -0.389671 -0.639460
47 1506.449424 1244.659471 -0.041965 1.240953
48 1496.097000 1223.500000 0.000000 0.000000
49 1500.862119 1229.743995 -0.903238 -1.089081
50 1508.662531 1237.546613 -1.043120 0.533550
51 1500.244354 1249.844190 0.063946 0.575514

17 50 1542800855.968679
1510.338101 1210.371546 -2.146184
1 1522.549412 1222.964892 0.229560 -0.161690
2 1515.391729 1210.446235 0.037927 -0.091824
3 1500.721148 1206.735425 0.111786 -0.029943
4 1491.169350 1193.674729 -0.085835 0.037927
5 1501.380808 1234.384383 -0.790484 -0.760541
6 1529.730241 1227.727445 1.365381 0.335357
7 1536.333000 1225.684000 0.000000 0.000000
8 1486.428161 1192.792343 -0.147717 0.069866
9 1505.519048 1240.940187 -0.986109 0.894285
10 1523.231338 1238.779772 0.173667 -0.063877
11 1496.123181 1218.056008 -0.562920 0.624802
12 1498.339908 1228.324520 -0.473093 1.171753
13 1498.428596 1248.579392 -0.385261 0.644763
14 1507.750562 1237.216210 -0.491058 0.427181
15 1484.215312 1186.198806 -0.087832 0.041920
16 1523.682460 1222.974499 0.023954 0.025950
17 1487.726391 1218.363647 -0.135740 -0.642767
18 1524.127524 1249.532312 0.287449 -0.087832
19 1496.564944 1241.069687 -0.419196 -1.473175
20 1501.634694 1195.216725 -3.189882 -6.986601
21 1520.910000 1240.391000 0.000000 0.000000
22 1529.381335 1240.326323 0.225567 1.265573
23 1497.816813 1226.597490 -0.113782 -1.379355
24 1499.633544 1238.728169 -0.908258 0.477085
25 1489.919266 1207.023910 -0.714629 -1.305496
26 1490.465849 1226.403833 -0.059885 -0.528985
27 1504.158995 1240.906949 -0.676702 1.038009
28 1494.132113 1200.916463 0.057889 -0.027946
29 1487.565036 1186.449501 0.053897 -0.025950
30 1490.656000 1216.239000 0.000000 0.000000
31 1539.745094 1243.300416 -0.359311 -1.435247
32 1543.568653 1210.545570 -2.359475 0.133744
33 1500.758921 1235.297968 0.047908 1.455209
34 1502.524176 1242.847220 -0.459119 1.000082
35 1512.570325 1199.803406 -0.347334 -1.227646
36 1499.438603 1228.931707 -0.540963 1.285535
37 1524.774099 1210.650412 -1.243615 0.229560
38 1496.678773 1240.090731 0.716626 -0.794476
39 1524.319205 1227.947324 1.311485 -1.127837
40 1493.811910 1233.011567 -0.524993 -0.594859
41 1527.301082 1246.915077 -0.099809 0.003992
42 1497.191000 1207.268000 0.000000 0.000000
43 1494.609000 1208.402000 0.000000 0.000000
44 1505.008337 1218.350801 -0.606836 0.926224
45 1496.163089 1218.811816 -0.255510 0.614821
46 1503.333401 1243.784453 -0.343342 0.960159
47 1492.607908 1229.589764 -0.473093 -0.688679
48 1500.486705 1229.126979 -1.055975 -1.145803
49 1508.183145 1237.845003 -0.616817 0.728603
50 1499.997484 1250.139466 0.337353 0.700656

18 48 1542800856.423667
1509.076414 1208.368056 -2.097978
1 1522.653859 1222.891326 0.229560 -0.161690
2 1515.408985 1210.404456 0.037927 -0.091824
3 1500.772010 1206.721801 0.111786 -0.029943
4 1491.130296 1193.691985 -0.085835 0.037927
5 1501.021147 1234.038346 -0.790484 -0.760541
6 1530.351473 1227.880029 1.365381 0.335357
7 1536.333000 1225.684000 0.000000 0.000000
8 1519.827257 1214.056019 -2.850533 0.223571
9 1486.360952 1192.824131 -0.147717 0.069866
10 1523.310354 1238.750709 0.173667 -0.063877
11 1495.867059 1218.340285 -0.562920 0.624802
12 1498.124656 1228.857653 -0.473093 1.171753
13 1498.253307 1248.872751 -0.385261 0.644763
14 1507.527137 1237.410572 -0.491058 0.427181
15 1523.693359 1222.986306 0.023954 0.025950
16 1487.664631 1218.071195 -0.135740 -0.642767
17 1524.258310 1249.492350 0.287449 -0.087832
18 1520.910000 1240.391000 0.000000 0.000000
19 1529.483966 1240.902143 0.225567 1.265573
20 1495.358273 1217.407144 -0.570905 0.854361
21 1499.220298 1238.945237 -0.908258 0.477085
22 1503.851103 1241.379231 -0.676702 1.038009
23 1490.656000 1216.239000 0.000000 0.000000
24 1539.581612 1242.647396 -0.359311 -1.435247
25 1542.495121 1210.606422 -2.359475 0.133744
26 1512.567750 1237.630195 1.467186 4.814766
27 1499.550377 1231.918442 -1.658819 -0.053897
28 1505.125069 1239.587804 -0.451135 1.053979
29 1502.315282 1243.302246 -0.459119 1.000082
30 1512.412292 1199.244842 -0.347334 -1.227646
31 1499.192472 1229.516609 -0.540963 1.285535
32 1524.208269 1210.754859 -1.243615 0.229560
33 1534.255892 1227.745723 0.415204 -0.101805
34 1494.161063 1165.530241 0.109789 1.149795
35 1524.915915 1227.434172 1.311485 -1.127837
36 1493.573045 1232.740914 -0.524993 -0.594859
37 1527.255670 1246.916893 -0.099809 0.003992
38 1504.732234 1218.772222 -0.606836 0.926224
39 1496.046835 1219.091552 -0.255510 0.614821
40 1503.177185 1244.221314 -0.343342 0.960159
41 1505.518679 1246.008468 0.423188 1.515094
42 1492.392656 1229.276424 -0.473093 -0.688679
43 1506.462509 1245.876124 0.317391 1.453213
44 1496.097000 1223.500000 0.000000 0.000000
45 1500.006249 1228.605653 -1.055975 -1.145803
46 1507.902501 1238.176508 -0.616817 0.728603
47 1500.150975 1250.458256 0.337353 0.700656
48 1484.122316 1178.849364 -0.273476 -0.125759

19 42 1542800856.943543
1507.599500 1205.779260 -2.066855
1 1522.774432 1222.807095 0.232054 -0.162038
2 1515.441567 1210.302366 0.064015 -0.202047
3 1500.762176 1206.706203 -0.026006 -0.030007
4 1491.086568 1193.712730 -0.084020 0.040009
5 1500.447572 1233.633273 -1.120262 -0.780183
6 1536.333000 1225.684000 0.000000 0.000000
7 1518.341322 1214.111324 -2.858669 0.100023
8 1486.284001 1192.860527 -0.148035 0.070016
9 1497.853543 1229.362510 -0.524123 0.960225
10 1507.111517 1237.723863 -0.816191 0.612143
11 1523.705838 1222.998838 0.024006 0.024006
12 1487.553474 1217.912934 -0.218051 -0.286067
13 1496.182474 1239.716816 -0.366086 -1.304305
14 1498.417040 1188.456526 -3.408798 -6.883612
15 1497.689987 1225.222735 -0.146034 -1.440337
16 1498.834949 1239.146417 -0.732171 0.382089
17 1489.222827 1205.750829 -0.714167 -1.306306
18 1490.505067 1225.740598 0.138032 -0.828194
19 1487.511095 1186.474486 -0.162038 0.076018
20 1490.656000 1216.239000 0.000000 0.000000
21 1539.395420 1241.900708 -0.358084 -1.436336
22 1500.805675 1236.716170 0.048011 1.454341
23 1513.535277 1240.060455 1.882441 4.667093
24 1499.237678 1231.628948 -0.544127 -0.584137
25 1504.930501 1240.152645 -0.370087 1.088255
26 1502.109650 1243.836050 -0.392092 1.028241
27 1499.288486 1230.059037 0.224052 1.030241
28 1496.835583 1239.170369 -0.382089 -1.090255
29 1494.217270 1166.127239 0.108025 1.148269
30 1525.345592 1226.958112 0.800187 -0.904212
31 1493.251219 1232.589852 -0.624146 -0.274064
32 1527.204663 1246.919959 -0.098023 0.006001
33 1504.416110 1219.253740 -0.608142 0.926217
34 1495.851583 1219.362512 -0.382089 0.516121
35 1503.012136 1244.656389 -0.316074 0.830194
36 1505.647391 1246.608334 0.238056 1.134266
37 1492.147191 1228.918651 -0.472111 -0.688161
38 1496.097000 1223.500000 0.000000 0.000000
39 1499.547895 1228.004815 -0.872204 -1.156271
40 1507.524949 1238.426836 -0.732171 0.468110
41 1500.326715 1250.822268 0.338079 0.700164
42 1484.180108 1179.148849 0.132031 0.614144

20 39 1542800857.474018
1506.016303 1202.824137 -2.047039
1 1499.844964 1233.156530 -1.134488 -0.900917
2 1536.333000 1225.684000 0.000000 0.000000
3 1516.880378 1213.957482 -2.711648 -0.567244
4 1486.283000 1192.861000 0.000000 0.000000
5 1503.759267 1242.101576 -1.205671 0.905366
6 1523.572000 1238.648000 0.000000 0.000000
7 1495.357178 1218.933822 -0.496060 0.496060
8 1506.783333 1238.013116 -0.825284 0.676244
9 1484.083841 1186.260629 -0.006673 -0.015571
10 1524.551827 1249.402636 -0.091204 0.026694
11 1495.989306 1239.024935 -0.364816 -1.303549
12 1496.565824 1184.464448 -3.490219 -7.534334
13 1521.061552 1240.328569 0.149041 -0.060061
14 1529.928843 1242.053053 0.622856 0.925386
15 1497.610752 1224.461670 -0.220224 -1.314671
16 1490.389752 1225.207986 -0.220224 -1.007692
17 1494.189000 1200.890000 0.000000 0.000000
18 1490.656000 1216.239000 0.000000 0.000000
19 1539.205465 1241.139807 -0.358142 -1.434793
20 1538.592569 1211.185306 -3.752708 0.558346
21 1500.731154 1237.439831 -0.329224 1.167855
22 1504.397863 1240.680692 -0.803039 0.658448
23 1501.939957 1244.394499 -0.253591 1.069978
24 1455.434704 1123.629222 2.882934 6.219663
25 1496.724742 1238.857022 0.031143 -0.796366
26 1536.553000 1225.067000 0.000000 0.000000
27 1494.282549 1166.732431 0.442673 0.983223
28 1527.250067 1246.884410 0.086755 -0.066735
29 1486.419313 1179.261838 3.370096 6.749091
30 1497.191000 1207.268000 0.000000 0.000000
31 1494.609000 1208.402000 0.000000 0.000000
32 1495.915595 1219.413352 -0.520530 0.518305
33 1502.838648 1245.099590 -0.518305 0.989896
34 1505.710183 1247.077839 -0.160163 1.210120
35 1491.824422 1228.489704 -0.611734 -0.809713
36 1506.490446 1247.044701 0.144592 1.330243
37 1489.544390 1153.794157 0.435999 1.223467
38 1499.226986 1227.561969 -1.007692 -0.798590
39 1500.577292 1251.154949 0.473816 0.627305

21 43 1542800857.929126
1504.678896 1200.206986 -2.028987
1 1515.449411 1210.307944 -0.020028 0.100138
2 1500.736235 1206.677117 -0.026036 -0.030041
3 1491.041941 1193.733000 -0.002003 0.000000
4 1536.333000 1225.684000 0.000000 0.000000
5 1515.648462 1213.691214 -2.637625 -0.843159
6 1486.283000 1192.861000 0.000000 0.000000
7 1503.212088 1242.515613 -1.153585 0.973338
8 1523.576239 1238.646293 0.144198 -0.058080
9 1490.769000 1200.040000 0.000000 0.000000
10 1495.131399 1219.159542 -0.496683 0.494680
11 1454.145940 1113.882889 4.556261 9.418944
12 1506.408568 1238.330673 -0.797095 1.009387
13 1484.080765 1186.253588 -0.008011 -0.014019
14 1462.084048 1151.982681 -0.406559 -0.963324
15 1487.218991 1217.529519 -0.340468 -0.390537
16 1524.510351 1249.414824 -0.090124 0.028039
17 1494.969433 1181.022030 -3.761169 -7.992984
18 1521.127414 1240.302058 0.082113 -0.032044
19 1497.509700 1223.863555 -0.248341 -1.307797
20 1497.904099 1239.559125 -0.710977 0.276380
21 1490.289524 1224.749386 -0.220303 -1.007384
22 1487.511119 1186.474470 0.038052 -0.018025
23 1490.656000 1216.239000 0.000000 0.000000
24 1539.042520 1240.486787 -0.356490 -1.435973
25 1500.587821 1237.972207 -0.108149 1.197646
26 1515.559229 1244.591018 2.048816 5.273247
27 1498.274151 1230.984807 -0.981349 -0.652897
28 1504.032391 1240.980429 -0.803104 0.660908
29 1511.673750 1197.215556 -0.586806 -1.239704
30 1499.311695 1230.668136 -0.418575 0.718988
31 1456.746662 1126.459866 2.879958 6.220549
32 1536.553000 1225.067000 0.000000 0.000000
33 1494.484070 1167.179790 0.444611 0.979346
34 1527.289590 1246.853998 0.088121 -0.068094
35 1497.191000 1207.268000 0.000000 0.000000
36 1504.015164 1220.071379 -0.470647 0.999373
37 1495.678751 1219.649307 -0.518713 0.520716
38 1502.596099 1245.557620 -0.745024 1.245712
39 1505.636289 1247.637097 -0.194267 1.500061
40 1491.546043 1228.121156 -0.610839 -0.811115
41 1489.742776 1154.350973 0.434597 1.223682
42 1506.847171 1238.996188 -0.232319 0.448617
43 1500.792894 1251.440428 0.472650 0.626861

22 43 1542800858.383956
1503.287476 1197.373243 -2.016785
1 1515.440302 1210.353489 -0.020028 0.100138
2 1491.041030 1193.733000 -0.002003 0.000000
3 1536.333000 1225.684000 0.000000 0.000000
4 1514.448791 1213.307720 -2.637625 -0.843159
5 1486.283000 1192.861000 0.000000 0.000000
6 1502.687403 1242.958316 -1.153585 0.973338
7 1523.641825 1238.619876 0.144198 -0.058080
8 1490.769000 1200.040000 0.000000 0.000000
9 1494.905493 1219.384537 -0.496683 0.494680
10 1456.218265 1118.166906 4.556261 9.418944
11 1506.046025 1238.789772 -0.797095 1.009387
12 1484.077121 1186.247211 -0.008011 -0.014019
13 1461.899133 1151.544533 -0.406559 -0.963324
14 1495.596402 1238.131544 -0.490674 -0.698961
15 1493.258741 1177.386582 -3.761169 -7.992984
16 1521.164761 1240.287483 0.082113 -0.032044
17 1497.396746 1223.268729 -0.248341 -1.307797
18 1497.580726 1239.684831 -0.710977 0.276380
19 1490.189323 1224.291197 -0.220303 -1.007384
20 1494.189000 1200.890000 0.000000 0.000000
21 1487.528426 1186.466272 0.038052 -0.018025
22 1490.656000 1216.239000 0.000000 0.000000
23 1538.880378 1239.833663 -0.356490 -1.435973
24 1535.178590 1211.691631 -3.751155 0.554762
25 1516.491092 1246.989448 2.048816 5.273247
26 1497.827805 1230.687850 -0.981349 -0.652897
27 1503.667116 1241.281030 -0.803104 0.660908
28 1501.867882 1245.324226 0.074102 0.979346
29 1511.406853 1196.651702 -0.586806 -1.239704
30 1499.121315 1230.995153 -0.418575 0.718988
31 1458.056553 1129.289157 2.879958 6.220549
32 1536.553000 1225.067000 0.000000 0.000000
33 1494.686293 1167.625226 0.444611 0.979346
34 1527.329671 1246.823027 0.088121 -0.068094
35 1489.336804 1185.301353 3.062208 6.538986
36 1494.609000 1208.402000 0.000000 0.000000
37 1503.801100 1220.525924 -0.470647 0.999373
38 1495.442825 1219.886145 -0.518713 0.520716
39 1502.257239 1246.124207 -0.745024 1.245712
40 1489.940444 1154.907540 0.434597 1.223682
41 1506.741505 1239.200232 -0.232319 0.448617
42 1501.007870 1251.725543 0.472650 0.626861
43 1484.641625 1179.875293 0.422581 0.444611

23 28 1542800858.904442
1501.591522 1193.869549 -2.010534
1 1515.442870 1210.222553 -0.023505 -0.262172
2 1484.679327 1155.759075 0.240475 -1.254810
3 1536.333000 1225.684000 0.000000 0.000000
4 1513.138297 1212.596550 -2.301690 -1.712255
5 1486.283000 1192.861000 0.000000 0.000000
6 1490.769000 1200.040000 0.000000 0.000000
7 1458.589147 1123.068981 4.556369 9.418304
8 1484.072960 1186.238910 -0.007232 -0.016273
9 1461.687765 1151.044691 -0.405011 -0.961900
10 1524.509449 1249.415860 0.081364 -0.025313
11 1495.341266 1237.769096 -0.495415 -0.526152
12 1491.116310 1173.114272 -4.292389 -8.828869
13 1521.208459 1240.269810 0.083172 -0.034354
14 1497.259533 1222.588795 -0.265788 -1.305436
15 1487.949677 1203.390887 -0.602092 -1.469971
16 1490.104102 1223.803851 -0.162727 -0.932971
17 1494.189000 1200.890000 0.000000 0.000000
18 1490.656000 1216.239000 0.000000 0.000000
19 1538.694024 1239.086077 -0.358000 -1.435618
20 1497.316591 1230.347398 -0.979981 -0.652718
21 1511.158849 1196.039396 -0.752163 -1.377759
22 1498.902685 1231.368972 -0.419475 0.719617
23 1459.556775 1132.528264 3.039387 6.570573
24 1494.917455 1168.136419 0.444788 0.981789
25 1490.928358 1188.700861 2.782640 5.954017
26 1494.609000 1208.402000 0.000000 0.000000
27 1490.166405 1155.544756 0.435748 1.224072
28 1501.097908 1251.991804 0.164536 0.508071

24 27 1542800859.434600
1499.765841 1190.029870 -2.006305
1 1515.430409 1210.083560 -0.023505 -0.262172
2 1500.711000 1206.638315 0.000000 -0.018081
3 1491.040000 1193.734000 0.000000 0.000000
4 1484.806817 1155.093827 0.240475 -1.254810
5 1511.918037 1211.688784 -2.301690 -1.712255
6 1486.283000 1192.861000 0.000000 0.000000
7 1484.069126 1186.230283 -0.007232 -0.016273
8 1461.473045 1150.534732 -0.405011 -0.961900
9 1524.552585 1249.402440 0.081364 -0.025313
10 1521.252553 1240.251598 0.083172 -0.034354
11 1497.118623 1221.896708 -0.265788 -1.305436
12 1490.017831 1223.309229 -0.162727 -0.932971
13 1494.189000 1200.890000 0.000000 0.000000
14 1487.569308 1186.447315 0.039778 -0.018081
15 1530.815911 1212.281156 -4.536480 0.565930
16 1496.797047 1230.001354 -0.979981 -0.652718
17 1510.760084 1195.308966 -0.752163 -1.377759
18 1489.144629 1157.750266 -0.036162 1.536870
19 1498.680297 1231.750482 -0.419475 0.719617
20 1461.168131 1136.011706 3.039387 6.570573
21 1495.153263 1168.656922 0.444788 0.981789
22 1492.403597 1191.857431 2.782640 5.954017
23 1497.191000 1207.268000 0.000000 0.000000
24 1494.609000 1208.402000 0.000000 0.000000
25 1490.397420 1156.193708 0.435748 1.224072
26 1501.185138 1252.261162 0.164536 0.508071
27 1484.789767 1180.448439 0.128374 0.549657

25 27 1542800859.959783
1497.878892 1186.015696 -2.002381
1 1491.040000 1193.734000 0.000000 0.000000
2 1484.919662 1154.432354 0.214053 -1.258310
3 1510.636011 1210.471440 -1.768435 -2.618644
4 1486.283000 1192.861000 0.000000 0.000000
5 1490.769000 1200.040000 0.000000 0.000000
6 1463.397638 1133.008107 4.555121 9.418317
7 1484.065901 1186.222801 -0.008002 -0.016004
8 1461.216931 1149.986991 -0.488120 -1.046257
9 1486.368055 1216.554673 -0.880217 -1.152284
10 1524.596020 1249.388702 0.082020 -0.024006
11 1494.817831 1237.214458 -0.496122 -0.526129
12 1521.296020 1240.233577 0.082020 -0.034008
13 1487.301190 1201.938130 -0.628155 -1.276314
14 1489.931985 1222.819409 -0.162040 -0.932229
15 1494.189000 1200.890000 0.000000 0.000000
16 1490.656000 1216.239000 0.000000 0.000000
17 1528.433561 1212.574890 -4.539117 0.554136
18 1510.416941 1194.633031 -0.648159 -1.284316
19 1489.138901 1158.326482 -0.008002 1.084267
20 1462.760754 1139.452782 2.714668 5.853440
21 1536.553000 1225.067000 0.000000 0.000000
22 1495.388283 1169.120840 0.264065 0.952234
23 1493.612824 1194.616021 1.996491 4.827188
24 1497.191000 1207.268000 0.000000 0.000000
25 1494.609000 1208.402000 0.000000 0.000000
26 1490.625423 1156.836223 0.436107 1.224301
27 1484.802249 1180.462124 0.020005 0.010002

26 24 1542800860.414033
1496.188858 1182.426039 -2.006831
1 1500.712934 1206.620598 0.002000 -0.018004
2 1491.040000 1193.734000 0.000000 0.000000
3 1536.333000 1225.684000 0.000000 0.000000
4 1509.832700 1209.281921 -1.768435 -2.618644
5 1486.283000 1192.861000 0.000000 0.000000
6 1465.466801 1137.286377 4.555121 9.418317
7 1460.995202 1149.511729 -0.488120 -1.046257
8 1485.968217 1216.031248 -0.880217 -1.152284
9 1524.633277 1249.377797 0.082020 -0.024006
10 1494.592468 1236.975464 -0.496122 -0.526129
11 1484.595488 1159.570440 -4.383078 -9.292286
12 1521.333277 1240.218129 0.082020 -0.034008
13 1487.015850 1201.358365 -0.628155 -1.276314
14 1494.189000 1200.890000 0.000000 0.000000
15 1487.567066 1186.448934 -0.002000 0.002000
16 1526.371667 1212.826606 -4.539117 0.554136
17 1495.846807 1229.532496 -0.958236 -0.286070
18 1489.135266 1158.819010 -0.008002 1.084267
19 1463.993892 1142.111706 2.714668 5.853440
20 1495.508235 1169.553392 0.264065 0.952234
21 1494.519730 1196.808771 1.996491 4.827188
22 1497.191000 1207.268000 0.000000 0.000000
23 1490.823524 1157.392362 0.436107 1.224301
24 1484.811336 1180.466668 0.020005 0.010002

27 26 1542800860.945141
1494.138822 1178.116927 -2.010588
1 1500.713000 1206.611035 0.000000 -0.018005
2 1491.040000 1193.734000 0.000000 0.000000
3 1485.109665 1153.210377 0.172048 -1.222342
4 1508.727090 1207.642066 -2.102589 -3.118873
5 1486.283000 1192.861000 0.000000 0.000000
6 1452.066428 1116.173132 2.864802 6.101708
7 1467.886140 1142.288681 4.555275 9.418636
8 1484.058016 1186.207031 -0.008002 -0.016004
9 1460.735949 1148.957031 -0.488137 -1.044292
10 1485.596339 1215.660300 -0.688193 -0.668187
11 1524.676840 1249.364051 0.082023 -0.026007
12 1521.377837 1240.201062 0.084024 -0.032009
13 1486.682222 1200.680483 -0.628176 -1.276357
14 1494.189000 1200.890000 0.000000 0.000000
15 1487.565008 1186.449000 -0.004001 0.000000
16 1490.656000 1216.239000 0.000000 0.000000
17 1523.961825 1213.120922 -4.537270 0.554155
18 1495.337864 1229.379560 -0.958268 -0.288081
19 1509.918712 1193.352556 -0.366102 -1.314368
20 1489.091171 1159.397879 -0.088025 1.090305
21 1465.435720 1145.221611 2.714760 5.855639
22 1495.780969 1170.063132 0.530148 0.960269
23 1494.609000 1208.402000 0.000000 0.000000
24 1479.400093 1185.012973 -0.048013 0.014004
25 1491.105953 1157.975879 0.538151 1.090305
26 1484.801043 1180.393288 -0.022006 -0.148041

28 27 1542800861.470258
1492.047337 1173.739900 -2.013662
1 1500.715180 1206.600412 0.051958 -0.069943
2 1491.040000 1193.734000 0.000000 0.000000
3 1485.200582 1152.567737 0.201836 -1.288951
4 1507.464100 1205.654137 -2.330103 -4.266527
5 1486.283000 1192.861000 0.000000 0.000000
6 1453.564664 1119.362177 2.539933 5.425584
7 1469.923016 1146.610693 3.876844 8.223307
8 1484.054819 1186.199637 -0.007993 -0.015987
9 1485.280344 1214.940786 -0.601510 -1.374881
10 1524.708316 1249.334730 0.057953 -0.055954
11 1479.704290 1149.541431 -4.656210 -10.067805
12 1489.522917 1221.392257 -0.179854 -0.693436
13 1474.437531 1122.864410 0.331730 1.031161
14 1494.275000 1200.851000 0.000000 0.000000
15 1487.561819 1186.416594 -0.007993 -0.061950
16 1521.562362 1213.408074 -5.269711 0.399675
17 1494.834223 1229.228467 -0.959219 -0.287766
18 1509.620024 1192.678919 -0.571535 -1.280957
19 1489.089904 1159.972454 0.127896 1.077123
20 1466.944611 1148.480474 2.713791 5.923179
21 1496.059023 1170.566777 0.529569 0.959219
22 1496.146998 1200.425796 1.101104 2.633856
23 1497.191000 1207.268000 0.000000 0.000000
24 1494.609000 1208.402000 0.000000 0.000000
25 1479.375911 1185.019318 -0.047961 0.013989
26 1491.386163 1158.544189 0.447636 0.889276
27 1484.791815 1180.317913 0.079935 -0.091925

29 22 1542800861.925397
1490.190030 1169.856452 -2.014121
1 1491.040000 1193.734000 0.000000 0.000000
2 1485.292446 1151.981085 0.201836 -1.288951
3 1506.403579 1203.712275 -2.330103 -4.266527
4 1454.720686 1121.831571 2.539933 5.425584
5 1484.051180 1186.192361 -0.007993 -0.015987
6 1460.302838 1147.909621 -0.391681 -1.091112
7 1485.006573 1214.315024 -0.601510 -1.374881
8 1524.734692 1249.309263 0.057953 -0.055954
9 1477.585068 1144.959181 -4.656210 -10.067805
10 1489.441058 1221.076647 -0.179854 -0.693436
11 1494.275000 1200.851000 0.000000 0.000000
12 1487.558180 1186.388398 -0.007993 -0.061950
13 1494.397645 1229.097493 -0.959219 -0.287766
14 1509.359897 1192.095905 -0.571535 -1.280957
15 1489.148114 1160.462695 0.127896 1.077123
16 1496.300050 1171.003355 0.529569 0.959219
17 1496.648153 1201.624567 1.101104 2.633856
18 1497.191000 1207.268000 0.000000 0.000000
19 1494.609000 1208.402000 0.000000 0.000000
20 1479.354082 1185.025684 -0.047961 0.013989
21 1491.589899 1158.948933 0.447636 0.889276
22 1484.828196 1180.276074 0.079935 -0.091925

30 21 1542800862.445475
1488.036203 1165.353178 -2.015387
1 1500.766869 1206.532170 0.054007 -0.070009
2 1491.060898 1193.724049 0.042005 -0.020002
3 1485.396515 1151.310129 0.200025 -1.290160
4 1505.254345 1201.461501 -2.204273 -4.330537
5 1473.530444 1154.363359 3.528437 7.686953
6 1460.099946 1147.342644 -0.390048 -1.090135
7 1484.693460 1213.600332 -0.602075 -1.374170
8 1475.096617 1139.787102 -4.790594 -9.939232
9 1474.761195 1123.869502 0.332041 1.030128
10 1494.275000 1200.851000 0.000000 0.000000
11 1516.421786 1213.418878 -5.272654 -0.362045
12 1493.981921 1228.855150 -0.792098 -0.474059
13 1489.246534 1161.006468 0.192024 1.044129
14 1469.565544 1154.200909 2.662330 5.810720
15 1496.575715 1171.502672 0.530066 0.960119
16 1497.220332 1202.994612 1.100136 2.634327
17 1497.191000 1207.268000 0.000000 0.000000
18 1494.609000 1208.402000 0.000000 0.000000
19 1479.329116 1185.031971 -0.048006 0.012001
20 1491.869686 1159.627789 0.542067 1.324164
21 1484.869806 1180.227228 0.080010 -0.094012

31 18 1542800862.975739
1485.700713 1160.526027 -2.016031
1 1500.793720 1206.498524 -0.010003 0.090024
2 1491.083122 1193.713495 0.040011 -0.018005
3 1485.489636 1150.622527 0.094025 -1.372365
4 1504.132147 1199.091126 -2.812748 -5.845555
5 1486.283000 1192.861000 0.000000 0.000000
6 1457.524862 1127.810987 2.848758 6.063613
7 1484.043776 1186.176551 -0.008002 -0.016004
8 1459.844540 1146.753874 -0.480128 -1.110295
9 1474.934142 1124.374639 0.326087 0.950253
10 1494.275000 1200.851000 0.000000 0.000000
11 1487.565944 1186.417851 -0.002001 0.066018
12 1513.688139 1212.809348 -4.953318 -1.842490
13 1493.481242 1228.624645 -0.348093 0.130035
14 1508.767475 1190.749107 -0.304081 -1.280341
15 1489.355243 1161.511946 0.080021 0.426113
16 1494.608383 1208.400766 -0.022006 -0.044012
17 1479.438690 1184.923235 -0.332088 0.258069
18 1492.223413 1160.185985 0.514137 0.998266

32 21 1542800863.420887
1483.658448 1156.306456 -2.016940
1 1500.789267 1206.538598 -0.010003 0.090024
2 1491.100932 1193.705480 0.040011 -0.018005
3 1485.531491 1150.011622 0.094025 -1.372365
4 1502.880058 1196.488989 -2.812748 -5.845555
5 1458.792981 1130.510192 2.848758 6.063613
6 1476.485636 1160.822232 2.786741 6.099623
7 1484.040214 1186.169427 -0.008002 -0.016004
8 1459.630812 1146.259628 -0.480128 -1.110295
9 1470.209966 1129.506466 -4.945316 -10.472787
10 1475.079298 1124.797643 0.326087 0.950253
11 1494.275000 1200.851000 0.000000 0.000000
12 1487.565053 1186.447238 -0.002001 0.066018
13 1511.483179 1211.989167 -4.953318 -1.842490
14 1508.632114 1190.179166 -0.304081 -1.280341
15 1489.390865 1161.701629 0.080021 0.426113
16 1471.836861 1159.223642 2.328620 5.147370
17 1497.248582 1172.372191 0.690184 0.892237
18 1497.191000 1207.268000 0.000000 0.000000
19 1494.598587 1208.381174 -0.022006 -0.044012
20 1492.452280 1160.630361 0.514137 0.998266
21 1484.868053 1180.234786 -0.002001 0.008002

33 19 1542800863.951049
1481.128455 1151.147891 -2.018680
1 1500.784970 1206.585268 -0.009991 0.087921
2 1491.025531 1193.701988 -0.153861 -0.003996
3 1485.581828 1149.284819 0.271755 -1.372762
4 1460.229797 1133.573635 2.559692 5.461076
5 1477.857067 1163.798235 2.319908 5.001490
6 1484.035982 1186.160957 -0.005995 -0.013987
7 1459.375533 1145.671616 -0.481566 -1.110998
8 1524.905493 1249.180738 0.161854 -0.085923
9 1467.418163 1123.869877 -5.199312 -10.874195
10 1475.252412 1125.302609 0.463582 1.184932
11 1494.275000 1200.851000 0.000000 0.000000
12 1487.548909 1186.414793 -0.029973 -0.067939
13 1489.431237 1161.916266 0.077930 0.415625
14 1472.932714 1161.683076 2.204013 4.949537
15 1497.459169 1172.783349 0.383654 0.771305
16 1497.191000 1207.268000 0.000000 0.000000
17 1494.587933 1208.356866 -0.021980 -0.043960
18 1479.257860 1185.052037 -0.045959 0.011989
19 1492.768838 1161.229469 0.603456 1.138973

34 15 1542800864.470926
1478.574212 1145.897639 -2.017421
1 1490.945538 1193.699865 -0.154041 -0.006002
2 1485.722889 1148.572464 0.262070 -1.314352
3 1499.924746 1190.349593 -2.814754 -5.847567
4 1461.560499 1136.412776 2.558686 5.463464
5 1459.125210 1145.094094 -0.480129 -1.108297
6 1464.717002 1118.213066 -5.117371 -11.032957
7 1475.491497 1125.912815 0.378101 0.926248
8 1494.275000 1200.851000 0.000000 0.000000
9 1487.533281 1186.379471 -0.032009 -0.068018
10 1508.070817 1188.897622 -0.542145 -1.218326
11 1474.070989 1164.236756 1.868501 4.083094
12 1494.576505 1208.333966 -0.022006 -0.046012
13 1479.233921 1185.058315 -0.048013 0.014004
14 1493.080689 1161.825581 0.520139 1.316353
15 1484.778361 1180.379369 0.194052 -0.206055

35 13 1542800864.925444
1476.275855 1141.168085 -2.016255
1 1485.842005 1147.975067 0.262070 -1.314352
2 1498.645390 1187.691769 -2.814754 -5.847567
3 1479.941380 1168.286078 1.950523 4.193124
4 1458.906983 1144.590353 -0.480129 -1.108297
5 1475.663351 1126.333811 0.378101 0.926248
6 1487.518732 1186.348556 -0.032009 -0.068018
7 1507.824402 1188.343870 -0.542145 -1.218326
8 1474.920256 1166.092595 1.868501 4.083094
9 1497.962035 1173.668928 0.654175 1.052282
10 1494.566503 1208.313053 -0.022006 -0.046012
11 1479.212098 1185.064680 -0.048013 0.014004
12 1493.317101 1162.423887 0.520139 1.316353
13 1484.866561 1180.285714 0.194052 -0.206055

36 12 1542800865.451874
1473.529869 1135.485624 -2.017937
1 1463.841089 1141.294153 1.674549 3.617185
2 1480.778147 1170.081515 1.140374 2.616857
3 1484.024971 1186.137949 -0.008003 -0.014005
4 1459.704559 1107.482459 -5.071661 -11.149652
5 1475.885549 1126.852586 0.426140 0.986323
6 1487.503087 1186.313196 0.024008 0.054018
7 1447.754423 1105.242082 5.341750 9.373070
8 1475.904795 1168.241848 1.868612 4.083338
9 1442.359518 1090.223748 5.367758 10.381401
10 1494.554920 1208.289833 -0.022007 -0.046015
11 1493.592026 1163.116176 0.832273 1.148376
12 1484.969542 1180.179430 0.424139 0.668219

37 11 1542800865.981724
1470.688069 1129.646438 -2.020992
1 1486.054969 1146.677602 0.355701 -1.378842
2 1495.673235 1181.521592 -3.113386 -6.728350
3 1464.713691 1143.180249 1.238960 2.711723
4 1481.369821 1171.440788 0.767356 1.806483
5 1484.020798 1186.130462 -0.005995 -0.015987
6 1458.398794 1143.417613 -0.481596 -1.111067
7 1457.008326 1101.570882 -5.339516 -11.266539
8 1476.111390 1127.371789 0.427641 0.885257
9 1450.557575 1110.199361 4.534193 9.104355
10 1476.883508 1170.379422 1.530715 3.311220
11 1494.543328 1208.265521 -0.019983 -0.043963

38 11 1542800866.431891
1468.220580 1124.607824 -2.020819
1 1486.215094 1146.056893 0.355701 -1.378842
2 1494.271692 1178.492711 -3.113386 -6.728350
3 1465.271430 1144.400977 1.238960 2.711723
4 1481.715260 1172.254007 0.767356 1.806483
5 1484.018100 1186.123265 -0.005995 -0.015987
6 1458.181996 1142.917447 -0.481596 -1.111067
7 1452.598719 1114.297840 4.534193 9.104355
8 1477.572586 1171.870024 1.530715 3.311220
9 1447.620850 1100.398606 5.369491 10.383281
10 1494.534332 1208.245730 -0.019983 -0.043963
11 1494.337587 1164.224520 0.687423 1.113065

39 10 1542800866.962012
1465.291282 1118.644872 -2.019797
1 1486.402171 1145.331905 0.232313 -0.959291
2 1492.620515 1174.926141 -3.112188 -6.729055
3 1457.953122 1142.341155 -0.430579 -1.087463
4 1458.743885 1092.080642 0.650876 0.999345
5 1460.828449 1096.103732 0.106143 1.225649
6 1478.391007 1173.644930 2.124859 4.756400
7 1450.342492 1105.829601 5.237047 10.446057
8 1494.522699 1208.221399 -0.022030 -0.044059
9 1494.697140 1164.817497 0.376507 1.281725
10 1458.649025 1093.047756 -0.877180 -1.043404

40 10 1542800867.412151
1462.774586 1113.503590 -2.018557
1 1486.506744 1144.900090 0.232313 -0.959291
2 1491.219598 1171.897130 -3.112188 -6.729055
3 1476.723770 1128.637543 0.428577 0.885191
4 1459.036870 1092.530486 0.650876 0.999345
5 1457.595510 1123.806463 5.050797 9.667008
6 1460.876228 1096.655444 0.106143 1.225649
7 1479.347489 1175.785972 2.124859 4.756400
8 1452.699891 1110.531778 5.237047 10.446057
9 1494.512783 1208.201566 -0.022030 -0.044059
10 1458.254172 1092.578079 -0.877180 -1.043404

