41
1 14 1542800367.947576
1  1  625.516000 1962.967000 1.036000 1.928000 4.916000 1.673000 2.403685
2  1  610.922000 2024.855000 0.253000 2.056000 4.490000 1.636000 -2.144922
3  1  615.601000 1981.356000 0.787000 2.200000 5.020000 1.749000 2.405960
4  1  615.895000 2038.673000 -0.469000 2.200000 4.545000 1.679000 1.000754
5  1  598.243000 1999.183000 0.850000 2.000000 5.093000 1.595000 1.997582
6  1  595.514000 2024.103000 1.163000 2.200000 5.257000 2.121000 0.009582
7  1  597.596000 2006.820000 0.863000 1.937000 4.419000 1.564000 1.521386
8  1  627.024000 1978.539000 0.976000 2.126000 4.583000 1.570000 -0.634410
9  1  616.317000 1996.552000 0.788000 2.154000 4.582000 1.650000 -0.752254
10  1  600.814000 2015.954000 0.893000 1.974000 4.623000 1.638000 1.153750
11  1  607.980000 2020.965000 0.511000 1.797000 4.099000 1.544000 -2.162376
12  1  630.447000 2057.852000 -2.321000 1.800000 4.400000 1.553000 1.000754
13  1  628.646000 1969.042000 1.056000 2.126000 4.592000 1.641000 2.389338
14  1  640.775000 1970.009000 1.143000 2.000000 4.320000 1.490000 -0.791489

2 16 1542800368.447460
1  1  619.375000 1969.169000 0.736000 1.928000 4.916000 1.673000 2.403685
15  1  643.667000 1956.676000 0.186000 2.138000 4.849000 1.613000 2.389338
2  1  611.024000 2025.013000 0.303000 2.056000 4.490000 1.636000 -2.144922
16  1  643.214000 1946.140000 0.736000 2.204000 4.737000 1.792000 2.315197
3  1  612.436000 1984.323000 0.810000 2.200000 5.020000 1.749000 2.405960
4  1  619.290000 2043.622000 -1.204000 2.200000 4.545000 1.679000 1.000754
5  1  597.524000 2002.257000 0.999000 2.000000 5.093000 1.595000 1.753236
6  1  595.586000 2024.176000 1.363000 2.200000 5.257000 2.121000 0.009582
7  1  598.281000 2009.672000 0.984000 1.937000 4.419000 1.564000 1.364306
8  1  631.959000 1973.814000 1.028000 2.126000 4.583000 1.570000 -0.704223
17  1  588.898000 2026.556000 1.541000 2.129000 4.578000 1.718000 -0.516652
9  1  619.409000 1993.731000 0.600000 2.154000 4.582000 1.650000 -0.752254
10  1  602.626000 2019.180000 0.943000 1.974000 4.623000 1.638000 1.066483
11  1  607.868000 2021.037000 0.511000 1.797000 4.099000 1.544000 -2.144922
12  1  633.592000 2062.725000 -2.721000 1.800000 4.400000 1.553000 1.000754
13  1  625.206000 1972.364000 0.772000 2.126000 4.592000 1.641000 2.389338

3 18 1542800368.948430
1  1  613.558000 1974.990000 0.786000 1.928000 4.916000 1.673000 2.403685
18  1  679.316000 1919.171000 0.626000 2.116000 4.415000 1.582000 2.315197
15  1  640.726000 1959.211000 0.337000 2.138000 4.849000 1.613000 2.389338
2  1  610.856000 2025.080000 0.175000 2.056000 4.490000 1.636000 -2.144922
19  1  540.569000 2059.928000 2.780000 2.215000 4.521000 1.844000 -0.661462
16  1  637.075000 1951.905000 0.736000 2.204000 4.737000 1.792000 2.315197
3  1  609.265000 1987.296000 0.833000 2.200000 5.020000 1.749000 2.388507
4  1  621.857000 2048.674000 -1.941000 2.200000 4.545000 1.679000 1.000754
5  1  597.361000 2005.129000 1.149000 2.000000 5.093000 1.595000 1.578703
6  1  595.583000 2024.465000 1.363000 2.200000 5.257000 2.121000 0.009582
7  1  599.495000 2012.669000 0.999000 1.937000 4.419000 1.564000 1.189773
8  1  637.157000 1969.019000 0.328000 2.126000 4.583000 1.570000 -0.739129
17  1  588.692000 2026.440000 1.642000 2.129000 4.578000 1.718000 -0.516652
9  1  622.687000 1990.909000 0.513000 2.154000 4.582000 1.650000 -0.752254
10  1  604.502000 2022.374000 0.929000 1.974000 4.623000 1.638000 0.979217
11  1  607.819000 2021.068000 0.628000 1.797000 4.099000 1.544000 -2.144922
20  1  646.788000 1952.516000 0.447000 1.995000 4.957000 1.592000 2.389338
13  1  621.754000 1975.595000 0.689000 2.126000 4.592000 1.641000 2.389338

4 18 1542800369.448339
1  1  607.014000 1981.216000 0.736000 1.928000 4.916000 1.673000 2.403685
18  1  677.233000 1921.270000 0.637000 2.116000 4.415000 1.582000 2.315197
15  1  637.792000 1961.740000 0.487000 2.138000 4.849000 1.613000 2.389338
2  1  610.855000 2025.209000 0.298000 2.056000 4.490000 1.636000 -2.144922
19  1  549.490000 2054.357000 2.929000 2.215000 4.521000 1.844000 -0.661462
16  1  631.380000 1956.903000 0.537000 2.204000 4.737000 1.792000 2.315197
3  1  605.842000 1990.403000 0.856000 2.200000 5.020000 1.749000 2.388507
21  1  656.701000 1942.507000 0.660000 2.235000 4.897000 1.659000 2.367557
5  1  597.687000 2007.948000 1.249000 2.000000 5.093000 1.595000 1.473983
6  1  595.585000 2024.321000 1.488000 2.200000 5.257000 2.121000 0.009582
7  1  601.185000 2015.874000 1.031000 1.937000 4.419000 1.564000 1.085054
8  1  641.584000 1964.628000 0.279000 2.126000 4.583000 1.570000 -0.739129
17  1  588.870000 2026.340000 1.742000 2.129000 4.578000 1.718000 -0.516652
9  1  626.153000 1987.565000 0.525000 2.154000 4.582000 1.650000 -0.752254
10  1  606.374000 2025.561000 0.965000 1.974000 4.623000 1.638000 0.979217
11  1  607.770000 2021.100000 0.745000 1.797000 4.099000 1.544000 -2.144922
20  1  645.011000 1954.571000 0.448000 1.995000 4.957000 1.592000 2.389338
13  1  618.309000 1978.820000 0.731000 2.126000 4.592000 1.641000 2.389338

5 20 1542800369.949334
1  1  601.105000 1986.857000 1.049000 1.928000 4.916000 1.673000 2.403685
18  1  675.146000 1923.374000 0.648000 2.116000 4.415000 1.582000 2.315197
15  1  634.851000 1964.275000 0.637000 2.138000 4.849000 1.613000 2.389338
2  1  610.665000 2025.258000 0.598000 2.056000 4.490000 1.636000 -2.144922
19  1  557.480000 2047.856000 2.729000 2.215000 4.521000 1.844000 -0.661462
16  1  625.690000 1962.372000 0.736000 2.204000 4.737000 1.792000 2.315197
3  1  603.219000 1992.886000 1.051000 2.200000 5.020000 1.749000 2.388507
21  1  654.421000 1945.081000 0.699000 2.235000 4.897000 1.659000 2.367557
5  1  598.300000 2011.064000 1.249000 2.000000 5.093000 1.595000 1.334357
6  1  595.586000 2024.176000 1.613000 2.200000 5.257000 2.121000 0.009582
22  1  650.941000 1942.373000 0.139000 2.061000 5.800000 2.000000 2.389338
7  1  603.028000 2018.997000 1.062000 1.937000 4.419000 1.564000 1.032694
8  1  646.742000 1960.314000 0.231000 2.126000 4.583000 1.570000 -0.756583
17  1  588.743000 2026.340000 1.792000 2.129000 4.578000 1.718000 -0.516652
9  1  629.816000 1984.306000 0.450000 2.154000 4.582000 1.650000 -0.752254
10  1  608.249000 2028.754000 0.751000 1.974000 4.623000 1.638000 0.979217
23  1  665.099000 1933.679000 0.425000 2.037000 4.863000 1.615000 2.350103
11  1  607.721000 2021.132000 0.861000 1.797000 4.099000 1.544000 -2.144922
20  1  643.680000 1956.210000 0.497000 1.995000 4.957000 1.592000 2.389338
13  1  614.856000 1982.051000 0.773000 2.126000 4.592000 1.641000 2.389338

6 21 1542800370.450291
1  1  594.890000 1992.432000 1.129000 1.928000 4.916000 1.673000 2.403685
18  1  673.060000 1925.478000 0.660000 2.116000 4.415000 1.582000 2.315197
15  1  631.769000 1966.942000 0.687000 2.138000 4.849000 1.613000 2.389338
2  1  610.510000 2025.358000 0.798000 2.056000 4.490000 1.636000 -2.144922
19  1  559.823000 2047.126000 2.880000 2.215000 4.521000 1.844000 -0.661462
16  1  619.026000 1968.803000 0.836000 2.204000 4.737000 1.792000 2.315197
3  1  600.822000 1995.585000 1.210000 2.200000 5.020000 1.749000 2.257318
21  1  651.755000 1948.032000 0.738000 2.235000 4.897000 1.659000 2.367557
5  1  599.640000 2014.105000 1.249000 2.000000 5.093000 1.595000 1.124917
6  1  595.588000 2023.959000 1.764000 2.200000 5.257000 2.121000 0.009582
22  1  645.150000 1948.031000 0.659000 2.061000 5.800000 2.000000 2.389338
7  1  604.996000 2021.975000 1.094000 1.937000 4.419000 1.564000 1.032694
8  1  651.903000 1955.361000 0.432000 2.126000 4.583000 1.570000 -0.721676
17  1  588.868000 2026.306000 1.917000 2.129000 4.578000 1.718000 -0.516652
9  1  633.701000 1980.855000 0.409000 2.154000 4.582000 1.650000 -0.752254
10  1  610.125000 2031.948000 0.537000 1.974000 4.623000 1.638000 0.979217
23  1  662.685000 1936.061000 0.513000 2.037000 4.863000 1.615000 2.350103
11  1  607.775000 2021.097000 0.978000 1.797000 4.099000 1.544000 -2.144922
20  1  641.616000 1956.941000 0.714000 1.995000 4.957000 1.592000 2.389338
13  1  611.742000 1984.859000 0.906000 2.126000 4.592000 1.641000 2.389338
24  1  656.851000 1930.557000 0.720000 2.000000 4.727000 1.918000 2.367557

7 21 1542800370.949037
1  1  588.684000 1998.000000 1.472000 1.928000 4.916000 1.673000 2.403685
18  1  670.982000 1927.572000 0.671000 2.116000 4.415000 1.582000 2.315197
15  1  628.656000 1969.550000 0.787000 2.138000 4.849000 1.613000 2.389338
2  1  610.422000 2025.562000 0.847000 2.056000 4.490000 1.636000 -2.144922
19  1  561.626000 2046.732000 3.029000 2.215000 4.521000 1.844000 -0.661462
16  1  612.597000 1975.139000 0.961000 2.204000 4.737000 1.792000 2.350083
3  1  600.487000 1998.282000 1.368000 2.200000 5.020000 1.749000 2.126707
21  1  649.102000 1950.969000 0.777000 2.235000 4.897000 1.659000 2.367557
5  1  601.437000 2017.390000 1.267000 2.000000 5.093000 1.595000 1.072557
6  1  595.590000 2023.743000 1.863000 2.200000 5.257000 2.121000 0.009582
22  1  639.385000 1953.665000 0.678000 2.061000 5.800000 2.000000 2.389338
25  1  698.547000 1899.633000 0.378000 2.080000 5.223000 1.651000 2.328706
26  1  687.908000 1903.873000 0.384000 2.000000 4.858000 1.719000 2.315197
8  1  657.249000 1950.362000 0.633000 2.126000 4.583000 1.570000 -0.826396
17  1  588.992000 2026.273000 2.042000 2.129000 4.578000 1.718000 -0.516652
9  1  637.569000 1977.419000 0.467000 2.154000 4.582000 1.650000 -0.752254
23  1  660.283000 1938.433000 0.626000 2.037000 4.863000 1.615000 2.350103
11  1  607.829000 2021.062000 1.094000 1.797000 4.099000 1.544000 -2.144922
20  1  639.073000 1959.245000 0.831000 1.995000 4.957000 1.592000 2.389338
13  1  608.641000 1987.655000 1.039000 2.126000 4.592000 1.641000 2.389338
24  1  653.006000 1933.982000 0.898000 2.000000 4.727000 1.918000 2.367557

8 22 1542800371.448359
1  1  582.470000 2003.575000 1.615000 1.928000 4.916000 1.673000 2.403685
18  1  668.902000 1929.669000 0.732000 2.116000 4.415000 1.582000 2.315197
15  1  625.627000 1972.256000 0.886000 2.138000 4.849000 1.613000 2.389338
19  1  565.396000 2044.303000 3.178000 2.215000 4.521000 1.844000 -0.661462
16  1  605.944000 1981.253000 1.085000 2.204000 4.737000 1.792000 2.385010
3  1  597.357000 2001.521000 1.476000 2.200000 5.020000 1.749000 2.039557
21  1  646.136000 1953.882000 0.865000 2.235000 4.897000 1.659000 2.367557
5  1  603.812000 2020.844000 1.184000 2.000000 5.093000 1.595000 1.055104
6  1  595.592000 2023.526000 1.913000 2.200000 5.257000 2.121000 0.009582
22  1  630.786000 1962.716000 0.948000 2.061000 5.800000 2.000000 2.389338
25  1  696.589000 1901.812000 0.628000 2.080000 5.223000 1.651000 2.328706
26  1  682.463000 1909.232000 0.507000 2.000000 4.858000 1.719000 2.315197
8  1  662.672000 1945.294000 0.583000 2.126000 4.583000 1.570000 -0.826396
17  1  588.992000 2026.273000 2.142000 2.129000 4.578000 1.718000 -0.516652
9  1  641.523000 1973.514000 0.525000 2.154000 4.582000 1.650000 -0.752254
27  1  665.650000 1926.822000 0.629000 2.184000 4.744000 1.614000 2.367557
23  1  657.878000 1940.807000 0.689000 2.037000 4.863000 1.615000 2.350103
11  1  607.883000 2021.028000 1.111000 1.797000 4.099000 1.544000 -2.144922
28  1  677.316000 1916.492000 0.441000 2.201000 4.708000 1.687000 2.385010
20  1  636.103000 1961.993000 0.897000 1.995000 4.957000 1.592000 2.389338
13  1  605.536000 1990.454000 1.173000 2.126000 4.592000 1.641000 2.389338
24  1  649.158000 1937.410000 0.977000 2.000000 4.727000 1.918000 2.367557

9 22 1542800371.948272
1  1  576.025000 2008.917000 1.959000 1.928000 4.916000 1.673000 2.403685
18  1  666.820000 1931.768000 0.644000 2.116000 4.415000 1.582000 2.315197
15  1  622.500000 1975.202000 1.086000 2.138000 4.849000 1.613000 2.389338
19  1  569.169000 2041.870000 3.228000 2.215000 4.521000 1.844000 -0.661462
16  1  599.589000 1987.350000 1.343000 2.204000 4.737000 1.792000 2.385010
3  1  596.823000 2004.018000 1.700000 2.200000 5.020000 1.749000 2.039557
21  1  643.166000 1956.799000 0.954000 2.235000 4.897000 1.659000 2.367557
6  1  595.594000 2023.310000 1.963000 2.200000 5.257000 2.121000 0.009582
22  1  625.683000 1966.636000 1.217000 2.061000 5.800000 2.000000 2.389338
25  1  694.629000 1903.994000 0.678000 2.080000 5.223000 1.651000 2.328706
26  1  677.397000 1914.770000 0.630000 2.000000 4.858000 1.719000 2.315197
8  1  668.102000 1940.220000 0.534000 2.126000 4.583000 1.570000 -0.826396
17  1  588.992000 2026.273000 2.242000 2.129000 4.578000 1.718000 -0.516652
9  1  645.858000 1969.770000 0.625000 2.154000 4.582000 1.650000 -0.752254
27  1  660.209000 1931.827000 0.711000 2.184000 4.744000 1.614000 2.367557
23  1  655.344000 1943.280000 0.731000 2.037000 4.863000 1.615000 2.350103
11  1  607.936000 2020.993000 1.327000 1.797000 4.099000 1.544000 -2.144922
28  1  673.387000 1920.297000 0.626000 2.201000 4.708000 1.687000 2.385010
20  1  633.252000 1964.517000 0.997000 1.995000 4.957000 1.592000 2.389338
13  1  602.928000 1992.942000 1.373000 2.126000 4.592000 1.641000 2.389338
29  1  666.820000 1919.601000 0.597000 2.009000 4.629000 1.790000 2.375498
24  1  645.305000 1940.843000 1.055000 2.000000 4.727000 1.918000 2.367557

10 22 1542800372.397808
1  1  569.849000 2013.683000 2.127000 1.928000 4.916000 1.673000 2.403685
18  1  665.108000 1933.804000 0.788000 2.116000 4.415000 1.582000 2.315197
15  1  619.808000 1977.739000 1.086000 2.138000 4.849000 1.613000 2.389338
19  1  571.376000 2040.212000 3.073000 2.215000 4.521000 1.844000 -0.661462
16  1  593.875000 1992.831000 1.575000 2.204000 4.737000 1.792000 2.385010
3  1  596.883000 2006.620000 1.732000 2.200000 5.020000 1.749000 1.961428
21  1  640.523000 1958.972000 1.017000 2.235000 4.897000 1.659000 2.367557
6  1  595.910000 2023.118000 1.995000 2.200000 5.257000 2.121000 0.009582
22  1  619.382000 1972.637000 1.267000 2.061000 5.800000 2.000000 2.389338
25  1  692.866000 1905.956000 0.723000 2.080000 5.223000 1.651000 2.328706
26  1  675.117000 1919.352000 0.735000 2.000000 4.858000 1.719000 2.315197
8  1  673.394000 1935.864000 0.790000 2.126000 4.583000 1.570000 -0.826396
17  1  589.084000 2026.400000 2.298000 2.129000 4.578000 1.718000 -0.516652
9  1  649.648000 1966.123000 0.575000 2.154000 4.582000 1.650000 -0.752254
27  1  656.072000 1935.415000 0.834000 2.184000 4.744000 1.614000 2.367557
23  1  653.065000 1945.504000 0.769000 2.037000 4.863000 1.615000 2.350103
11  1  607.985000 2020.961000 1.432000 1.797000 4.099000 1.544000 -2.144922
28  1  669.654000 1923.507000 0.792000 2.201000 4.708000 1.687000 2.385010
20  1  630.946000 1966.681000 0.997000 1.995000 4.957000 1.592000 2.389338
13  1  600.976000 1995.070000 1.573000 2.126000 4.592000 1.641000 2.319525
29  1  662.201000 1921.795000 0.700000 2.009000 4.629000 1.790000 2.375498
24  1  641.839000 1944.012000 1.131000 2.000000 4.727000 1.918000 2.367557

11 22 1542800372.948008
18  1  662.794000 1936.094000 0.944000 2.116000 4.415000 1.582000 2.315197
15  1  616.308000 1981.168000 1.265000 2.138000 4.849000 1.613000 2.389338
19  1  574.076000 2038.183000 2.883000 2.215000 4.521000 1.844000 -0.661462
16  1  586.882000 1999.540000 1.782000 2.204000 4.737000 1.792000 2.385010
3  1  597.565000 2009.815000 1.868000 2.200000 5.020000 1.749000 1.865804
30  1  669.177000 1916.405000 0.847000 1.912000 4.611000 1.763000 2.367557
21  1  636.814000 1962.210000 0.982000 2.235000 4.897000 1.659000 2.367557
6  1  596.296000 2022.884000 2.034000 2.200000 5.257000 2.121000 0.009582
22  1  611.905000 1979.553000 1.367000 2.061000 5.800000 2.000000 2.389338
25  1  690.642000 1908.172000 0.778000 2.080000 5.223000 1.651000 2.328706
26  1  672.326000 1924.960000 0.975000 2.000000 4.858000 1.719000 2.315197
8  1  681.014000 1928.422000 0.903000 2.126000 4.583000 1.570000 -0.826396
17  1  589.197000 2026.556000 2.366000 2.129000 4.578000 1.718000 -0.516652
9  1  654.574000 1961.638000 0.595000 2.154000 4.582000 1.650000 -0.752254
27  1  650.442000 1940.473000 0.925000 2.184000 4.744000 1.614000 2.367557
23  1  650.087000 1948.583000 0.903000 2.037000 4.863000 1.615000 2.350103
11  1  608.044000 2020.923000 1.560000 1.797000 4.099000 1.544000 -2.144922
28  1  665.085000 1927.436000 0.995000 2.201000 4.708000 1.687000 2.385010
20  1  627.904000 1969.558000 1.172000 1.995000 4.957000 1.592000 2.389338
13  1  598.984000 1997.988000 1.681000 2.126000 4.592000 1.641000 2.319525
29  1  658.555000 1926.566000 0.826000 2.009000 4.629000 1.790000 2.375498
24  1  637.199000 1948.281000 1.162000 2.000000 4.727000 1.918000 2.367557

12 23 1542800373.447883
18  1  660.420000 1938.225000 0.994000 2.116000 4.415000 1.582000 2.315197
15  1  613.127000 1984.284000 1.427000 2.138000 4.849000 1.613000 2.389338
19  1  576.529000 2036.340000 2.810000 2.215000 4.521000 1.844000 -0.661462
16  1  580.528000 2005.636000 1.971000 2.204000 4.737000 1.792000 2.385010
31  1  686.997000 1908.163000 0.813000 2.052000 4.880000 1.611000 2.437370
3  1  598.366000 2013.435000 1.944000 2.200000 5.020000 1.749000 1.707944
30  1  665.447000 1920.258000 0.934000 1.912000 4.611000 1.763000 2.367557
21  1  633.659000 1965.284000 1.132000 2.235000 4.897000 1.659000 2.367557
6  1  596.646000 2022.670000 2.069000 2.200000 5.257000 2.121000 0.009582
22  1  604.100000 1986.053000 1.512000 2.061000 5.800000 2.000000 2.389338
25  1  688.716000 1910.276000 0.828000 2.080000 5.223000 1.651000 2.328706
26  1  670.316000 1928.272000 0.975000 2.000000 4.858000 1.719000 2.315197
8  1  687.440000 1922.574000 0.855000 2.126000 4.583000 1.570000 -0.826396
17  1  589.300000 2026.698000 2.428000 2.129000 4.578000 1.718000 -0.516652
9  1  659.049000 1957.563000 0.613000 2.154000 4.582000 1.650000 -0.752254
27  1  644.818000 1945.811000 0.911000 2.184000 4.744000 1.614000 2.367557
23  1  647.381000 1951.380000 1.024000 2.037000 4.863000 1.615000 2.350103
11  1  608.098000 2020.888000 1.677000 1.797000 4.099000 1.544000 -2.144922
28  1  660.102000 1931.791000 1.045000 2.201000 4.708000 1.687000 2.385010
20  1  624.859000 1972.440000 1.330000 1.995000 4.957000 1.592000 2.389338
13  1  597.727000 1999.857000 1.827000 2.126000 4.592000 1.641000 2.319525
29  1  655.242000 1930.900000 0.940000 2.009000 4.629000 1.790000 2.375498
24  1  632.983000 1952.159000 1.191000 2.000000 4.727000 1.918000 2.367557

13 21 1542800373.947765
18  1  658.139000 1940.524000 1.044000 2.116000 4.415000 1.582000 2.315197
15  1  609.946000 1987.399000 1.736000 2.138000 4.849000 1.613000 2.389338
32  1  699.322000 1901.655000 0.870000 2.066000 4.792000 1.536000 2.328706
16  1  573.740000 2011.558000 2.160000 2.204000 4.737000 1.792000 2.385010
31  1  681.873000 1912.767000 0.928000 2.052000 4.880000 1.611000 2.437370
3  1  599.664000 2017.129000 2.193000 2.200000 5.020000 1.749000 1.707944
30  1  661.716000 1924.202000 1.022000 1.912000 4.611000 1.763000 2.367557
21  1  630.649000 1968.216000 1.332000 2.235000 4.897000 1.659000 2.367557
25  1  687.185000 1911.962000 0.878000 2.080000 5.223000 1.651000 2.328706
26  1  668.017000 1930.320000 0.975000 2.000000 4.858000 1.719000 2.315197
8  1  693.576000 1916.546000 0.808000 2.126000 4.583000 1.570000 -0.826396
17  1  589.403000 2026.840000 2.431000 2.129000 4.578000 1.718000 -0.516652
9  1  663.378000 1953.242000 0.578000 2.154000 4.582000 1.650000 -0.752254
27  1  639.243000 1950.921000 0.997000 2.184000 4.744000 1.614000 2.367557
23  1  644.338000 1954.338000 1.074000 2.037000 4.863000 1.615000 2.350103
11  1  608.151000 2020.854000 1.793000 1.797000 4.099000 1.544000 -2.144922
28  1  655.118000 1936.146000 1.095000 2.201000 4.708000 1.687000 2.385010
20  1  621.720000 1975.319000 1.489000 1.995000 4.957000 1.592000 2.389338
13  1  596.666000 2002.167000 1.973000 2.126000 4.592000 1.641000 2.319525
29  1  651.237000 1934.454000 1.054000 2.009000 4.629000 1.790000 2.375498
24  1  628.677000 1956.211000 1.291000 2.000000 4.727000 1.918000 2.367557

14 20 1542800374.447637
18  1  655.533000 1943.176000 1.044000 2.116000 4.415000 1.582000 2.315197
15  1  607.307000 1990.008000 1.836000 2.138000 4.849000 1.613000 2.389338
32  1  696.930000 1904.149000 1.020000 2.066000 4.792000 1.536000 2.328706
16  1  566.953000 2017.479000 2.349000 2.204000 4.737000 1.792000 2.385010
31  1  676.749000 1917.370000 1.043000 2.052000 4.880000 1.611000 2.437370
30  1  657.763000 1928.008000 1.109000 1.912000 4.611000 1.763000 2.367557
21  1  627.639000 1971.148000 1.532000 2.235000 4.897000 1.659000 2.367557
25  1  685.352000 1913.758000 0.928000 2.080000 5.223000 1.651000 2.328706
26  1  665.195000 1933.429000 1.025000 2.000000 4.858000 1.719000 2.315197
8  1  699.338000 1911.202000 0.860000 2.126000 4.583000 1.570000 -0.826396
17  1  589.506000 2026.982000 2.435000 2.129000 4.578000 1.718000 -0.516652
33  1  729.808000 1868.764000 2.174000 2.920000 12.704000 4.464000 2.532700
9  1  667.844000 1949.165000 0.594000 2.154000 4.582000 1.650000 -0.752254
27  1  633.900000 1955.714000 1.084000 2.184000 4.744000 1.614000 2.367557
23  1  641.672000 1957.103000 1.124000 2.037000 4.863000 1.615000 2.350103
28  1  650.268000 1940.643000 1.145000 2.201000 4.708000 1.687000 2.385010
20  1  618.510000 1978.149000 1.647000 1.995000 4.957000 1.592000 2.389338
13  1  595.869000 2004.378000 2.119000 2.126000 4.592000 1.641000 2.319525
29  1  647.491000 1938.111000 1.068000 2.009000 4.629000 1.790000 2.375498
24  1  624.651000 1959.991000 1.391000 2.000000 4.727000 1.918000 2.367557

15 19 1542800374.947539
18  1  652.928000 1945.828000 1.044000 2.116000 4.415000 1.582000 2.315197
15  1  604.746000 1992.226000 1.911000 2.138000 4.849000 1.613000 2.389338
32  1  694.299000 1906.416000 1.170000 2.066000 4.792000 1.536000 2.328706
16  1  560.166000 2023.401000 2.537000 2.204000 4.737000 1.792000 2.385010
31  1  671.625000 1921.973000 1.158000 2.052000 4.880000 1.611000 2.437370
30  1  653.809000 1931.814000 1.196000 1.912000 4.611000 1.763000 2.367557
21  1  624.847000 1973.774000 1.657000 2.235000 4.897000 1.659000 2.367557
25  1  683.318000 1915.661000 0.978000 2.080000 5.223000 1.651000 2.328706
26  1  662.606000 1936.482000 1.075000 2.000000 4.858000 1.719000 2.315197
8  1  705.464000 1906.021000 1.113000 2.126000 4.583000 1.570000 -0.826396
17  1  589.609000 2027.124000 2.438000 2.129000 4.578000 1.718000 -0.516652
33  1  727.085000 1869.261000 2.472000 2.920000 12.704000 4.464000 2.532700
9  1  672.519000 1944.893000 0.660000 2.154000 4.582000 1.650000 -0.752254
27  1  628.092000 1961.142000 1.070000 2.184000 4.744000 1.614000 2.367557
23  1  639.007000 1959.869000 1.224000 2.037000 4.863000 1.615000 2.350103
28  1  645.040000 1945.495000 1.195000 2.201000 4.708000 1.687000 2.385010
20  1  615.345000 1981.009000 1.623000 1.995000 4.957000 1.592000 2.389338
29  1  643.677000 1942.011000 1.068000 2.009000 4.629000 1.790000 2.951456
24  1  620.439000 1963.861000 1.491000 2.000000 4.727000 1.918000 2.367557

16 19 1542800375.447384
18  1  650.205000 1948.606000 1.094000 2.116000 4.415000 1.582000 2.315197
34  1  639.459000 1945.587000 1.250000 2.000000 5.121000 1.695000 2.367557
15  1  602.224000 1994.680000 2.036000 2.138000 4.849000 1.613000 2.389338
32  1  691.667000 1908.683000 1.020000 2.066000 4.792000 1.536000 2.328706
31  1  665.928000 1926.823000 1.158000 2.052000 4.880000 1.611000 2.437370
30  1  649.856000 1935.620000 1.284000 1.912000 4.611000 1.763000 2.367557
21  1  622.055000 1976.399000 1.782000 2.235000 4.897000 1.659000 2.367557
25  1  681.181000 1917.465000 1.028000 2.080000 5.223000 1.651000 2.328706
26  1  659.878000 1939.405000 1.087000 2.000000 4.858000 1.719000 2.315197
8  1  711.405000 1900.670000 1.115000 2.126000 4.583000 1.570000 -0.826396
17  1  589.712000 2027.265000 2.442000 2.129000 4.578000 1.718000 -0.516652
33  1  723.976000 1869.814000 2.021000 2.920000 12.704000 4.464000 2.532700
9  1  677.193000 1940.622000 0.775000 2.154000 4.582000 1.650000 -0.752254
27  1  622.888000 1965.814000 1.448000 2.184000 4.744000 1.614000 2.367557
23  1  636.232000 1962.746000 1.324000 2.037000 4.863000 1.615000 2.350103
28  1  639.672000 1950.481000 1.195000 2.201000 4.708000 1.687000 2.385010
20  1  612.312000 1983.918000 1.749000 1.995000 4.957000 1.592000 2.389338
29  1  632.454000 1947.855000 1.068000 2.009000 4.629000 1.790000 2.951456
24  1  616.522000 1967.602000 1.666000 2.000000 4.727000 1.918000 2.367557

17 21 1542800375.947245
18  1  647.483000 1951.385000 1.244000 2.116000 4.415000 1.582000 2.315197
34  1  636.120000 1950.480000 1.250000 2.000000 5.121000 1.695000 2.367557
15  1  600.165000 1997.104000 2.211000 2.138000 4.849000 1.613000 2.389338
32  1  688.802000 1910.910000 0.870000 2.066000 4.792000 1.536000 2.328706
35  2  708.276000 1916.334000 0.597000 2.182000 0.780000 0.899000 0.696055
31  1  659.729000 1932.389000 1.158000 2.052000 4.880000 1.611000 2.437370
30  1  645.902000 1939.425000 1.371000 1.912000 4.611000 1.763000 2.367557
21  1  619.263000 1979.024000 1.907000 2.235000 4.897000 1.659000 2.367557
36  1  751.862000 1854.286000 1.254000 2.132000 4.872000 1.713000 2.237914
25  1  678.598000 1919.739000 1.078000 2.080000 5.223000 1.651000 2.328706
26  1  657.046000 1942.441000 1.137000 2.000000 4.858000 1.719000 2.315197
8  1  717.733000 1894.991000 1.068000 2.126000 4.583000 1.570000 -0.826396
17  1  589.896000 2027.316000 2.525000 2.129000 4.578000 1.718000 -0.516652
33  1  721.166000 1870.797000 2.069000 2.920000 12.704000 4.464000 2.532700
9  1  682.053000 1936.174000 0.646000 2.154000 4.582000 1.650000 -0.752254
27  1  617.683000 1970.487000 1.826000 2.184000 4.744000 1.614000 2.367557
23  1  633.456000 1965.622000 1.424000 2.037000 4.863000 1.615000 2.350103
28  1  634.027000 1955.728000 1.195000 2.201000 4.708000 1.687000 2.385010
20  1  610.024000 1986.641000 1.974000 1.995000 4.957000 1.592000 2.389338
37  1  714.802000 1887.764000 0.985000 2.040000 4.838000 1.566000 2.427980
24  1  612.605000 1971.344000 1.841000 2.000000 4.727000 1.918000 2.367557

18 21 1542800376.447154
18  1  644.407000 1954.547000 1.394000 2.116000 4.415000 1.582000 2.315197
34  1  630.613000 1953.939000 1.400000 2.000000 5.121000 1.695000 2.367557
15  1  598.106000 1999.529000 2.436000 2.138000 4.849000 1.613000 2.389338
32  1  686.039000 1913.508000 0.820000 2.066000 4.792000 1.536000 2.328706
35  2  708.276000 1916.334000 0.597000 2.182000 0.780000 0.899000 0.696055
31  1  653.871000 1937.840000 1.220000 2.052000 4.880000 1.611000 2.437370
30  1  641.948000 1943.232000 1.483000 1.912000 4.611000 1.763000 2.367557
21  1  616.471000 1981.649000 2.032000 2.235000 4.897000 1.659000 2.367557
36  1  747.459000 1858.526000 1.254000 2.132000 4.872000 1.713000 2.237914
25  1  675.725000 1922.530000 1.078000 2.080000 5.223000 1.651000 2.328706
38  1  764.734000 1843.849000 1.168000 2.020000 4.696000 1.526000 2.459326
26  1  654.130000 1945.399000 1.187000 2.000000 4.858000 1.719000 2.315197
8  1  724.423000 1889.386000 1.020000 2.126000 4.583000 1.570000 -0.826396
17  1  590.081000 2027.367000 2.609000 2.129000 4.578000 1.718000 -0.516652
33  1  718.357000 1871.780000 2.268000 2.920000 12.704000 4.464000 2.532700
9  1  686.914000 1931.725000 0.592000 2.154000 4.582000 1.650000 -0.752254
27  1  612.478000 1975.160000 2.129000 2.184000 4.744000 1.614000 2.367557
23  1  630.681000 1968.499000 1.524000 2.037000 4.863000 1.615000 2.350103
20  1  607.804000 1989.437000 2.150000 1.995000 4.957000 1.592000 2.389338
37  1  712.317000 1890.733000 0.985000 2.040000 4.838000 1.566000 2.427980
24  1  608.315000 1975.450000 2.016000 2.000000 4.727000 1.918000 2.367557

19 20 1542800376.947003
18  1  641.120000 1957.939000 1.544000 2.116000 4.415000 1.582000 2.315197
34  1  617.091000 1961.700000 1.645000 2.000000 5.121000 1.695000 2.367557
15  1  597.358000 2001.697000 2.712000 2.138000 4.849000 1.613000 2.389338
32  1  682.904000 1916.115000 1.120000 2.066000 4.792000 1.536000 2.468332
35  2  708.276000 1916.334000 0.597000 2.182000 0.780000 0.899000 0.696055
31  1  648.474000 1942.900000 1.333000 2.052000 4.880000 1.611000 2.437370
30  1  637.995000 1947.037000 1.596000 1.912000 4.611000 1.763000 2.367557
21  1  613.679000 1984.274000 2.157000 2.235000 4.897000 1.659000 2.367557
36  1  742.636000 1862.433000 1.254000 2.132000 4.872000 1.713000 2.237914
25  1  672.800000 1925.271000 1.078000 2.080000 5.223000 1.651000 2.328706
38  1  760.825000 1847.311000 1.184000 2.020000 4.696000 1.526000 2.459326
26  1  650.832000 1948.914000 1.337000 2.000000 4.858000 1.719000 2.315197
8  1  731.018000 1883.695000 1.123000 2.126000 4.583000 1.570000 -0.826396
17  1  590.265000 2027.418000 2.692000 2.129000 4.578000 1.718000 -0.516652
33  1  716.434000 1874.034000 2.268000 2.920000 12.704000 4.464000 2.532700
9  1  691.774000 1927.278000 0.607000 2.154000 4.582000 1.650000 -0.752254
27  1  607.591000 1980.668000 2.132000 2.184000 4.744000 1.614000 2.367557
23  1  627.906000 1971.376000 1.699000 2.037000 4.863000 1.615000 2.350103
37  1  709.832000 1893.702000 0.985000 2.040000 4.838000 1.566000 2.427980
24  1  604.026000 1979.555000 2.191000 2.000000 4.727000 1.918000 2.367557

20 19 1542800377.447456
18  1  638.778000 1960.393000 1.744000 2.116000 4.415000 1.582000 2.315197
32  1  679.414000 1919.177000 1.006000 2.066000 4.792000 1.536000 2.433425
35  2  708.276000 1916.334000 0.597000 2.182000 0.780000 0.899000 0.696055
31  1  642.977000 1947.870000 1.446000 2.052000 4.880000 1.611000 2.367557
21  1  610.884000 1986.902000 2.282000 2.235000 4.897000 1.659000 2.367557
36  1  737.754000 1866.304000 1.204000 2.132000 4.872000 1.713000 2.237914
25  1  669.732000 1928.399000 1.213000 2.080000 5.223000 1.651000 2.328706
38  1  756.912000 1850.778000 1.201000 2.020000 4.696000 1.526000 2.459326
26  1  647.701000 1952.135000 1.537000 2.000000 4.858000 1.719000 2.315197
39  1  696.887000 1904.284000 1.092000 2.145000 4.977000 1.679000 2.328706
8  1  737.804000 1878.080000 1.126000 2.126000 4.583000 1.570000 -0.826396
17  1  590.367000 2027.275000 2.948000 2.129000 4.578000 1.718000 -0.516652
33  1  714.509000 1876.291000 2.268000 2.920000 12.704000 4.464000 2.532700
9  1  696.640000 1922.824000 0.624000 2.154000 4.582000 1.650000 -0.752254
27  1  602.698000 1986.183000 2.135000 2.184000 4.744000 1.614000 2.367557
23  1  625.127000 1974.256000 1.874000 2.037000 4.863000 1.615000 2.350103
40  1  749.260000 1860.861000 1.036000 2.171000 4.539000 1.759000 2.237914
37  1  708.165000 1895.332000 0.985000 2.040000 4.838000 1.566000 2.427980
41  1  725.130000 1877.628000 1.270000 1.412000 2.106000 1.776000 2.372060

21 20 1542800377.898133
18  1  636.550000 1962.823000 1.924000 2.116000 4.415000 1.582000 2.315197
32  1  676.076000 1922.149000 1.033000 2.066000 4.792000 1.536000 2.433425
35  2  708.276000 1916.334000 0.597000 2.182000 0.780000 0.899000 0.696055
31  1  637.817000 1952.738000 1.648000 2.052000 4.880000 1.611000 2.367557
21  1  608.366000 1989.269000 2.394000 2.235000 4.897000 1.659000 2.367557
36  1  733.500000 1869.902000 1.159000 2.132000 4.872000 1.713000 2.237914
25  1  666.968000 1931.323000 1.218000 2.080000 5.223000 1.651000 2.328706
38  1  753.388000 1853.900000 1.215000 2.020000 4.696000 1.526000 2.459326
42  2  709.904000 1917.533000 0.597000 2.182000 0.780000 0.899000 0.730961
26  1  645.010000 1954.896000 1.617000 2.000000 4.858000 1.719000 2.315197
39  1  694.491000 1906.431000 1.092000 2.145000 4.977000 1.679000 2.328706
8  1  743.957000 1872.977000 1.128000 2.126000 4.583000 1.570000 -0.826396
17  1  590.458000 2027.145000 3.178000 2.129000 4.578000 1.718000 -0.516652
33  1  713.010000 1877.008000 2.268000 2.920000 12.704000 4.464000 2.532700
9  1  701.022000 1918.814000 0.675000 2.154000 4.582000 1.650000 -0.752254
27  1  597.838000 1990.687000 2.288000 2.184000 4.744000 1.614000 2.367557
23  1  622.490000 1976.716000 2.032000 2.037000 4.863000 1.615000 2.350103
40  1  746.198000 1863.704000 1.082000 2.171000 4.539000 1.759000 2.237914
37  1  706.545000 1896.663000 0.985000 2.040000 4.838000 1.566000 2.427980
41  1  721.058000 1881.379000 1.090000 1.412000 2.106000 1.776000 2.372060

22 21 1542800378.397983
18  1  634.079000 1965.518000 2.124000 2.116000 4.415000 1.582000 2.315197
32  1  672.421000 1925.608000 1.131000 2.066000 4.792000 1.536000 2.433425
35  2  708.276000 1916.334000 0.597000 2.182000 0.780000 0.899000 0.696055
31  1  632.233000 1958.472000 1.761000 2.052000 4.880000 1.611000 2.367557
21  1  605.574000 1991.894000 2.519000 2.235000 4.897000 1.659000 2.367557
36  1  729.028000 1874.181000 1.109000 2.132000 4.872000 1.713000 2.237914
25  1  663.902000 1934.566000 1.322000 2.080000 5.223000 1.651000 2.328706
38  1  749.434000 1857.307000 1.065000 2.020000 4.696000 1.526000 2.459326
42  2  709.911000 1917.540000 0.597000 2.182000 0.780000 0.899000 0.730961
26  1  642.025000 1957.958000 1.706000 2.000000 4.858000 1.719000 2.315197
39  1  691.616000 1909.002000 1.092000 2.145000 4.977000 1.679000 2.485785
8  1  750.975000 1867.666000 1.131000 2.126000 4.583000 1.570000 -0.826396
17  1  590.559000 2027.002000 3.434000 2.129000 4.578000 1.718000 -0.516652
33  1  711.347000 1877.804000 2.268000 2.920000 12.704000 4.464000 2.532700
9  1  706.067000 1914.311000 0.688000 2.154000 4.582000 1.650000 -0.752254
27  1  592.449000 1995.681000 2.658000 2.184000 4.744000 1.614000 2.367557
23  1  619.564000 1979.444000 2.207000 2.037000 4.863000 1.615000 2.350103
40  1  742.907000 1866.941000 1.132000 2.171000 4.539000 1.759000 2.237914
43  1  706.599000 1891.494000 0.981000 2.056000 4.875000 1.596000 2.427980
37  1  704.748000 1898.140000 0.985000 2.040000 4.838000 1.566000 2.427980
41  1  716.542000 1885.541000 1.090000 1.412000 2.106000 1.776000 2.372060

23 20 1542800378.897841
18  1  631.607000 1968.213000 2.324000 2.116000 4.415000 1.582000 2.315197
32  1  668.766000 1929.066000 1.229000 2.066000 4.792000 1.536000 2.433425
35  2  708.276000 1916.334000 0.597000 2.182000 0.780000 0.899000 0.696055
31  1  626.319000 1963.964000 2.024000 2.052000 4.880000 1.611000 2.367557
36  1  724.545000 1878.366000 1.059000 2.132000 4.872000 1.713000 2.237914
25  1  660.639000 1938.017000 1.577000 2.080000 5.223000 1.651000 2.328706
38  1  745.480000 1860.714000 0.915000 2.020000 4.696000 1.526000 2.459326
42  2  709.919000 1917.547000 0.597000 2.182000 0.780000 0.899000 0.730961
26  1  639.040000 1961.021000 1.795000 2.000000 4.858000 1.719000 2.315197
39  1  688.418000 1911.705000 1.129000 2.145000 4.977000 1.679000 2.485785
8  1  757.854000 1862.227000 1.133000 2.126000 4.583000 1.570000 -0.826396
33  1  710.249000 1878.766000 2.268000 2.920000 12.704000 4.464000 2.532700
9  1  711.111000 1909.809000 0.667000 2.154000 4.582000 1.650000 -0.752254
44  1  688.332000 1906.355000 1.135000 1.936000 4.679000 1.763000 2.427980
23  1  616.639000 1982.172000 2.332000 2.037000 4.863000 1.615000 2.350103
40  1  739.009000 1870.164000 1.182000 2.171000 4.539000 1.759000 2.237914
43  1  701.040000 1896.105000 0.981000 2.056000 4.875000 1.596000 2.427980
37  1  702.204000 1900.177000 0.985000 2.040000 4.838000 1.566000 2.427980
45  1  754.058000 1859.550000 1.243000 2.200000 4.812000 1.919000 2.372060
41  1  711.152000 1889.217000 1.040000 1.412000 2.106000 1.776000 2.372060

24 20 1542800379.397716
32  1  665.110000 1932.525000 1.327000 2.066000 4.792000 1.536000 2.433425
35  2  708.281000 1916.338000 0.597000 2.182000 0.780000 0.899000 0.643695
31  1  620.405000 1969.456000 2.136000 2.052000 4.880000 1.611000 2.367557
46  1  764.353000 1847.376000 1.374000 2.200000 4.846000 1.764000 2.372060
36  1  719.956000 1882.468000 1.209000 2.132000 4.872000 1.713000 2.237914
25  1  657.584000 1941.667000 1.782000 2.080000 5.223000 1.651000 2.328706
38  1  741.526000 1864.121000 0.915000 2.020000 4.696000 1.526000 2.459326
42  2  709.926000 1917.553000 0.597000 2.182000 0.780000 0.899000 0.730961
26  1  635.908000 1963.947000 1.884000 2.000000 4.858000 1.719000 2.315197
39  1  685.038000 1914.548000 1.266000 2.145000 4.977000 1.679000 2.485785
8  1  764.989000 1856.510000 1.336000 2.126000 4.583000 1.570000 -0.826396
33  1  709.035000 1879.563000 2.268000 2.920000 12.704000 4.464000 2.532700
9  1  716.156000 1905.306000 0.671000 2.154000 4.582000 1.650000 -0.752254
44  1  683.265000 1910.693000 1.285000 1.936000 4.679000 1.763000 2.427980
23  1  613.713000 1984.901000 2.457000 2.037000 4.863000 1.615000 2.350103
40  1  735.168000 1873.510000 1.232000 2.171000 4.539000 1.759000 2.237914
43  1  695.480000 1900.716000 0.981000 2.056000 4.875000 1.596000 2.427980
37  1  699.545000 1902.488000 0.985000 2.040000 4.838000 1.566000 2.427980
45  1  749.143000 1863.832000 1.263000 2.200000 4.812000 1.919000 2.372060
41  1  706.248000 1893.269000 0.890000 1.412000 2.106000 1.776000 2.372060

25 21 1542800379.897591
32  1  661.729000 1936.019000 1.342000 2.066000 4.792000 1.536000 2.433425
35  2  708.281000 1916.338000 0.597000 2.182000 0.780000 0.899000 0.643695
31  1  614.258000 1974.519000 2.249000 2.052000 4.880000 1.611000 2.367557
47  1  778.991000 1835.789000 1.344000 1.965000 4.671000 1.827000 2.406966
46  1  760.151000 1851.460000 1.299000 2.200000 4.846000 1.764000 2.372060
36  1  715.767000 1886.170000 1.159000 2.132000 4.872000 1.713000 2.237914
25  1  654.425000 1945.217000 1.636000 2.080000 5.223000 1.651000 2.328706
38  1  737.491000 1867.428000 0.915000 2.020000 4.696000 1.526000 2.459326
42  2  709.926000 1917.553000 0.597000 2.182000 0.780000 0.899000 0.730961
26  1  632.776000 1966.874000 1.973000 2.000000 4.858000 1.719000 2.315197
39  1  681.282000 1917.735000 1.253000 2.145000 4.977000 1.679000 2.485785
8  1  772.124000 1850.792000 1.539000 2.126000 4.583000 1.570000 -0.826396
33  1  708.765000 1879.810000 2.318000 2.920000 12.704000 4.464000 2.532700
9  1  721.200000 1900.803000 0.675000 2.154000 4.582000 1.650000 -0.752254
44  1  678.282000 1915.127000 1.285000 1.936000 4.679000 1.763000 2.427980
23  1  610.740000 1987.582000 2.557000 2.037000 4.863000 1.615000 2.350103
40  1  731.431000 1876.938000 1.182000 2.171000 4.539000 1.759000 2.412446
43  1  690.262000 1905.208000 0.981000 2.056000 4.875000 1.596000 2.427980
37  1  696.554000 1904.823000 0.985000 2.040000 4.838000 1.566000 2.427980
45  1  744.046000 1867.830000 1.234000 2.200000 4.812000 1.919000 2.372060
41  1  701.364000 1897.342000 1.086000 1.412000 2.106000 1.776000 2.372060

26 20 1542800380.398024
32  1  658.345000 1939.517000 1.504000 2.066000 4.792000 1.536000 2.433425
35  2  708.281000 1916.338000 0.597000 2.182000 0.780000 0.899000 0.643695
47  1  774.571000 1839.895000 1.282000 1.965000 4.671000 1.827000 2.406966
46  1  755.945000 1855.549000 1.225000 2.200000 4.846000 1.764000 2.372060
36  1  711.860000 1888.026000 1.059000 2.132000 4.872000 1.713000 2.447353
25  1  651.158000 1948.673000 1.591000 2.080000 5.223000 1.651000 2.328706
38  1  732.999000 1871.106000 0.915000 2.020000 4.696000 1.526000 2.459326
42  2  709.926000 1917.553000 0.597000 2.182000 0.780000 0.899000 0.730961
26  1  629.640000 1969.804000 2.062000 2.000000 4.858000 1.719000 2.315197
39  1  677.523000 1920.927000 1.440000 2.145000 4.977000 1.679000 2.485785
8  1  779.488000 1845.014000 1.341000 2.126000 4.583000 1.570000 -0.826396
33  1  708.495000 1880.057000 2.369000 2.920000 12.704000 4.464000 2.532700
9  1  726.563000 1896.272000 0.718000 2.154000 4.582000 1.650000 -0.752254
44  1  673.294000 1919.567000 1.285000 1.936000 4.679000 1.763000 2.393073
23  1  607.764000 1990.266000 2.657000 2.037000 4.863000 1.615000 2.350103
40  1  727.566000 1880.246000 1.131000 2.171000 4.539000 1.759000 2.412446
43  1  685.038000 1909.706000 1.181000 2.056000 4.875000 1.596000 2.427980
37  1  693.529000 1907.451000 1.022000 2.040000 4.838000 1.566000 2.427980
45  1  738.943000 1871.833000 1.204000 2.200000 4.812000 1.919000 2.372060
41  1  696.084000 1901.797000 1.132000 1.412000 2.106000 1.776000 2.372060

27 19 1542800380.947696
32  1  654.627000 1943.359000 1.682000 2.066000 4.792000 1.536000 2.433425
35  2  708.281000 1916.338000 0.597000 2.182000 0.780000 0.899000 0.643695
47  1  769.679000 1844.153000 1.215000 1.965000 4.671000 1.827000 2.406966
46  1  751.172000 1859.881000 1.253000 2.200000 4.846000 1.764000 2.372060
36  1  706.301000 1892.433000 1.099000 2.132000 4.872000 1.713000 2.447353
25  1  647.413000 1952.320000 1.541000 2.080000 5.223000 1.651000 2.328706
38  1  728.065000 1875.145000 0.915000 2.020000 4.696000 1.526000 2.459326
42  2  709.926000 1917.553000 0.597000 2.182000 0.780000 0.899000 0.730961
26  1  627.014000 1972.231000 2.160000 2.000000 4.858000 1.719000 2.315197
39  1  673.393000 1924.432000 1.531000 2.145000 4.977000 1.679000 2.485785
8  1  787.892000 1839.498000 1.125000 2.126000 4.583000 1.570000 -0.826396
33  1  708.608000 1880.043000 2.325000 2.920000 12.704000 4.464000 2.532700
9  1  732.453000 1891.296000 0.765000 2.154000 4.582000 1.650000 -0.752254
44  1  667.817000 1924.352000 1.485000 1.936000 4.679000 1.763000 2.393073
40  1  723.103000 1883.720000 1.076000 2.171000 4.539000 1.759000 2.447353
43  1  679.175000 1914.399000 1.351000 2.056000 4.875000 1.596000 2.427980
37  1  689.738000 1910.568000 1.098000 2.040000 4.838000 1.566000 2.427980
45  1  735.547000 1874.090000 1.117000 2.200000 4.812000 1.919000 2.372060
41  1  690.390000 1906.709000 1.261000 1.412000 2.106000 1.776000 2.372060

28 21 1542800381.448102
48  1  766.794000 1842.516000 0.875000 2.000000 4.716000 1.602000 2.372060
32  1  651.286000 1946.906000 1.780000 2.066000 4.792000 1.536000 2.433425
49  2  757.631000 1883.901000 0.688000 2.116000 0.416000 1.072000 2.014075
35  2  708.281000 1916.338000 0.597000 2.182000 0.780000 0.899000 0.643695
47  1  765.226000 1848.029000 1.154000 1.965000 4.671000 1.827000 2.406966
46  1  746.349000 1864.119000 1.014000 2.200000 4.846000 1.764000 2.372060
36  1  701.560000 1896.360000 1.187000 2.132000 4.872000 1.713000 2.447353
38  1  723.573000 1878.823000 0.915000 2.020000 4.696000 1.526000 2.459326
42  2  709.926000 1917.553000 0.597000 2.182000 0.780000 0.899000 0.730961
26  1  624.821000 1974.622000 2.249000 2.000000 4.858000 1.719000 2.315197
39  1  669.266000 1928.943000 1.586000 2.145000 4.977000 1.679000 2.485785
8  1  795.257000 1833.934000 0.928000 2.126000 4.583000 1.570000 -0.826396
33  1  708.651000 1879.944000 2.284000 2.920000 12.704000 4.464000 2.532700
50  1  748.837000 1854.075000 0.937000 2.000000 4.945000 1.717000 2.441873
9  1  737.816000 1886.765000 0.808000 2.154000 4.582000 1.650000 -0.752254
44  1  663.358000 1929.275000 1.667000 1.936000 4.679000 1.763000 2.393073
40  1  719.159000 1886.864000 1.105000 2.171000 4.539000 1.759000 2.447353
43  1  673.837000 1918.672000 1.505000 2.056000 4.875000 1.596000 2.427980
37  1  686.373000 1913.506000 1.268000 2.040000 4.838000 1.566000 2.427980
45  1  732.456000 1876.144000 1.128000 2.200000 4.812000 1.919000 2.372060
41  1  685.123000 1911.262000 1.378000 1.412000 2.106000 1.776000 2.372060

29 25 1542800381.897652
48  1  764.523000 1843.380000 0.860000 2.000000 4.716000 1.602000 2.380109
32  1  648.419000 1950.151000 1.968000 2.066000 4.792000 1.536000 2.433425
49  2  757.631000 1883.901000 0.688000 2.116000 0.416000 1.072000 2.014075
35  2  708.281000 1916.338000 0.597000 2.182000 0.780000 0.899000 0.643695
51  1  792.186000 1822.238000 0.746000 2.140000 4.665000 1.588000 2.372060
47  1  761.164000 1851.403000 1.099000 1.965000 4.671000 1.827000 2.406966
46  1  741.761000 1868.006000 1.014000 2.200000 4.846000 1.764000 2.372060
36  1  697.301000 1899.887000 1.266000 2.132000 4.872000 1.713000 2.447353
52  1  775.700000 1837.971000 0.909000 2.055000 4.566000 1.512000 2.372060
38  1  719.538000 1882.126000 0.915000 2.020000 4.696000 1.526000 2.459326
42  2  709.926000 1917.553000 0.597000 2.182000 0.780000 0.899000 0.730961
53  2  753.497000 1885.778000 0.702000 2.113000 0.454000 1.017000 1.006409
26  1  623.047000 1976.951000 2.329000 2.000000 4.858000 1.719000 2.315197
39  1  666.828000 1932.174000 1.576000 2.145000 4.977000 1.679000 2.485785
8  1  801.874000 1828.936000 0.751000 2.126000 4.583000 1.570000 -0.826396
33  1  708.689000 1879.855000 2.248000 2.920000 12.704000 4.464000 2.532700
50  1  744.753000 1857.211000 0.911000 2.000000 4.945000 1.717000 2.441873
9  1  742.795000 1882.647000 0.787000 2.154000 4.582000 1.650000 -0.752254
44  1  659.089000 1933.414000 1.830000 1.936000 4.679000 1.763000 2.393073
40  1  715.793000 1889.541000 1.131000 2.171000 4.539000 1.759000 2.447353
54  2  755.331000 1884.675000 0.752000 2.113000 0.454000 1.017000 1.006409
37  1  683.388000 1916.290000 1.421000 2.040000 4.838000 1.566000 2.427980
55  2  749.400000 1887.975000 0.852000 2.113000 0.454000 1.017000 0.692250
45  1  729.678000 1877.990000 1.139000 2.200000 4.812000 1.919000 2.459326
41  1  680.484000 1915.262000 1.634000 1.412000 2.106000 1.776000 2.372060

30 27 1542800382.397543
48  1  761.998000 1844.342000 0.843000 2.000000 4.716000 1.602000 2.389061
32  1  644.946000 1953.637000 2.177000 2.066000 4.792000 1.536000 2.433425
49  2  757.631000 1883.901000 0.688000 2.116000 0.416000 1.072000 2.014075
51  1  788.013000 1826.205000 0.796000 2.140000 4.665000 1.588000 2.372060
47  1  756.647000 1855.155000 0.871000 1.965000 4.671000 1.827000 2.406966
46  1  738.199000 1870.467000 0.975000 2.200000 4.846000 1.764000 2.546592
36  1  692.565000 1903.810000 1.354000 2.132000 4.872000 1.713000 2.447353
52  1  771.686000 1841.563000 0.858000 2.055000 4.566000 1.512000 2.372060
38  1  715.349000 1885.557000 0.930000 2.020000 4.696000 1.526000 2.459326
42  2  709.926000 1917.553000 0.597000 2.182000 0.780000 0.899000 0.730961
53  2  753.497000 1885.778000 0.702000 2.113000 0.454000 1.017000 1.006409
56  2  758.046000 1883.374000 0.688000 2.116000 0.416000 1.072000 2.014075
39  1  663.966000 1935.345000 1.931000 2.145000 4.977000 1.679000 2.485785
57  2  751.610000 1886.862000 0.652000 2.113000 0.454000 1.017000 1.006409
8  1  808.440000 1822.562000 0.554000 2.126000 4.583000 1.570000 -0.826396
33  1  708.689000 1879.855000 2.248000 2.920000 12.704000 4.464000 2.532700
50  1  740.212000 1860.699000 0.881000 2.000000 4.945000 1.717000 2.441873
9  1  748.333000 1878.067000 0.763000 2.154000 4.582000 1.650000 -0.752254
44  1  654.342000 1938.016000 1.912000 1.936000 4.679000 1.763000 2.393073
40  1  711.946000 1892.604000 1.110000 2.171000 4.539000 1.759000 2.447353
54  2  755.331000 1884.675000 0.752000 2.113000 0.454000 1.017000 1.006409
58  2  757.195000 1884.335000 0.688000 2.116000 0.416000 1.072000 2.014075
37  1  680.286000 1919.637000 1.590000 2.040000 4.838000 1.566000 2.427980
55  2  749.400000 1887.975000 0.752000 2.113000 0.454000 1.017000 0.692250
45  1  725.410000 1881.257000 1.060000 2.200000 4.812000 1.919000 2.459326
41  1  675.335000 1919.823000 1.726000 1.412000 2.106000 1.776000 2.372060
59  2  749.936000 1888.149000 0.652000 2.113000 0.454000 1.017000 0.692250

31 26 1542800382.897959
48  1  759.470000 1845.305000 0.825000 2.000000 4.716000 1.602000 2.398022
49  2  757.631000 1883.901000 0.688000 2.116000 0.416000 1.072000 2.014075
51  1  783.835000 1830.177000 1.046000 2.140000 4.665000 1.588000 2.372060
47  1  752.169000 1858.958000 0.843000 1.965000 4.671000 1.827000 2.406966
46  1  734.491000 1873.719000 0.986000 2.200000 4.846000 1.764000 2.459326
36  1  687.987000 1908.037000 1.443000 2.132000 4.872000 1.713000 2.447353
52  1  767.667000 1845.159000 1.008000 2.055000 4.566000 1.512000 2.372060
38  1  711.046000 1889.082000 0.945000 2.020000 4.696000 1.526000 2.459326
42  2  709.926000 1917.553000 0.597000 2.182000 0.780000 0.899000 0.730961
53  2  753.497000 1885.778000 0.802000 2.113000 0.454000 1.017000 1.006409
56  2  758.046000 1883.374000 0.688000 2.116000 0.416000 1.072000 2.014075
39  1  661.100000 1938.520000 1.936000 2.145000 4.977000 1.679000 2.485785
57  2  751.610000 1886.862000 0.752000 2.113000 0.454000 1.017000 1.006409
8  1  815.012000 1816.182000 0.907000 2.126000 4.583000 1.570000 -0.826396
33  1  708.689000 1879.855000 2.348000 2.920000 12.704000 4.464000 2.532700
50  1  735.665000 1864.190000 0.852000 2.000000 4.945000 1.717000 2.441873
9  1  753.876000 1873.483000 0.892000 2.154000 4.582000 1.650000 -0.752254
60  2  780.260000 1864.069000 0.821000 2.196000 0.504000 0.956000 -0.327808
40  1  708.095000 1895.671000 1.139000 2.171000 4.539000 1.759000 2.447353
54  2  755.331000 1884.675000 0.752000 2.113000 0.454000 1.017000 1.006409
58  2  757.195000 1884.335000 0.688000 2.116000 0.416000 1.072000 2.014075
55  2  749.444000 1888.012000 0.752000 2.113000 0.454000 1.017000 0.692250
45  1  721.580000 1884.338000 1.072000 2.200000 4.812000 1.919000 2.459326
61  1  785.910000 1834.281000 1.134000 3.342000 6.323000 2.931000 2.334675
41  1  670.180000 1924.389000 1.618000 1.412000 2.106000 1.776000 2.372060
59  2  749.936000 1888.149000 0.652000 2.113000 0.454000 1.017000 0.692250

32 26 1542800383.397856
48  1  756.945000 1846.266000 0.808000 2.000000 4.716000 1.602000 2.406973
49  2  757.631000 1883.901000 0.688000 2.116000 0.416000 1.072000 2.014075
51  1  779.662000 1834.145000 0.896000 2.140000 4.665000 1.588000 2.372060
47  1  747.695000 1862.758000 0.915000 1.965000 4.671000 1.827000 2.406966
46  1  730.435000 1877.275000 0.998000 2.200000 4.846000 1.764000 2.424419
62  2  782.447000 1861.789000 0.571000 2.044000 0.504000 0.956000 1.906214
36  1  683.414000 1912.260000 1.531000 2.132000 4.872000 1.713000 2.447353
52  1  763.560000 1848.655000 0.908000 2.055000 4.566000 1.512000 2.372060
38  1  706.747000 1892.603000 1.060000 2.020000 4.696000 1.526000 2.459326
42  2  709.926000 1917.553000 0.597000 2.182000 0.780000 0.899000 0.730961
53  2  753.497000 1885.778000 0.752000 2.113000 0.454000 1.017000 1.006409
56  2  758.046000 1883.374000 0.688000 2.116000 0.416000 1.072000 2.014075
39  1  658.308000 1941.896000 2.091000 2.145000 4.977000 1.679000 2.485785
57  2  751.610000 1886.862000 0.652000 2.113000 0.454000 1.017000 1.006409
8  1  821.578000 1809.809000 0.609000 2.126000 4.583000 1.570000 -0.826396
33  1  708.689000 1879.855000 2.398000 2.920000 12.704000 4.464000 2.532700
50  1  730.971000 1867.806000 0.891000 2.000000 4.945000 1.717000 2.441873
9  1  759.567000 1868.872000 0.787000 2.154000 4.582000 1.650000 -0.752254
60  2  780.260000 1864.069000 0.721000 2.196000 0.504000 0.956000 -0.327808
40  1  704.365000 1898.874000 1.218000 2.171000 4.539000 1.759000 2.447353
54  2  755.331000 1884.675000 0.752000 2.113000 0.454000 1.017000 1.006409
58  2  757.195000 1884.335000 0.688000 2.116000 0.416000 1.072000 2.014075
55  2  749.400000 1887.975000 0.752000 2.113000 0.454000 1.017000 0.692250
45  1  717.922000 1887.621000 1.083000 2.200000 4.812000 1.919000 2.459326
61  1  786.097000 1834.085000 1.150000 3.342000 6.323000 2.931000 2.334675
59  2  749.936000 1888.149000 0.652000 2.113000 0.454000 1.017000 0.692250

33 28 1542800383.897713
48  1  752.825000 1849.519000 0.775000 2.000000 4.716000 1.602000 2.424419
49  2  757.631000 1883.901000 0.688000 2.116000 0.416000 1.072000 2.014075
63  2  780.974000 1862.713000 0.621000 2.196000 0.504000 0.956000 0.754296
51  1  775.490000 1838.112000 0.946000 2.140000 4.665000 1.588000 2.372060
47  1  743.222000 1866.557000 0.988000 1.965000 4.671000 1.827000 2.406966
64  1  744.128000 1861.044000 0.760000 2.057000 5.200000 1.707000 2.431436
46  1  726.379000 1880.830000 1.009000 2.200000 4.846000 1.764000 2.424419
62  2  782.447000 1861.789000 0.571000 2.044000 0.504000 0.956000 1.906214
36  1  678.755000 1916.379000 1.669000 2.132000 4.872000 1.713000 2.447353
52  1  759.453000 1852.151000 0.808000 2.055000 4.566000 1.512000 2.372060
42  2  709.926000 1917.553000 0.597000 2.182000 0.780000 0.899000 0.730961
53  2  753.497000 1885.778000 0.740000 2.113000 0.454000 1.017000 1.006409
56  2  758.046000 1883.374000 0.688000 2.116000 0.416000 1.072000 2.014075
39  1  655.517000 1945.272000 2.246000 2.145000 4.977000 1.679000 2.485785
57  2  751.610000 1886.862000 0.652000 2.113000 0.454000 1.017000 1.006409
8  1  828.143000 1803.435000 0.212000 2.126000 4.583000 1.570000 -0.826396
33  1  708.689000 1879.855000 2.398000 2.920000 12.704000 4.464000 2.532700
50  1  726.711000 1871.412000 0.852000 2.000000 4.945000 1.717000 2.441873
9  1  765.258000 1864.262000 0.781000 2.154000 4.582000 1.650000 -0.752254
65  1  767.119000 1841.787000 0.743000 2.016000 4.527000 1.596000 2.431436
60  2  780.260000 1864.069000 0.721000 2.196000 0.504000 0.956000 -0.327808
40  1  700.635000 1902.078000 1.297000 2.171000 4.539000 1.759000 2.447353
54  2  755.331000 1884.675000 0.752000 2.113000 0.454000 1.017000 1.006409
58  2  757.195000 1884.335000 0.688000 2.116000 0.416000 1.072000 2.014075
55  2  749.400000 1887.975000 0.752000 2.113000 0.454000 1.017000 0.692250
45  1  714.263000 1890.904000 1.144000 2.200000 4.812000 1.919000 2.459326
61  1  786.284000 1833.890000 1.166000 3.342000 6.323000 2.931000 2.334675
59  2  749.936000 1888.149000 0.652000 2.113000 0.454000 1.017000 0.692250

34 27 1542800384.397580
48  1  748.351000 1853.451000 0.725000 2.000000 4.716000 1.602000 2.424419
49  2  757.631000 1883.901000 0.688000 2.116000 0.416000 1.072000 2.014075
63  2  780.974000 1862.713000 0.621000 2.196000 0.504000 0.956000 0.754296
51  1  770.586000 1842.620000 0.946000 2.140000 4.665000 1.588000 2.372060
47  1  738.678000 1870.270000 1.010000 1.965000 4.671000 1.827000 2.459326
64  1  739.350000 1864.963000 0.806000 2.057000 5.200000 1.707000 2.431436
46  1  722.324000 1884.385000 1.120000 2.200000 4.846000 1.764000 2.424419
62  2  782.447000 1861.789000 0.571000 2.044000 0.504000 0.956000 1.906214
52  1  754.794000 1856.270000 0.781000 2.055000 4.566000 1.512000 2.424419
42  2  709.926000 1917.553000 0.597000 2.182000 0.780000 0.899000 0.730961
53  2  753.497000 1885.778000 0.728000 2.113000 0.454000 1.017000 1.006409
56  2  758.046000 1883.374000 0.688000 2.116000 0.416000 1.072000 2.014075
39  1  652.642000 1948.540000 2.401000 2.145000 4.977000 1.679000 2.485785
57  2  751.610000 1886.862000 0.652000 2.113000 0.454000 1.017000 1.006409
8  1  834.465000 1796.838000 -0.186000 2.126000 4.583000 1.570000 -0.826396
33  1  708.689000 1879.855000 2.527000 2.920000 12.704000 4.464000 2.532700
50  1  722.322000 1875.127000 0.852000 2.000000 4.945000 1.717000 2.441873
9  1  770.949000 1859.652000 0.775000 2.154000 4.582000 1.650000 -0.752254
65  1  762.178000 1845.795000 0.743000 2.016000 4.527000 1.596000 2.431436
60  2  780.260000 1864.069000 0.696000 2.196000 0.504000 0.956000 -0.327808
40  1  696.905000 1905.281000 1.426000 2.171000 4.539000 1.759000 2.447353
54  2  755.331000 1884.675000 0.752000 2.113000 0.454000 1.017000 1.006409
58  2  757.195000 1884.335000 0.688000 2.116000 0.416000 1.072000 2.014075
55  2  749.400000 1887.975000 0.752000 2.113000 0.454000 1.017000 0.692250
45  1  710.605000 1894.187000 1.306000 2.200000 4.812000 1.919000 2.459326
61  1  786.472000 1833.694000 1.182000 3.342000 6.323000 2.931000 2.334675
59  2  749.936000 1888.149000 0.652000 2.113000 0.454000 1.017000 0.692250

35 28 1542800384.947787
48  1  743.426000 1857.780000 0.920000 2.000000 4.716000 1.602000 2.424419
66  1  793.948000 1820.427000 0.514000 2.080000 4.925000 1.803000 2.431436
49  2  757.631000 1883.901000 0.688000 2.116000 0.416000 1.072000 2.014075
63  2  780.974000 1862.713000 0.621000 2.196000 0.504000 0.956000 0.754296
51  1  765.434000 1847.131000 0.846000 2.140000 4.665000 1.588000 2.424419
47  1  734.138000 1874.229000 0.984000 1.965000 4.671000 1.827000 2.459326
67  1  796.767000 1813.341000 0.322000 2.033000 4.825000 1.682000 2.396250
64  1  734.194000 1869.396000 0.856000 2.057000 5.200000 1.707000 2.431436
46  1  718.004000 1888.261000 1.242000 2.200000 4.846000 1.764000 2.424419
62  2  782.447000 1861.789000 0.571000 2.044000 0.504000 0.956000 1.906214
52  1  749.939000 1860.554000 0.750000 2.055000 4.566000 1.512000 2.424419
42  2  709.926000 1917.553000 0.597000 2.182000 0.780000 0.899000 0.730961
53  2  753.497000 1885.778000 0.714000 2.113000 0.454000 1.017000 1.006409
56  2  758.046000 1883.374000 0.688000 2.116000 0.416000 1.072000 2.014075
57  2  751.610000 1886.862000 0.652000 2.113000 0.454000 1.017000 1.006409
8  1  841.424000 1789.577000 -0.623000 2.126000 4.583000 1.570000 -0.826396
33  1  708.689000 1879.855000 2.448000 2.920000 12.704000 4.464000 2.532700
50  1  717.491000 1879.216000 0.852000 2.000000 4.945000 1.717000 2.441873
9  1  777.226000 1854.323000 0.730000 2.154000 4.582000 1.650000 -0.752254
65  1  756.740000 1850.207000 0.743000 2.016000 4.527000 1.596000 2.431436
60  2  780.260000 1864.069000 0.670000 2.196000 0.504000 0.956000 -0.327808
40  1  692.955000 1908.994000 1.568000 2.171000 4.539000 1.759000 2.447353
54  2  755.331000 1884.675000 0.752000 2.113000 0.454000 1.017000 1.006409
58  2  757.195000 1884.335000 0.688000 2.116000 0.416000 1.072000 2.014075
55  2  749.400000 1887.975000 0.752000 2.113000 0.454000 1.017000 0.692250
45  1  706.495000 1897.697000 1.428000 2.200000 4.812000 1.919000 2.459326
61  1  786.678000 1833.479000 1.200000 3.342000 6.323000 2.931000 2.334675
59  2  749.936000 1888.149000 0.652000 2.113000 0.454000 1.017000 0.692250

36 29 1542800385.448218
48  1  738.946000 1861.716000 0.998000 2.000000 4.716000 1.602000 2.424419
66  1  789.549000 1825.189000 0.564000 2.080000 4.925000 1.803000 2.431436
49  2  757.631000 1883.901000 0.688000 2.116000 0.416000 1.072000 2.014075
63  2  780.974000 1862.713000 0.621000 2.196000 0.504000 0.956000 0.754296
51  1  760.610000 1851.352000 0.755000 2.140000 4.665000 1.588000 2.424419
47  1  730.008000 1877.830000 0.960000 1.965000 4.671000 1.827000 2.459326
67  1  791.927000 1818.470000 0.330000 2.033000 4.825000 1.682000 2.396250
64  1  729.505000 1873.428000 0.901000 2.057000 5.200000 1.707000 2.431436
46  1  714.276000 1891.611000 1.354000 2.200000 4.846000 1.764000 2.424419
62  2  782.447000 1861.789000 0.571000 2.044000 0.504000 0.956000 1.906214
52  1  745.724000 1864.276000 0.722000 2.055000 4.566000 1.512000 2.424419
68  1  848.293000 1760.604000 -1.233000 2.050000 4.442000 1.609000 2.334675
53  2  753.497000 1885.778000 0.702000 2.113000 0.454000 1.017000 1.006409
56  2  758.046000 1883.374000 0.688000 2.116000 0.416000 1.072000 2.014075
57  2  751.610000 1886.862000 0.652000 2.113000 0.454000 1.017000 1.006409
8  1  847.754000 1782.973000 -0.871000 2.126000 4.583000 1.570000 -0.826396
33  1  708.689000 1879.855000 2.298000 2.920000 12.704000 4.464000 2.532700
50  1  713.097000 1882.936000 0.852000 2.000000 4.945000 1.717000 2.441873
9  1  782.935000 1849.475000 0.688000 2.154000 4.582000 1.650000 -0.752254
65  1  751.765000 1854.409000 0.730000 2.016000 4.527000 1.596000 2.431436
60  2  780.260000 1864.069000 0.645000 2.196000 0.504000 0.956000 -0.327808
40  1  689.659000 1911.527000 1.515000 2.171000 4.539000 1.759000 2.447353
54  2  755.331000 1884.675000 0.752000 2.113000 0.454000 1.017000 1.006409
58  2  757.195000 1884.335000 0.688000 2.116000 0.416000 1.072000 2.014075
55  2  749.400000 1887.975000 0.752000 2.113000 0.454000 1.017000 0.692250
69  1  777.134000 1836.618000 0.745000 1.950000 4.679000 1.585000 2.431436
45  1  702.827000 1900.662000 1.485000 2.200000 4.812000 1.919000 2.459326
61  1  786.865000 1833.283000 1.216000 3.342000 6.323000 2.931000 2.334675
59  2  749.936000 1888.149000 0.652000 2.113000 0.454000 1.017000 0.692250

37 31 1542800385.948086
48  1  734.472000 1865.649000 1.075000 2.000000 4.716000 1.602000 2.424419
66  1  784.852000 1829.490000 0.664000 2.080000 4.925000 1.803000 2.431436
49  2  757.631000 1883.901000 0.688000 2.116000 0.416000 1.072000 2.014075
63  2  780.974000 1862.713000 0.621000 2.196000 0.504000 0.956000 0.754296
51  1  756.028000 1855.363000 0.864000 2.140000 4.665000 1.588000 2.424419
47  1  726.056000 1881.044000 1.087000 1.965000 4.671000 1.827000 2.459326
67  1  786.926000 1823.024000 0.438000 2.033000 4.825000 1.682000 2.396250
64  1  724.820000 1877.456000 0.946000 2.057000 5.200000 1.707000 2.431436
46  1  710.390000 1894.568000 1.415000 2.200000 4.846000 1.764000 2.424419
62  2  782.447000 1861.789000 0.571000 2.044000 0.504000 0.956000 1.906214
52  1  741.612000 1867.731000 0.895000 2.055000 4.566000 1.512000 2.424419
68  1  842.442000 1766.609000 -1.044000 2.050000 4.442000 1.609000 2.334675
53  2  753.497000 1885.778000 0.702000 2.113000 0.454000 1.017000 1.006409
56  2  758.046000 1883.374000 0.688000 2.116000 0.416000 1.072000 2.014075
70  1  810.317000 1804.013000 -0.023000 1.800000 4.431000 1.691000 2.526661
57  2  751.610000 1886.862000 0.652000 2.113000 0.454000 1.017000 1.006409
8  1  854.076000 1776.376000 -1.224000 2.126000 4.583000 1.570000 -0.826396
33  1  708.689000 1879.855000 2.348000 2.920000 12.704000 4.464000 2.532700
50  1  708.927000 1886.911000 0.852000 2.000000 4.945000 1.717000 2.441873
9  1  788.637000 1844.634000 0.696000 2.154000 4.582000 1.650000 -0.752254
65  1  746.906000 1858.512000 0.816000 2.016000 4.527000 1.596000 2.431436
60  2  780.260000 1864.069000 0.621000 2.196000 0.504000 0.956000 -0.327808
54  2  755.331000 1884.675000 0.752000 2.113000 0.454000 1.017000 1.006409
71  1  850.397000 1763.295000 -1.601000 2.197000 4.845000 1.757000 2.339701
58  2  757.195000 1884.335000 0.688000 2.116000 0.416000 1.072000 2.014075
55  2  749.400000 1887.975000 0.752000 2.113000 0.454000 1.017000 0.692250
69  1  772.997000 1840.395000 0.745000 1.950000 4.679000 1.585000 2.431436
45  1  699.080000 1903.521000 1.442000 2.200000 4.812000 1.919000 2.459326
61  1  787.053000 1833.088000 1.232000 3.342000 6.323000 2.931000 2.334675
59  2  749.936000 1888.149000 0.652000 2.113000 0.454000 1.017000 0.692250
72  1  773.832000 1834.826000 0.508000 2.065000 4.714000 1.680000 2.419044

38 31 1542800386.398207
48  1  730.443000 1869.190000 1.144000 2.000000 4.716000 1.602000 2.424419
66  1  780.728000 1833.111000 0.664000 2.080000 4.925000 1.803000 2.431436
49  2  757.625000 1883.898000 0.688000 2.116000 0.416000 1.072000 2.014075
63  2  780.974000 1862.713000 0.621000 2.196000 0.504000 0.956000 0.754296
51  1  751.902000 1858.974000 0.923000 2.140000 4.665000 1.588000 2.424419
47  1  722.497000 1883.939000 1.251000 1.965000 4.671000 1.827000 2.459326
67  1  782.424000 1827.125000 0.535000 2.033000 4.825000 1.682000 2.396250
64  1  720.602000 1881.083000 1.087000 2.057000 5.200000 1.707000 2.431436
46  1  706.890000 1897.231000 1.570000 2.200000 4.846000 1.764000 2.424419
62  2  782.447000 1861.789000 0.571000 2.044000 0.504000 0.956000 1.906214
52  1  737.909000 1870.842000 1.000000 2.055000 4.566000 1.512000 2.424419
68  1  837.567000 1772.241000 -1.143000 2.050000 4.442000 1.609000 2.334675
53  2  753.497000 1885.778000 0.702000 2.113000 0.454000 1.017000 1.006409
56  2  758.046000 1883.374000 0.688000 2.116000 0.416000 1.072000 2.014075
70  1  808.635000 1805.044000 0.035000 1.800000 4.431000 1.691000 2.526661
57  2  751.610000 1886.862000 0.652000 2.113000 0.454000 1.017000 1.006409
8  1  859.769000 1770.435000 -1.542000 2.126000 4.583000 1.570000 -0.826396
33  1  708.689000 1879.855000 2.548000 2.920000 12.704000 4.464000 2.532700
50  1  705.172000 1890.491000 0.852000 2.000000 4.945000 1.717000 2.441873
9  1  793.750000 1840.139000 0.574000 2.154000 4.582000 1.650000 -0.752254
65  1  742.530000 1862.206000 0.894000 2.016000 4.527000 1.596000 2.431436
60  2  780.260000 1864.069000 0.621000 2.196000 0.504000 0.956000 -0.327808
54  2  755.331000 1884.675000 0.752000 2.113000 0.454000 1.017000 1.006409
71  1  846.767000 1767.134000 -1.376000 2.197000 4.845000 1.757000 2.339701
58  2  757.195000 1884.335000 0.688000 2.116000 0.416000 1.072000 2.014075
55  2  749.400000 1887.975000 0.752000 2.113000 0.454000 1.017000 0.692250
69  1  769.273000 1843.796000 0.745000 1.950000 4.679000 1.585000 2.431436
45  1  695.622000 1905.993000 1.404000 2.200000 4.812000 1.919000 2.459326
61  1  787.221000 1832.911000 1.202000 3.342000 6.323000 2.931000 2.334675
59  2  749.936000 1888.149000 0.652000 2.113000 0.454000 1.017000 0.692250
72  1  769.236000 1839.063000 0.631000 2.065000 4.714000 1.680000 2.419044

39 29 1542800386.898102
48  1  726.103000 1873.178000 1.222000 2.000000 4.716000 1.602000 2.424419
66  1  776.454000 1837.080000 0.752000 2.080000 4.925000 1.803000 2.431436
49  2  757.618000 1883.895000 0.688000 2.116000 0.416000 1.072000 2.014075
63  2  780.974000 1862.713000 0.621000 2.196000 0.504000 0.956000 0.754296
51  1  747.556000 1862.779000 1.049000 2.140000 4.665000 1.588000 2.424419
47  1  718.505000 1887.105000 1.433000 1.965000 4.671000 1.827000 2.459326
67  1  777.423000 1831.679000 0.643000 2.033000 4.825000 1.682000 2.396250
64  1  715.731000 1884.894000 1.244000 2.057000 5.200000 1.707000 2.431436
46  1  703.004000 1900.188000 1.592000 2.200000 4.846000 1.764000 2.424419
62  2  782.447000 1861.789000 0.571000 2.044000 0.504000 0.956000 1.906214
52  1  734.054000 1873.983000 1.072000 2.055000 4.566000 1.512000 2.424419
68  1  832.153000 1778.495000 -0.643000 2.050000 4.442000 1.609000 2.334675
53  2  753.497000 1885.778000 0.702000 2.113000 0.454000 1.017000 1.006409
56  2  758.046000 1883.374000 0.755000 2.116000 0.416000 1.072000 2.014075
70  1  806.766000 1806.188000 0.155000 1.800000 4.431000 1.691000 2.526661
57  2  751.610000 1886.862000 0.652000 2.113000 0.454000 1.017000 1.006409
8  1  866.092000 1763.838000 -1.895000 2.126000 4.583000 1.570000 -0.826396
33  1  708.689000 1879.855000 2.770000 2.920000 12.704000 4.464000 2.532700
9  1  799.428000 1835.148000 0.600000 2.154000 4.582000 1.650000 -0.752254
65  1  737.670000 1866.309000 1.097000 2.016000 4.527000 1.596000 2.431436
60  2  780.260000 1864.069000 0.621000 2.196000 0.504000 0.956000 -0.327808
54  2  755.331000 1884.675000 0.752000 2.113000 0.454000 1.017000 1.006409
71  1  842.735000 1771.397000 -1.126000 2.197000 4.845000 1.757000 2.339701
58  2  757.195000 1884.335000 0.688000 2.116000 0.416000 1.072000 2.014075
69  1  765.325000 1847.495000 0.795000 1.950000 4.679000 1.585000 2.431436
45  1  691.866000 1908.841000 1.460000 2.200000 4.812000 1.919000 2.459326
61  1  787.409000 1832.716000 1.168000 3.342000 6.323000 2.931000 2.334675
59  2  749.936000 1888.149000 0.652000 2.113000 0.454000 1.017000 0.692250
72  1  764.133000 1843.769000 0.768000 2.065000 4.714000 1.680000 2.419044

40 22 1542800387.397971
66  1  772.291000 1840.865000 0.890000 2.080000 4.925000 1.803000 2.431436
49  2  757.631000 1883.901000 0.688000 2.116000 0.416000 1.072000 2.014075
63  2  780.974000 1862.713000 0.621000 2.196000 0.504000 0.956000 0.754296
51  1  743.398000 1866.419000 1.175000 2.140000 4.665000 1.588000 2.424419
47  1  714.635000 1890.421000 1.565000 1.965000 4.671000 1.827000 2.459326
67  1  772.360000 1836.197000 0.768000 2.033000 4.825000 1.682000 2.396250
46  1  699.118000 1903.145000 1.614000 2.200000 4.846000 1.764000 2.424419
62  2  782.447000 1861.789000 0.571000 2.044000 0.504000 0.956000 1.906214
52  1  730.665000 1877.251000 1.244000 2.055000 4.566000 1.512000 2.424419
68  1  826.913000 1784.832000 -0.593000 2.050000 4.442000 1.609000 2.334675
56  2  758.046000 1883.374000 0.821000 2.116000 0.416000 1.072000 2.014075
70  1  804.898000 1807.332000 0.125000 1.800000 4.431000 1.691000 2.526661
8  1  871.904000 1756.771000 -2.247000 2.126000 4.583000 1.570000 -0.826396
33  1  708.689000 1879.855000 2.892000 2.920000 12.704000 4.464000 2.532700
9  1  805.105000 1830.156000 0.525000 2.154000 4.582000 1.650000 -0.752254
65  1  732.811000 1870.412000 1.300000 2.016000 4.527000 1.596000 2.431436
60  2  780.260000 1864.069000 0.621000 2.196000 0.504000 0.956000 -0.327808
54  2  755.331000 1884.675000 0.752000 2.113000 0.454000 1.017000 1.006409
71  1  838.704000 1775.660000 -0.976000 2.197000 4.845000 1.757000 2.339701
69  1  761.377000 1851.195000 0.945000 1.950000 4.679000 1.585000 2.431436
61  1  787.409000 1832.716000 1.118000 3.342000 6.323000 2.931000 2.334675
72  1  759.699000 1848.575000 0.855000 2.065000 4.714000 1.680000 2.558670

41 19 1542800387.897823
66  1  768.275000 1844.523000 1.078000 2.080000 4.925000 1.803000 2.431436
49  2  757.631000 1883.901000 0.688000 2.116000 0.416000 1.072000 2.014075
51  1  739.287000 1870.018000 1.300000 2.140000 4.665000 1.588000 2.424419
47  1  710.725000 1893.686000 1.847000 1.965000 4.671000 1.827000 2.459326
67  1  767.533000 1840.678000 0.893000 2.033000 4.825000 1.682000 2.396250
46  1  695.319000 1906.203000 2.086000 2.200000 4.846000 1.764000 2.424419
62  2  782.447000 1861.789000 0.571000 2.044000 0.504000 0.956000 1.906214
52  1  727.231000 1880.468000 1.367000 2.055000 4.566000 1.512000 2.424419
68  1  821.675000 1791.169000 -0.293000 2.050000 4.442000 1.609000 2.334675
56  2  758.046000 1883.374000 0.888000 2.116000 0.416000 1.072000 2.014075
70  1  801.051000 1809.215000 0.267000 1.800000 4.431000 1.691000 2.526661
8  1  878.227000 1750.174000 -2.600000 2.126000 4.583000 1.570000 -0.826396
33  1  708.689000 1879.855000 2.892000 2.920000 12.704000 4.464000 2.532700
9  1  810.562000 1824.900000 0.325000 2.154000 4.582000 1.650000 -0.752254
65  1  727.952000 1874.514000 1.502000 2.016000 4.527000 1.596000 2.431436
71  1  834.671000 1779.828000 -0.626000 2.197000 4.845000 1.757000 2.339701
69  1  757.345000 1854.796000 1.094000 1.950000 4.679000 1.585000 2.431436
61  1  787.326000 1832.637000 1.168000 3.342000 6.323000 2.931000 2.334675
72  1  753.784000 1853.194000 1.092000 2.065000 4.714000 1.680000 2.558670

