41
1.70079  0.0159456  1.51096  0.499802  -0.503032  0.49978  -0.497371
1266.42  816.267  1266.42  491.507  
1 1 1538984233.512470
../data/CAM_FRONT/n015-2018-10-08-15-36-50+0800__CAM_FRONT__1538984233512470.jpg
715.647797 1810.182288 -1.282612
1 449 475 81 115 0

2 1 1538984234.012472
../data/CAM_FRONT/n015-2018-10-08-15-36-50+0800__CAM_FRONT__1538984234012472.jpg
716.032328 1808.194744 -1.463251
1 161 473 108 136 0

3 0 1538984234.512460
../data/CAM_FRONT/n015-2018-10-08-15-36-50+0800__CAM_FRONT__1538984234512460.jpg
716.068033 1806.125956 -1.638248

4 1 1538984234.912460
../data/CAM_FRONT/n015-2018-10-08-15-36-50+0800__CAM_FRONT__1538984234912460.jpg
715.838620 1804.519029 -1.777197
1 1482 470 57 89 0

5 1 1538984235.412460
../data/CAM_FRONT/n015-2018-10-08-15-36-50+0800__CAM_FRONT__1538984235412460.jpg
715.261020 1802.579849 -1.930270
1 1247 469 54 91 0

6 3 1538984235.912460
../data/CAM_FRONT/n015-2018-10-08-15-36-50+0800__CAM_FRONT__1538984235912460.jpg
714.379494 1800.657740 -2.057496
1 1325 485 103 71 1
2 1055 469 55 94 0
3 1434 482 110 75 1

7 3 1538984236.412460
../data/CAM_FRONT/n015-2018-10-08-15-36-50+0800__CAM_FRONT__1538984236412460.jpg
713.265962 1798.781025 -2.152722
1 1220 485 108 74 1
2 909 467 59 104 0
3 1327 482 116 77 1

8 5 1538984236.912460
../data/CAM_FRONT/n015-2018-10-08-15-36-50+0800__CAM_FRONT__1538984236912460.jpg
711.964666 1796.918572 -2.203118
1 1522 475 95 93 1
2 1179 485 119 79 1
3 808 465 67 117 0
4 1410 488 155 77 1
5 1289 481 129 83 1

9 5 1538984237.412460
../data/CAM_FRONT/n015-2018-10-08-15-36-50+0800__CAM_FRONT__1538984237412460.jpg
710.538105 1795.029389 -2.230150
1 1534 476 94 83 1
2 1168 485 134 87 1
3 718 462 77 135 0
4 1414 488 176 84 1
5 1284 481 148 91 1

10 4 1538984237.912460
../data/CAM_FRONT/n015-2018-10-08-15-36-50+0800__CAM_FRONT__1538984237912460.jpg
709.066444 1793.191090 -2.256847
1 1161 485 153 96 1
2 605 457 92 162 0
3 1423 488 204 93 1
4 1283 481 171 100 1

11 4 1538984238.412460
../data/CAM_FRONT/n015-2018-10-08-15-36-50+0800__CAM_FRONT__1538984238412460.jpg
707.555901 1791.422936 -2.287613
1 1147 486 178 106 1
2 451 450 118 204 0
3 1427 489 108 101 1
4 1283 480 198 111 1

12 4 1538984238.912460
../data/CAM_FRONT/n015-2018-10-08-15-36-50+0800__CAM_FRONT__1538984238912460.jpg
705.985045 1789.718178 -2.333683
1 1109 486 206 120 1
2 179 437 166 280 0
3 1408 489 132 112 1
4 1260 480 229 124 1

13 4 1538984239.412460
../data/CAM_FRONT/n015-2018-10-08-15-36-50+0800__CAM_FRONT__1538984239412460.jpg
704.354602 1788.145810 -2.406733
1 1490 473 112 111 1
2 1029 486 237 136 1
3 1345 489 299 124 1
4 1196 479 261 139 1

14 4 1538984239.912460
../data/CAM_FRONT/n015-2018-10-08-15-36-50+0800__CAM_FRONT__1538984239912460.jpg
702.673147 1786.779559 -2.504315
1 1394 472 112 119 1
2 903 486 269 157 1
3 1244 490 329 137 1
4 1091 478 286 157 1

15 4 1538984240.412460
../data/CAM_FRONT/n015-2018-10-08-15-36-50+0800__CAM_FRONT__1538984240412460.jpg
700.887672 1785.667295 -2.650569
1 1217 466 308 176 1
2 692 486 303 188 1
3 1063 490 352 153 1
4 903 478 310 179 1

16 4 1538984240.912467
../data/CAM_FRONT/n015-2018-10-08-15-36-50+0800__CAM_FRONT__1538984240912467.jpg
699.017053 1784.893680 -2.835440
1 980 464 454 191 1
2 373 486 353 240 1
3 815 490 378 174 1
4 634 476 343 214 1

17 5 1538984241.412460
../data/CAM_FRONT/n015-2018-10-08-15-36-50+0800__CAM_FRONT__1538984241412460.jpg
697.111399 1784.505338 -3.030184
1 706 461 484 216 1
2 -40 487 377 349 1
3 1207 483 352 125 1
4 506 491 434 209 1
5 274 473 404 277 1

18 4 1538984241.912460
../data/CAM_FRONT/n015-2018-10-08-15-36-50+0800__CAM_FRONT__1538984241912460.jpg
695.172808 1784.517777 3.015826
1 293 456 570 264 1
2 880 482 337 129 1
3 1082 472 285 110 1
4 -11 493 575 283 1

19 3 1538984242.412460
../data/CAM_FRONT/n015-2018-10-08-15-36-50+0800__CAM_FRONT__1538984242412460.jpg
693.185167 1785.049891 2.757373
1 153 443 274 385 1
2 513 482 375 143 1
3 735 471 285 114 1

20 3 1538984242.912460
../data/CAM_FRONT/n015-2018-10-08-15-36-50+0800__CAM_FRONT__1538984242912460.jpg
691.260171 1786.108439 2.537161
1 92 481 489 176 1
2 640 452 227 94 1
3 394 469 331 129 1

21 6 1538984243.412460
../data/CAM_FRONT/n015-2018-10-08-15-36-50+0800__CAM_FRONT__1538984243412460.jpg
689.463346 1787.542974 2.418347
1 1023 481 196 60 1
2 211 480 119 233 1
3 1053 482 229 76 1
4 472 449 251 103 1
5 129 466 411 152 1
6 1120 478 295 106 1

22 9 1538984243.912460
../data/CAM_FRONT/n015-2018-10-08-15-36-50+0800__CAM_FRONT__1538984243912460.jpg
687.673542 1789.210798 2.385555
1 996 480 208 65 1
2 872 482 121 42 1
3 1030 482 250 82 1
4 402 445 279 113 1
5 32 462 405 186 1
6 659 484 59 38 1
7 1108 477 335 120 1
8 1035 479 113 42 1
9 1208 480 349 159 1

23 9 1538984244.412460
../data/CAM_FRONT/n015-2018-10-08-15-36-50+0800__CAM_FRONT__1538984244412460.jpg
685.816019 1790.971489 2.385045
1 1011 480 228 71 1
2 871 482 128 44 1
3 1051 482 281 92 1
4 350 441 312 126 1
5 257 456 87 238 1
6 647 484 63 40 1
7 1147 476 400 141 1
8 1047 479 118 44 1
9 1288 480 76 199 1

24 9 1538984244.912460
../data/CAM_FRONT/n015-2018-10-08-15-36-50+0800__CAM_FRONT__1538984244912460.jpg
683.931354 1792.773473 2.385205
1 1027 480 253 77 1
2 873 482 135 47 1
3 1075 482 324 104 1
4 283 435 354 142 1
5 25 445 160 333 1
6 634 484 69 42 1
7 1201 475 401 166 1
8 1059 479 124 46 1
9 1413 478 132 269 1

25 7 1538984245.412460
../data/CAM_FRONT/n015-2018-10-08-15-36-50+0800__CAM_FRONT__1538984245412460.jpg
681.973059 1794.626964 2.388470
1 1054 479 285 87 1
2 880 482 144 50 1
3 1115 481 383 123 1
4 201 428 409 164 1
5 626 484 75 45 1
6 1298 472 68 215 1
7 1078 479 131 48 1

26 7 1538984245.912460
../data/CAM_FRONT/n015-2018-10-08-15-36-50+0800__CAM_FRONT__1538984245912460.jpg
679.929240 1796.555339 2.391577
1 1087 478 326 99 1
2 885 482 155 53 1
3 1168 481 473 148 1
4 83 417 487 195 1
5 616 484 81 48 1
6 1463 467 138 306 1
7 1098 478 140 52 1

27 6 1538984246.412460
../data/CAM_FRONT/n015-2018-10-08-15-36-50+0800__CAM_FRONT__1538984246412460.jpg
677.856295 1798.513408 2.381935
1 1106 478 378 113 1
2 876 482 166 58 1
3 1228 480 54 182 1
4 14 401 478 242 1
5 586 484 88 51 1
6 1104 478 148 55 1

28 6 1538984246.912460
../data/CAM_FRONT/n015-2018-10-08-15-36-50+0800__CAM_FRONT__1538984246912460.jpg
675.789382 1800.524150 2.370558
1 1132 476 451 134 1
2 864 482 179 63 1
3 1327 478 98 248 1
4 284 374 103 320 1
5 549 484 98 56 1
6 1110 477 158 60 1

29 5 1538984247.412460
../data/CAM_FRONT/n015-2018-10-08-15-36-50+0800__CAM_FRONT__1538984247412460.jpg
673.615464 1802.669468 2.364882
1 1186 475 453 166 1
2 858 481 197 70 1
3 -1 318 210 484 1
4 513 484 110 61 1
5 1127 477 170 65 1

30 4 1538984247.912460
../data/CAM_FRONT/n015-2018-10-08-15-36-50+0800__CAM_FRONT__1538984247912460.jpg
671.465513 1804.826230 2.359482
1 1277 471 89 222 1
2 854 481 219 78 1
3 471 484 125 68 1
4 1148 476 185 72 1

31 4 1538984248.412460
../data/CAM_FRONT/n015-2018-10-08-15-36-50+0800__CAM_FRONT__1538984248412460.jpg
669.345191 1806.956139 2.355621
1 1443 466 178 326 1
2 851 481 244 88 1
3 426 485 144 75 1
4 1175 475 202 80 1

32 3 1538984248.912460
../data/CAM_FRONT/n015-2018-10-08-15-36-50+0800__CAM_FRONT__1538984248912460.jpg
667.233725 1809.090889 2.353332
1 852 480 277 102 1
2 369 485 170 86 1
3 1211 474 224 90 1

33 3 1538984249.412460
../data/CAM_FRONT/n015-2018-10-08-15-36-50+0800__CAM_FRONT__1538984249412460.jpg
665.203977 1811.144749 2.361381
1 869 479 320 121 1
2 317 485 201 98 1
3 1273 473 252 102 1

34 3 1538984249.912460
../data/CAM_FRONT/n015-2018-10-08-15-36-50+0800__CAM_FRONT__1538984249912460.jpg
663.264168 1813.042762 2.391381
1 924 479 378 144 1
2 288 485 239 113 1
3 1389 471 168 119 1

35 2 1538984250.412460
../data/CAM_FRONT/n015-2018-10-08-15-36-50+0800__CAM_FRONT__1538984250412460.jpg
661.427087 1814.663347 2.455471
1 1044 477 465 178 1
2 312 485 277 131 1

36 2 1538984250.912460
../data/CAM_FRONT/n015-2018-10-08-15-36-50+0800__CAM_FRONT__1538984250912460.jpg
659.588727 1816.036784 2.557555
1 1272 475 191 234 1
2 396 485 320 152 1

37 1 1538984251.412460
../data/CAM_FRONT/n015-2018-10-08-15-36-50+0800__CAM_FRONT__1538984251412460.jpg
657.815870 1817.056476 2.693939
1 557 486 347 177 1

38 2 1538984251.912460
../data/CAM_FRONT/n015-2018-10-08-15-36-50+0800__CAM_FRONT__1538984251912460.jpg
655.982162 1817.767963 2.874071
1 608 481 202 108 1
2 799 486 406 221 1

39 3 1538984252.412460
../data/CAM_FRONT/n015-2018-10-08-15-36-50+0800__CAM_FRONT__1538984252412460.jpg
654.115080 1818.099078 3.085893
1 892 481 221 121 1
2 1152 487 346 307 1
3 1273 457 209 157 1

40 1 1538984252.912460
../data/CAM_FRONT/n015-2018-10-08-15-36-50+0800__CAM_FRONT__1538984252912460.jpg
652.300370 1818.027295 -2.986452
1 1224 481 266 145 1

41 0 1538984253.412460
../data/CAM_FRONT/n015-2018-10-08-15-36-50+0800__CAM_FRONT__1538984253412460.jpg
650.603372 1817.586561 -2.782773

