40
1  21  1538448744.447639
1871.025039 2484.322483 2.297763
1  1901.184200 2500.061405 1.040000  2.367996 4.371910 1.617000  -0.838985
2  1915.624776 2467.054462 1.443000  2.103700 4.364636 1.756000  -0.988809
3  1842.428489 2537.813889 -0.551000  1.964666 5.999909 1.998000  -0.857128
4  1869.848168 2475.823782 1.039000  0.793567 0.790934 1.715000  2.267213
5  1866.262735 2480.889060 0.817000  0.782451 0.685648 1.658000  2.251518
6  1904.183739 2453.596228 2.215000  2.178071 4.452135 1.578000  2.302888
7  1855.720661 2493.126005 0.267000  0.799243 0.768019 1.658000  2.239221
8  1886.822338 2454.994561 1.962000  1.700068 0.519412 0.994000  0.796016
9  1917.862973 2509.618871 1.590000  2.924474 6.004913 2.217000  -1.909300
10  1913.604668 2504.325056 1.590000  3.198146 6.631724 2.217000  -1.888979
11  1873.421439 2506.369895 1.517000  2.748887 12.942138 4.581000  -0.811008
12  1897.530431 2456.209072 2.158000  2.183660 4.438856 1.754000  2.334389
13  1856.735669 2517.806802 -0.357000  1.568476 4.504782 1.474000  -0.876374
14  1877.429146 2506.637091 0.051000  1.939889 4.255244 1.704000  -0.796106
15  1922.521795 2505.439344 1.421000  1.846309 4.429338 1.591000  -1.112791
16  1868.312435 2505.958289 0.112000  2.046514 4.444719 1.527000  -0.866618
17  1909.593391 2491.561732 1.248000  1.896214 4.509391 1.865000  -0.786783
18  1930.309163 2426.335113 3.229000  2.218058 3.669547 1.627000  2.444333
19  1860.217866 2488.089010 0.617000  0.819625 0.669012 1.658000  2.208162
20  1859.277863 2487.594921 0.477000  0.763716 0.779350 1.658000  2.342756
21  1909.909038 2511.385989 0.965000  2.884837 5.917833 2.000000  -2.032417

2  22  1538448745.047596
1866.007521 2490.110455 2.283708
1  1901.767920 2500.030730 1.240000  2.040458 4.255860 1.617000  -0.834769
2  1920.912535 2460.624484 2.043000  2.057802 5.430911 1.756000  -0.763544
3  1847.295946 2533.635729 -0.252000  1.999875 5.799830 1.998000  -0.807235
4  1869.065772 2476.510714 1.389000  0.831174 0.779361 1.715000  2.329691
5  1866.020792 2481.627112 1.031000  0.673437 0.704034 1.658000  2.290411
6  1897.679923 2460.504437 2.156000  2.013404 4.662365 1.578000  2.296496
7  1854.975803 2493.402411 0.467000  0.904472 0.850342 1.658000  2.202089
8  1808.587814 2559.910525 -0.854000  1.946732 5.036005 2.124000  2.024161
9  1887.257836 2454.443488 2.234000  1.862495 0.683039 0.994000  0.821933
10  1834.870233 2531.289262 -0.600000  2.040193 4.686910 1.626000  2.267993
11  1875.963935 2503.696565 1.833000  3.047213 12.752033 4.581000  -0.763446
12  1892.335183 2461.585681 2.146000  2.148655 4.398513 1.754000  2.375980
13  1862.494289 2511.535771 0.166000  1.562155 4.378120 1.474000  -0.868174
14  1873.450006 2514.743228 1.315000  0.458097 0.548118 2.000000  2.499241
15  1877.302269 2506.860323 0.294000  1.621179 4.378928 1.704000  -0.724280
16  1872.753576 2500.994393 0.496000  2.154812 4.432842 1.527000  -0.753540
17  1814.345423 2565.971487 -0.995000  0.993501 4.358302 1.800000  -1.641876
18  1925.270976 2432.881896 3.240000  2.182061 4.837443 1.627000  2.323836
19  1860.191780 2489.235210 0.667000  0.896274 0.810838 1.658000  2.268366
20  1858.706263 2488.427322 0.717000  0.795141 0.721632 1.658000  2.238026
21  1862.648431 2530.152317 -0.402000  0.364201 0.390197 1.784000  2.414878
22  1819.102612 2551.693911 -0.579000  2.585136 4.214675 1.794000  2.414824

3  21  1538448745.547460
1861.845227 2495.029090 2.275284
1  1901.264449 2499.792398 1.407000  1.882365 4.322695 1.617000  -0.728138
2  1851.702717 2529.140039 0.148000  2.199042 5.581544 1.998000  -0.859463
3  1868.654458 2477.414363 1.530000  0.968460 0.624737 1.715000  2.249281
4  1865.054202 2482.396048 1.210000  0.799557 0.881191 1.658000  2.277429
5  1892.661890 2465.446960 2.107000  1.995521 4.133809 1.578000  2.306794
6  1854.456704 2493.967003 0.634000  0.795137 0.729962 1.658000  2.214737
7  1803.713752 2563.683043 -0.725000  1.814967 5.029520 2.124000  2.513257
8  1886.898713 2454.853338 2.268000  1.981595 0.487964 0.994000  0.697607
9  1831.489024 2534.151371 -0.475000  2.022171 4.596665 1.626000  2.274119
10  1879.005348 2501.363081 2.095000  2.658296 12.959426 4.581000  -0.740807
11  1887.645536 2465.939397 2.137000  1.864358 4.235916 1.754000  2.294058
12  1867.348619 2506.512002 0.450000  1.773579 4.556791 1.474000  -0.820650
13  1872.598838 2515.484673 1.315000  0.594038 0.293557 2.000000  2.455487
14  1877.496166 2506.793755 0.497000  2.052283 4.348643 1.704000  -0.624390
15  1877.173021 2497.257945 0.808000  1.829203 4.446450 1.527000  -0.738798
16  1811.289618 2565.971595 -0.745000  2.038964 4.514018 1.800000  -1.485848
17  1917.333794 2439.865994 3.250000  2.425703 4.301852 1.627000  2.235018
18  1859.043640 2489.753927 0.855000  0.791321 0.669389 1.658000  2.282066
19  1858.416645 2488.905542 0.917000  0.909339 0.776205 1.658000  2.255620
20  1862.021132 2530.652316 -0.206000  0.572103 0.443684 1.784000  2.391753
21  1818.395310 2552.340146 -0.479000  1.512652 4.635241 1.794000  2.219998

4  23  1538448746.047898
1857.672347 2500.000981 2.275335
1  1902.303208 2499.972534 1.574000  2.139680 4.626340 1.617000  -0.847738
2  1856.293928 2524.126429 0.447000  2.025031 5.820998 1.998000  -0.834492
3  1868.257405 2477.704288 1.722000  0.897470 0.738786 1.715000  2.308438
4  1817.880931 2540.642278 0.058000  0.328599 2.148333 1.619000  2.829317
5  1865.101823 2483.078666 1.389000  0.879079 0.617660 1.658000  2.287231
6  1886.922418 2471.193145 2.057000  1.842879 4.371045 1.578000  2.186901
7  1853.925634 2494.545247 0.801000  0.746157 0.913902 1.658000  2.300015
8  1852.253920 2564.427568 -0.443000  1.465885 4.180390 1.816000  2.777579
9  1800.512912 2567.007675 -0.596000  1.952172 5.211369 2.124000  2.375069
10  1887.117706 2455.009837 2.301000  1.863424 0.850143 0.994000  0.736875
11  1828.622784 2539.867686 -0.350000  1.931097 4.559369 1.626000  2.244408
12  1882.592578 2499.429045 2.408000  2.933901 12.929496 4.581000  -0.612879
13  1883.475625 2470.308224 2.128000  1.929666 4.471022 1.754000  2.177224
14  1871.386338 2502.077334 0.904000  1.776596 4.466455 1.474000  -0.855067
15  1872.224898 2516.097149 1.315000  0.538724 0.300889 2.000000  2.469383
16  1877.239055 2506.462309 0.700000  1.680516 4.311353 1.704000  -0.540692
17  1881.089995 2493.976830 1.271000  1.962829 4.418751 1.527000  -0.742070
18  1812.609175 2565.969939 -0.577000  2.217454 4.366976 1.800000  -1.496284
19  1911.757783 2444.990544 3.259000  2.270717 4.189272 1.627000  2.410594
20  1858.132841 2490.682606 1.042000  0.701477 0.714850 1.658000  2.282910
21  1857.885093 2489.832897 1.117000  0.871413 0.723114 1.658000  2.193582
22  1861.682369 2530.714833 -0.009000  0.202378 0.284382 1.784000  2.377375
23  1812.980181 2556.715161 -0.279000  2.364481 4.828258 1.794000  2.147513

5  23  1538448746.548329
1853.526857 2504.938821 2.274143
1  1901.571931 2500.360848 1.741000  2.101114 4.160572 1.617000  -0.785069
2  1859.783035 2519.505058 0.647000  2.046672 5.674899 1.998000  -0.939409
3  1867.609665 2478.000296 1.939000  0.854560 0.850295 1.715000  2.274305
4  1816.641507 2540.216139 0.173000  0.671308 2.230425 1.619000  2.799555
5  1864.293500 2483.355213 1.567000  0.661963 0.753629 1.658000  2.303670
6  1811.548054 2575.302052 -0.473000  2.688646 4.645719 1.592000  -1.023980
7  1882.236987 2476.353880 2.008000  1.627959 4.522693 1.578000  2.249563
8  1853.917271 2495.511656 0.968000  0.892615 0.627844 1.658000  2.238407
9  1851.744522 2562.444984 -0.743000  2.145453 4.198859 1.816000  2.670201
10  1798.100765 2572.625753 -0.433000  0.739766 5.142317 2.124000  2.124038
11  1823.908907 2545.161111 -0.226000  1.801330 4.968531 1.626000  2.175413
12  1884.397610 2498.060099 2.721000  2.997412 12.955048 4.581000  -0.547629
13  1879.247019 2475.197958 2.118000  1.971675 4.398455 1.754000  2.195618
14  1875.569946 2497.932377 1.282000  1.767820 4.448398 1.474000  -0.834129
15  1871.745913 2517.168110 1.315000  0.454173 0.427204 2.000000  2.531427
16  1877.726046 2506.872925 0.903000  1.840047 4.300231 1.704000  -0.588962
17  1884.180467 2490.778737 1.583000  1.822152 4.552836 1.527000  -0.670725
18  1814.012966 2564.901285 -0.408000  2.470999 5.110913 1.800000  -1.461223
19  1905.825094 2451.319345 3.159000  2.155784 3.602503 1.627000  2.413615
20  1857.873740 2491.590311 1.230000  0.834182 0.843659 1.658000  2.263606
21  1857.233509 2490.361180 1.317000  0.658749 0.692397 1.658000  2.259825
22  1860.560910 2531.655963 0.187000  0.438676 0.459475 1.784000  2.425094
23  1807.907319 2563.019683 -0.154000  1.878374 4.340211 1.794000  2.230326

6  22  1538448747.047643
1849.483235 2509.788658 2.275296
1  1864.103852 2514.362090 1.135000  2.208641 5.811066 1.998000  -0.825790
2  1867.046020 2478.914345 2.106000  0.528743 0.632390 1.715000  2.236387
3  1816.298542 2541.069383 0.288000  0.828981 2.033426 1.619000  2.769879
4  1863.845709 2484.267096 1.747000  0.677654 0.635405 1.658000  2.250090
5  1814.533934 2570.547380 -0.296000  1.611327 4.510841 1.592000  -1.041042
6  1876.776414 2482.378009 1.996000  1.743540 4.691220 1.578000  2.322545
7  1853.111178 2495.983703 1.147000  0.755842 0.787779 1.658000  2.249101
8  1852.080604 2563.619834 -0.617000  2.012563 4.631429 1.816000  2.664494
9  1795.690355 2576.084311 -0.271000  1.909266 4.753593 2.124000  2.083439
10  1818.727928 2548.777712 -0.101000  1.590401 4.768293 1.626000  2.336216
11  1887.041172 2495.909526 2.934000  2.826088 12.934204 4.581000  -0.686268
12  1875.038887 2478.773611 2.168000  2.248424 4.112131 1.754000  2.344281
13  1879.147903 2493.425923 1.659000  1.772656 4.489632 1.474000  -0.797226
14  1871.428072 2517.883697 1.315000  0.658427 0.232423 2.000000  2.383364
15  1877.302231 2506.704039 1.105000  1.927381 4.335606 1.704000  -0.628686
16  1887.883035 2487.932853 1.995000  2.053619 4.228654 1.527000  -0.566873
17  1814.179430 2564.513422 -0.240000  1.681910 4.729279 1.800000  -1.451883
18  1899.414410 2458.696806 3.059000  1.593641 4.034963 1.627000  2.282641
19  1857.440994 2492.160714 1.417000  0.664935 0.712755 1.658000  2.240717
20  1857.087429 2491.142954 1.517000  0.730949 0.708114 1.658000  2.247012
21  1860.233391 2532.332382 0.383000  0.335091 0.533946 1.784000  2.427940
22  1803.901709 2568.817454 -0.030000  2.189885 3.962693 1.794000  2.268897

7  23  1538448747.547529
1845.474247 2514.577152 2.274387
1  1868.251841 2509.628341 1.561000  1.845961 5.620735 1.998000  -0.717540
2  1867.088679 2479.390590 1.997000  0.542425 0.529757 1.715000  2.195688
3  1815.292161 2541.470160 0.504000  0.624204 2.036396 1.619000  2.694202
4  1863.266215 2484.779582 1.976000  0.740055 0.743496 1.658000  2.319175
5  1816.703364 2566.470031 -0.119000  1.749729 4.573044 1.592000  -0.745534
6  1872.552310 2487.308254 1.983000  1.784434 4.471001 1.578000  2.208662
7  1852.603388 2496.500779 1.326000  0.811881 0.753921 1.658000  2.258215
8  1852.599825 2564.088516 -0.492000  1.885573 4.179008 1.816000  2.647535
9  1789.503424 2579.766611 -0.108000  2.373157 5.492007 2.124000  2.220110
10  1816.724470 2554.286238 -0.006000  2.001249 4.294251 1.626000  2.164098
11  1889.823704 2494.345584 3.146000  3.247599 12.956189 4.581000  -0.566399
12  1870.982634 2484.506182 2.218000  2.010776 4.204334 1.754000  2.369157
13  1883.925366 2488.849346 2.037000  1.319003 4.454865 1.474000  -0.885042
14  1870.597236 2517.546049 1.315000  0.493659 0.316107 2.000000  2.407641
15  1877.115657 2506.934544 1.308000  2.059633 4.171462 1.704000  -0.629786
16  1825.290760 2593.423695 0.840000  2.379471 4.517492 1.550000  -1.879843
17  1891.080212 2484.629004 2.407000  2.063979 4.285844 1.527000  -0.726753
18  1812.952838 2565.471624 -0.072000  2.114419 4.204159 1.800000  -1.494377
19  1894.008063 2464.257345 2.959000  1.758999 4.276981 1.627000  2.480693
20  1856.928046 2492.882504 1.634000  0.726909 0.843429 1.658000  2.270192
21  1856.579159 2491.735911 1.667000  0.768464 0.602726 1.658000  2.300071
22  1859.329147 2532.621127 0.480000  0.333718 0.225693 1.784000  2.428677
23  1800.060435 2574.389874 0.095000  2.561854 4.252604 1.794000  2.518344

8  24  1538448748.047387
1841.544434 2519.249550 2.278081
1  1872.611703 2505.375198 1.909000  2.006685 5.687493 1.998000  -0.760843
2  1824.265802 2571.094157 0.101000  1.125019 0.398964 1.739000  -0.921981
3  1811.864442 2571.076464 -0.038000  1.997708 4.835617 1.653000  -0.879004
4  1813.930965 2542.381495 0.719000  0.836956 2.088985 1.619000  2.559970
5  1862.834101 2485.680011 1.981000  0.772253 0.891314 1.658000  2.299271
6  1820.692136 2564.225394 0.009000  2.267040 4.618937 1.592000  -0.889690
7  1866.634946 2493.431189 1.896000  1.968342 4.664448 1.578000  2.309626
8  1852.430037 2497.211626 1.505000  0.739222 0.669498 1.658000  2.195718
9  1851.054114 2564.634635 -0.366000  2.009069 4.247162 1.816000  2.712852
10  1788.139368 2585.261639 0.054000  2.179082 5.030086 2.124000  2.213679
11  1811.524702 2559.362394 0.089000  1.890297 4.969830 1.626000  2.359147
12  1890.895335 2492.062501 3.409000  2.602129 12.948986 4.581000  -0.607752
13  1866.906060 2488.753141 2.269000  2.032897 4.457549 1.754000  2.235518
14  1888.297103 2485.062487 2.456000  1.880160 4.757105 1.474000  -0.811340
15  1869.826368 2518.023417 1.315000  0.536889 0.363358 2.000000  2.395189
16  1877.242421 2506.456921 1.511000  2.011347 4.302146 1.704000  -0.604267
17  1826.625520 2594.748058 0.795000  1.871942 4.534964 1.550000  -1.834808
18  1894.128487 2483.459126 2.669000  1.746903 4.313219 1.527000  -0.610776
19  1812.967823 2565.487929 0.097000  1.756397 4.436918 1.800000  -1.526840
20  1887.002882 2471.470802 2.860000  1.828282 4.246427 1.627000  2.177830
21  1856.403762 2493.115579 1.850000  0.697939 0.753150 1.658000  2.231582
22  1855.916678 2492.242474 1.817000  0.702180 0.817942 1.658000  2.277409
23  1858.641649 2533.216086 0.776000  0.384097 0.511084 1.784000  2.379264
24  1794.974922 2580.484428 0.220000  1.690347 4.557082 1.794000  2.448235

9  24  1538448748.547277
1837.580042 2523.927954 2.280236
1  1876.567805 2500.712559 2.207000  2.772920 5.721267 1.998000  -0.945993
2  1824.139678 2570.354547 0.205000  0.949868 0.648835 1.739000  -0.832784
3  1816.324156 2566.066458 0.124000  2.009340 4.903803 1.653000  -0.801981
4  1813.898025 2542.021154 0.884000  0.615935 2.155157 1.619000  2.524622
5  1861.751372 2485.777696 2.136000  0.975776 0.725621 1.658000  2.229473
6  1823.175076 2561.767644 0.236000  1.923975 4.811598 1.592000  -0.818516
7  1862.101062 2499.902964 1.842000  1.981939 4.305161 1.578000  2.312995
8  1851.799606 2497.727498 1.684000  0.736567 0.767933 1.658000  2.284022
9  1852.886192 2564.446027 -0.241000  1.900784 3.928937 1.816000  2.776960
10  1783.901971 2587.536214 0.217000  1.705487 4.517886 2.124000  2.616289
11  1807.479369 2563.821516 0.185000  2.503490 4.849810 1.626000  2.190176
12  1893.248808 2491.430224 3.672000  3.331156 12.609670 4.581000  -0.707576
13  1863.327205 2494.030629 2.219000  2.281496 4.323284 1.754000  2.192696
14  1891.787598 2479.486795 2.875000  1.704190 4.351400 1.474000  -0.667927
15  1869.003215 2518.650183 1.315000  0.315857 0.397699 2.000000  2.432915
16  1877.295172 2506.500429 1.714000  1.861915 3.961400 1.704000  -0.753769
17  1827.159716 2593.290435 0.750000  1.717819 4.516405 1.550000  -1.990548
18  1896.098434 2481.189855 2.982000  1.610846 5.218637 1.527000  -0.585665
19  1812.481347 2565.179308 0.265000  1.927420 4.749165 1.800000  -1.527179
20  1881.578354 2478.060841 2.760000  1.659683 4.652439 1.627000  2.286851
21  1855.714254 2493.890895 2.067000  0.818738 0.947424 1.658000  2.228775
22  1856.144068 2492.925841 1.967000  0.844875 0.964751 1.658000  2.315906
23  1858.483772 2533.820546 0.973000  0.341109 0.254938 1.784000  2.448371
24  1789.305239 2585.393063 0.345000  2.394632 4.264867 1.794000  2.219945

10  26  1538448749.047731
1833.692810 2528.518701 2.277767
1  1879.797522 2496.029735 2.674000  2.133765 5.834982 1.998000  -0.751384
2  1824.689616 2570.873251 0.309000  0.797319 0.806489 1.739000  -0.887665
3  1820.925749 2561.407983 0.325000  1.714902 4.784435 1.653000  -0.780513
4  1813.057554 2542.515276 1.050000  0.775569 2.088395 1.619000  2.386144
5  1862.059521 2486.905190 2.291000  0.673138 0.743605 1.658000  2.234301
6  1826.394274 2557.052873 0.405000  1.966130 4.885068 1.592000  -0.889426
7  1857.349845 2505.295833 1.788000  1.623851 4.591950 1.578000  2.239998
8  1851.412432 2498.298171 1.863000  0.912463 0.837708 1.658000  2.316157
9  1852.291330 2564.294969 -0.090000  1.989048 3.851602 1.816000  2.625699
10  1784.377698 2592.481790 0.380000  2.630230 5.371767 2.124000  2.199264
11  1802.993609 2569.392713 0.218000  2.053268 4.726432 1.626000  2.365255
12  1894.369151 2489.920854 3.935000  2.628242 13.144968 4.581000  -0.633139
13  1859.161717 2498.712361 2.169000  1.944975 4.581002 1.754000  2.207731
14  1794.177854 2592.322278 0.411000  1.873892 4.689821 1.729000  -1.050388
15  1896.678122 2476.581796 3.269000  1.736346 3.916529 1.474000  -0.846487
16  1868.555940 2519.289278 1.315000  0.279136 0.234028 2.000000  2.336623
17  1877.457289 2506.636335 1.917000  1.753919 4.132883 1.704000  -0.594936
18  1825.987033 2594.509114 0.705000  1.276445 4.408508 1.550000  -2.040896
19  1900.067110 2477.841257 3.294000  1.770158 4.457821 1.527000  -0.676505
20  1812.309770 2564.699958 0.375000  1.843439 4.763311 1.800000  -1.350976
21  1876.188069 2483.201994 2.690000  2.171494 4.476848 1.627000  2.220635
22  1855.763180 2494.548299 2.284000  0.961938 0.544115 1.658000  2.225428
23  1791.351252 2568.919126 0.335000  0.994505 1.042524 1.674000  -0.791049
24  1855.673252 2493.511149 2.117000  0.682591 0.672628 1.658000  2.185678
25  1858.043701 2534.031371 1.169000  0.405252 0.428551 1.784000  2.424853
26  1787.206637 2591.214918 0.470000  1.863459 4.475180 1.794000  2.134429

11  26  1538448749.547584
1829.800044 2533.092592 2.281076
1  1882.298053 2493.585672 2.940000  1.684221 5.018233 1.998000  -1.074226
2  1825.459106 2569.728608 0.414000  0.733043 1.107404 1.739000  -1.032208
3  1824.993623 2554.999848 0.499000  1.659622 4.813059 1.653000  -0.914120
4  1812.065851 2543.491095 1.065000  0.615949 2.188689 1.619000  2.409165
5  1860.658205 2486.556194 2.445000  1.059082 0.637397 1.658000  2.367397
6  1830.200422 2552.600620 0.579000  1.950139 4.645190 1.592000  -0.855467
7  1851.413687 2511.228510 1.734000  1.797175 4.646247 1.578000  2.241752
8  1850.938143 2498.958491 2.042000  0.809624 0.553672 1.658000  2.292026
9  1852.445008 2564.133960 0.161000  2.002565 4.343307 1.816000  2.731878
10  1778.911915 2597.195813 0.409000  2.045693 5.124446 2.124000  2.113801
11  1799.790206 2573.308078 0.252000  2.109013 4.602974 1.626000  2.214805
12  1894.564367 2489.322075 4.197000  3.056468 13.458721 4.581000  -0.840656
13  1811.324707 2572.473505 0.345000  2.302529 4.955444 1.543000  -1.004188
14  1855.227460 2503.685269 2.119000  2.288509 4.213302 1.754000  2.269093
15  1799.994404 2585.885362 0.436000  2.160187 5.068693 1.729000  -0.791827
16  1867.989503 2519.449915 1.315000  0.454449 0.355944 2.000000  2.432322
17  1876.839084 2506.733679 2.119000  1.805917 4.615230 1.704000  -0.646089
18  1826.150531 2593.213402 0.660000  1.807310 4.454763 1.550000  -1.849349
19  1808.011253 2533.756673 2.172000  0.583783 0.688093 1.762000  -0.977560
20  1813.000912 2564.894440 0.485000  1.835078 4.513540 1.800000  -1.538911
21  1869.525166 2489.885778 2.620000  1.975286 4.124347 1.627000  2.401256
22  1854.614551 2495.425694 2.501000  0.848607 0.744939 1.658000  2.164241
23  1791.909033 2568.682288 0.293000  0.745792 0.790602 1.674000  -0.955536
24  1855.028354 2493.689116 2.266000  0.804804 0.838650 1.658000  2.301559
25  1857.455550 2534.548283 1.304000  0.223546 0.343314 1.784000  2.376642
26  1781.456535 2596.554971 0.595000  2.192767 5.099211 1.794000  2.262336

12  28  1538448750.047463
1825.949617 2537.594288 2.283649
1  1889.560314 2488.940891 3.557000  2.554028 5.599840 1.998000  -0.738307
2  1825.493382 2569.648652 0.518000  0.845449 0.687985 1.739000  -0.954557
3  1829.768162 2549.263441 0.673000  1.781889 4.870291 1.653000  -0.869092
4  1811.369218 2543.710738 0.950000  0.796244 2.020513 1.619000  2.390715
5  1860.824774 2488.128572 2.600000  0.852565 0.535176 1.658000  2.084772
6  1833.528013 2548.279271 0.709000  1.973267 4.614183 1.592000  -0.870229
7  1846.858716 2516.572320 1.546000  1.874999 4.466088 1.578000  2.235874
8  1850.672193 2498.821477 2.222000  0.716133 0.752677 1.658000  2.273357
9  1852.136930 2563.815348 0.411000  1.932079 4.525896 1.816000  2.696954
10  1774.118776 2599.854369 0.438000  1.958553 4.403592 2.124000  2.481133
11  1795.831223 2578.123982 0.285000  1.790264 4.684630 1.626000  2.315016
12  1791.492460 2516.486411 3.324000  2.170922 4.158671 1.868000  0.750611
13  1897.000261 2489.905666 4.460000  2.382757 12.181168 4.581000  -0.562873
14  1815.552028 2567.870857 0.383000  2.132927 4.729554 1.543000  -0.947344
15  1850.687006 2508.186753 2.069000  1.987773 4.248749 1.754000  2.319276
16  1804.886727 2580.165757 0.461000  1.874856 4.451631 1.729000  -0.849500
17  1867.311749 2520.650562 1.315000  0.586409 0.606554 2.000000  2.464953
18  1877.434775 2507.104062 2.322000  1.585086 4.326641 1.704000  -0.576662
19  1826.850028 2593.693589 0.615000  2.189901 4.122923 1.550000  -1.961529
20  1808.225748 2534.054496 2.122000  0.547664 0.601813 1.762000  -0.954623
21  1812.953163 2564.856621 0.512000  1.898471 4.593969 1.800000  -1.546059
22  1864.584686 2497.343572 2.550000  1.846361 4.141264 1.627000  2.183196
23  1853.506506 2496.191160 2.717000  0.968024 0.656976 1.658000  2.213170
24  1792.429078 2568.156420 0.252000  0.626325 0.733862 1.674000  -0.830211
25  1854.230384 2494.815141 2.416000  0.870977 1.146036 1.658000  2.232379
26  1856.711441 2535.123588 1.427000  0.397625 0.504069 1.784000  2.436210
27  1777.528230 2602.928581 0.720000  2.434914 4.570867 1.794000  2.343177
28  1790.692351 2567.801207 0.202000  0.855445 0.939281 1.674000  -0.889642

13  26  1538448750.547877
1822.143624 2542.126210 2.275187
1  1892.752344 2483.519117 3.273000  1.939763 5.548685 1.998000  -1.081284
2  1825.956171 2569.181087 0.434000  0.826416 0.567779 1.739000  -0.896424
3  1834.616395 2543.416989 0.849000  1.725218 4.987307 1.653000  -0.846056
4  1811.017599 2544.342128 0.936000  0.549289 2.220060 1.619000  2.320085
5  1860.372176 2488.568188 2.755000  1.221751 0.772664 1.658000  2.363629
6  1837.191460 2544.327964 0.893000  1.753601 4.690091 1.592000  -0.859702
7  1842.380925 2522.728614 1.359000  1.870900 4.446983 1.578000  2.271570
8  1849.940774 2500.064256 2.401000  0.513608 0.799196 1.658000  2.229610
9  1769.591842 2603.197116 0.467000  1.964677 5.461442 2.124000  1.980249
10  1780.144608 2603.873932 0.357000  1.752617 5.102482 1.560000  2.489125
11  1790.055517 2584.448266 0.311000  2.225144 4.660659 1.626000  2.237437
12  1793.593157 2517.990653 3.174000  1.956815 4.120642 1.868000  0.773985
13  1895.626709 2488.606292 4.723000  3.126833 13.083132 4.581000  -0.590158
14  1820.462679 2561.777325 0.422000  1.979407 4.840857 1.543000  -0.868367
15  1846.721371 2513.427494 1.969000  2.252706 4.167243 1.754000  2.200095
16  1809.672405 2574.258381 0.486000  2.017795 4.736557 1.729000  -0.831690
17  1867.396665 2521.046309 1.315000  0.875950 0.459428 2.000000  2.493015
18  1878.395347 2507.097322 2.525000  2.063332 3.982908 1.704000  -0.685086
19  1826.270015 2593.947040 0.570000  2.161679 4.728448 1.550000  -1.927121
20  1808.258580 2534.220875 1.922000  0.670975 0.417045 1.762000  -0.993930
21  1812.693974 2565.138980 0.539000  1.756307 4.519854 1.800000  -1.523936
22  1857.538639 2503.688208 2.370000  1.563457 4.463923 1.627000  2.411769
23  1852.990131 2496.395353 2.909000  1.525574 0.494746 1.658000  2.298368
24  1792.643354 2567.589083 0.260000  0.637825 0.802334 1.674000  -1.043314
25  1856.508199 2536.465809 1.550000  0.603559 0.352993 1.784000  2.447639
26  1792.241801 2567.557591 0.202000  0.500046 0.679745 1.674000  -0.943231

14  23  1538448751.048300
1818.369341 2546.673266 2.267686
1  1895.705728 2479.718823 3.940000  2.169129 6.030479 1.998000  -0.622484
2  1826.271952 2568.787583 0.601000  0.918920 0.785900 1.739000  -0.941260
3  1839.384067 2537.223835 1.095000  1.836005 4.922999 1.653000  -0.902630
4  1810.045430 2544.882150 1.021000  0.564890 2.074100 1.619000  2.266740
5  1858.529471 2488.878207 2.910000  1.048649 0.613541 1.658000  2.156647
6  1840.631184 2540.443009 1.078000  1.936880 4.739250 1.592000  -0.921346
7  1837.011787 2528.516301 1.171000  1.846083 4.627141 1.578000  2.223311
8  1766.888513 2608.824122 0.555000  1.916302 5.142314 2.124000  2.271786
9  1779.956287 2603.118933 0.307000  1.851178 5.031648 1.560000  2.125544
10  1785.275390 2590.287503 0.337000  1.933514 5.041562 1.626000  2.189790
11  1894.535945 2488.602117 4.986000  2.854013 12.213362 4.581000  -0.642433
12  1824.258674 2556.543365 0.461000  1.912986 4.617083 1.543000  -0.958649
13  1842.826546 2518.016551 1.869000  2.302812 4.172195 1.754000  2.221864
14  1814.787071 2568.530381 0.511000  1.941847 4.640623 1.729000  -0.906534
15  1866.049935 2520.878357 1.315000  0.258267 0.233170 2.000000  2.390394
16  1877.924814 2507.023445 2.728000  2.130318 4.491115 1.704000  -0.656073
17  1825.558981 2593.673338 0.525000  1.575224 4.165297 1.550000  -1.967512
18  1813.058480 2564.418054 0.565000  1.869622 4.460743 1.800000  -1.470905
19  1852.194701 2510.630039 2.190000  1.898719 4.895865 1.627000  2.274277
20  1852.936443 2496.565940 3.101000  0.859145 0.509482 1.658000  2.278584
21  1792.979290 2567.318920 0.269000  0.659328 0.663203 1.674000  -0.975129
22  1855.997478 2536.182148 1.700000  0.481091 0.528950 1.784000  2.473976
23  1792.440916 2566.811517 0.252000  0.666838 0.784633 1.674000  -0.925079

15  21  1538448751.548178
1814.555501 2551.293658 2.271872
1  1826.754907 2568.557155 0.768000  0.805234 0.756972 1.739000  -0.936666
2  1844.656871 2532.215754 1.689000  1.939876 5.177557 1.653000  -0.815724
3  1809.636707 2545.099816 1.156000  0.750807 2.033033 1.619000  2.241227
4  1859.755036 2489.349577 3.064000  0.766926 1.361454 1.658000  2.240808
5  1844.015243 2536.627483 1.549000  2.026895 4.886471 1.592000  -0.842862
6  1832.350860 2534.490803 1.352000  1.891661 4.300732 1.578000  2.254747
7  1764.836773 2613.444888 0.643000  1.992032 5.283737 2.124000  2.132065
8  1778.610839 2602.979935 0.441000  1.739317 4.682431 1.560000  2.199204
9  1781.433546 2596.204728 0.363000  1.691871 4.782379 1.626000  2.321045
10  1898.216895 2490.659417 5.249000  2.850910 13.717772 4.581000  -0.477691
11  1829.613481 2550.213236 0.974000  2.014652 4.828033 1.543000  -0.876744
12  1838.121803 2523.490481 1.769000  2.052225 4.309005 1.754000  2.312237
13  1818.985880 2562.581819 0.761000  2.164550 4.857454 1.729000  -0.870927
14  1865.962664 2522.662371 1.315000  0.210808 0.316182 2.000000  2.582742
15  1877.027177 2506.704792 2.931000  1.849444 3.542351 1.704000  -0.396010
16  1826.119273 2593.836089 0.480000  1.798182 4.907061 1.550000  -1.972838
17  1812.800184 2565.176056 0.685000  1.949855 4.687192 1.800000  -1.474213
18  1846.262525 2517.498640 2.010000  1.877694 4.504403 1.627000  2.272769
19  1793.130869 2566.843965 0.452000  0.558020 1.110145 1.674000  -0.979074
20  1855.039773 2537.571990 1.851000  0.394592 0.434317 1.784000  2.430793
21  1792.414875 2566.819663 0.402000  0.383621 0.814115 1.674000  -1.035233

16  21  1538448752.048628
1810.715968 2555.862364 2.278652
1  1826.853993 2567.959576 0.934000  1.101051 0.832857 1.739000  -0.942471
2  1849.979384 2525.984174 1.985000  1.158769 4.797984 1.653000  -0.874216
3  1809.852129 2545.250647 1.317000  0.807066 1.891723 1.619000  2.235079
4  1858.234190 2489.359883 3.219000  0.823282 0.812758 1.658000  2.261351
5  1848.031315 2531.621140 1.813000  1.817063 4.838244 1.592000  -0.885166
6  1828.082757 2539.822461 1.232000  2.015952 4.332738 1.578000  2.312760
7  1760.115864 2615.351258 0.955000  2.147491 5.512032 2.124000  2.284595
8  1780.065855 2602.814080 0.574000  1.573647 4.732906 1.560000  2.237468
9  1775.660755 2601.839642 0.548000  2.128816 4.661852 1.626000  2.313145
10  1893.535577 2487.706961 5.512000  3.197322 12.595485 4.581000  -0.914247
11  1834.165610 2544.738393 1.288000  1.946692 4.710806 1.543000  -0.875241
12  1834.157695 2528.184941 1.669000  1.825907 4.427926 1.754000  2.396782
13  1823.672331 2556.756761 1.011000  2.059617 4.739081 1.729000  -0.909714
14  1865.697556 2522.482344 1.315000  0.630547 0.200604 2.000000  2.378832
15  1826.295087 2593.380905 0.435000  1.669708 4.698224 1.550000  -1.907149
16  1813.125701 2565.209371 0.805000  1.831129 4.736350 1.800000  -1.455168
17  1771.230168 2618.501152 0.805000  2.285800 3.931474 1.530000  -0.880247
18  1841.199361 2523.631276 1.830000  2.055756 4.797755 1.627000  2.398010
19  1793.696352 2566.384958 0.635000  0.702930 0.779269 1.674000  -0.981010
20  1854.339621 2537.088141 2.001000  0.426638 0.630596 1.784000  2.354068
21  1792.440369 2566.122514 0.552000  0.676902 0.790173 1.674000  -0.906087

17  20  1538448752.549040
1806.828552 2560.438543 2.277888
1  1826.870083 2567.486680 1.101000  0.807002 0.670296 1.739000  -0.890174
2  1855.196212 2519.277859 2.280000  1.898359 5.039423 1.653000  -0.822559
3  1809.463024 2545.975096 1.477000  0.710446 2.216092 1.619000  2.246765
4  1860.064795 2491.194438 3.374000  1.065150 0.440787 1.658000  2.083143
5  1849.904413 2527.923584 1.877000  1.943799 4.525602 1.592000  -0.816105
6  1823.143213 2544.961194 1.262000  1.866750 4.230258 1.578000  2.291966
7  1757.966933 2620.216142 1.118000  1.961631 5.259487 2.124000  2.207709
8  1778.898718 2603.996744 0.707000  2.099561 4.651220 1.560000  2.208610
9  1770.938322 2608.477316 0.733000  1.901329 4.283603 1.626000  2.193995
10  1836.111868 2539.505294 1.551000  1.990802 4.674299 1.543000  -0.819735
11  1829.777753 2533.492984 1.669000  2.060311 4.360452 1.754000  2.191808
12  1828.865989 2551.113499 1.361000  2.028054 4.829598 1.729000  -0.847844
13  1865.414888 2523.066906 1.315000  0.402719 0.340834 2.000000  2.547826
14  1825.155989 2593.567971 0.390000  1.917885 4.393094 1.550000  -2.027483
15  1813.449663 2564.687350 0.926000  1.874641 4.663206 1.800000  -1.480345
16  1775.188942 2613.474920 0.830000  2.210400 4.908683 1.530000  -1.053909
17  1835.438812 2530.392145 1.650000  2.267204 4.396022 1.627000  2.110133
18  1793.993628 2565.672790 0.719000  0.755014 0.739641 1.674000  -0.958375
19  1854.640670 2537.604951 2.152000  -0.016719 0.294607 1.784000  2.447169
20  1793.524824 2565.376662 0.702000  0.759375 0.763911 1.674000  -0.916750

18  19  1538448753.048377
1803.001412 2564.963999 2.276623
1  1827.883268 2566.670002 1.268000  0.710568 0.819716 1.739000  -0.908673
2  1861.318697 2514.535992 2.624000  2.219398 4.610513 1.653000  -1.161537
3  1809.791229 2545.278355 1.637000  0.550028 1.992120 1.619000  2.227927
4  1857.382372 2489.109132 3.529000  -0.060985 0.961173 1.658000  2.174867
5  1818.216482 2550.685059 1.293000  1.592810 4.571260 1.578000  2.244013
6  1753.688320 2623.857172 1.280000  1.700645 5.299449 2.124000  2.040700
7  1778.710359 2604.328006 0.757000  1.949162 4.852472 1.560000  2.322111
8  1766.359231 2613.465732 0.918000  1.448068 4.734861 1.626000  2.124963
9  1841.771419 2534.169289 2.024000  2.268649 4.729720 1.543000  -0.806185
10  1825.950578 2538.928615 1.669000  2.204171 4.401290 1.754000  2.224661
11  1832.875547 2545.369433 1.711000  2.045386 4.684022 1.729000  -0.843492
12  1864.328440 2522.048810 1.315000  -0.005492 1.242432 2.000000  2.228933
13  1826.211213 2594.356530 0.452000  1.895467 4.544058 1.550000  -1.918627
14  1812.663001 2564.907025 1.045000  1.787247 4.679517 1.800000  -1.559432
15  1779.575815 2609.009563 0.805000  1.777763 4.293493 1.530000  -0.989697
16  1830.370062 2537.306380 1.570000  2.023497 4.498395 1.627000  2.270763
17  1794.285496 2565.300260 0.802000  0.724952 0.628627 1.674000  -0.970833
18  1853.131177 2538.369790 2.235000  0.343929 0.657676 1.784000  2.375982
19  1793.304824 2564.854700 0.752000  0.634895 0.704879 1.674000  -0.931572

19  18  1538448753.547684
1799.153469 2569.563660 2.270756
1  1827.752262 2566.340627 1.434000  0.801171 0.837521 1.739000  -0.902017
2  1809.446464 2545.245870 1.597000  0.649262 2.122376 1.619000  2.269697
3  1856.280022 2490.711890 3.683000  1.155025 0.328226 1.658000  2.448211
4  1813.753237 2556.643679 1.225000  1.743276 4.400073 1.578000  2.279902
5  1750.486196 2628.088351 1.443000  2.168605 5.492874 2.124000  2.350780
6  1778.472608 2604.093312 0.807000  2.176720 4.532180 1.560000  2.238404
7  1759.861409 2620.771040 1.103000  2.043256 4.423490 1.626000  2.245997
8  1843.302251 2531.807356 2.522000  2.118408 5.212075 1.543000  -0.759188
9  1820.340549 2543.326289 1.594000  2.045874 4.512420 1.754000  2.222216
10  1838.236530 2539.887502 2.010000  1.884845 4.751519 1.729000  -0.835907
11  1864.455456 2524.178334 1.315000  0.304412 0.260658 2.000000  2.322300
12  1826.173795 2593.808196 0.515000  1.996121 4.528554 1.550000  -1.870053
13  1812.900136 2564.835392 1.165000  1.849608 4.713605 1.800000  -1.551033
14  1783.104873 2604.863559 0.880000  1.781481 4.543326 1.530000  -0.878718
15  1825.493398 2542.741349 1.490000  2.007350 4.062704 1.627000  2.289838
16  1794.602447 2565.184452 0.885000  0.600354 0.789091 1.674000  -0.887683
17  1852.645686 2538.824366 2.319000  0.367653 0.361459 1.784000  2.462761
18  1794.063802 2564.489994 0.852000  0.699360 0.723361 1.674000  -0.929101

20  19  1538448754.047572
1795.292211 2574.197700 2.267963
1  1827.705142 2565.590465 1.600000  0.647998 0.720305 1.739000  -0.928779
2  1809.432217 2545.752979 1.707000  1.016528 2.072021 1.619000  2.294217
3  1773.772376 2610.610825 0.996000  1.487684 4.422242 1.614000  2.250512
4  1822.535079 2594.167542 1.090000  1.739544 4.683548 1.550000  -1.880952
5  1809.303870 2562.132702 1.157000  1.603073 4.310220 1.578000  2.244864
6  1748.099968 2632.007470 1.564000  1.907104 6.024556 2.124000  2.195498
7  1787.092355 2628.723135 1.163000  1.783709 4.565528 1.614000  -2.422068
8  1778.510444 2604.618699 0.857000  2.012288 4.692997 1.560000  2.386766
9  1757.063858 2625.313051 1.286000  2.141021 4.624886 1.626000  2.109256
10  1847.074488 2529.770709 3.020000  1.639308 4.510609 1.543000  -0.564915
11  1817.336712 2548.849025 1.519000  2.014082 4.204124 1.754000  2.334146
12  1863.906079 2525.560638 1.352000  0.451154 0.538763 2.000000  2.462231
13  1826.330163 2594.130598 0.577000  1.832869 4.638681 1.550000  -1.940638
14  1813.135172 2564.243373 1.265000  1.752442 4.709017 1.800000  -1.527415
15  1787.786831 2599.287799 0.905000  1.619139 4.442714 1.530000  -0.908347
16  1820.567885 2549.037341 1.410000  1.881248 4.381544 1.627000  2.314038
17  1794.759140 2564.157362 1.019000  0.561068 0.671207 1.674000  -0.951609
18  1851.683170 2539.354747 2.403000  -0.043730 0.222575 1.784000  2.398728
19  1794.526451 2563.856739 0.952000  0.668095 0.693107 1.674000  -0.910437

21  20  1538448754.547448
1791.473579 2578.803645 2.265805
1  1827.973373 2565.876329 1.767000  0.996348 0.564579 1.739000  -0.896792
2  1809.263675 2545.096844 1.818000  0.658110 2.024613 1.619000  2.332020
3  1773.816726 2610.285986 1.020000  1.788230 4.720696 1.614000  2.198277
4  1822.639164 2594.640802 1.090000  2.022275 4.678000 1.550000  -1.815321
5  1804.308313 2567.685976 1.089000  1.782055 4.530187 1.578000  2.270461
6  1745.873449 2635.634355 1.684000  2.267713 5.519140 2.124000  2.151236
7  1787.989695 2627.596677 1.163000  1.654497 4.608013 1.614000  -2.403650
8  1778.125745 2604.897131 0.907000  1.804439 4.536670 1.560000  2.304217
9  1753.713461 2629.213556 1.469000  1.571984 4.978572 1.626000  2.352640
10  1849.621006 2527.039623 2.969000  2.383858 4.852993 1.543000  -0.686187
11  1813.111994 2553.775576 1.444000  2.150406 4.567765 1.754000  2.251341
12  1861.403310 2523.958095 1.389000  0.345678 1.172354 2.000000  2.372840
13  1826.078007 2593.627471 0.640000  1.680317 4.363614 1.550000  -1.916488
14  1767.451889 2628.248238 1.033000  2.138995 4.782405 1.638000  -0.304477
15  1812.738722 2564.836111 1.365000  1.833943 4.618197 1.800000  -1.489802
16  1791.315613 2594.608330 0.930000  1.770510 4.337781 1.530000  -0.826508
17  1815.382498 2555.255276 1.330000  1.890326 4.302707 1.627000  2.338350
18  1795.902209 2563.081963 1.052000  0.651111 0.671257 1.674000  -0.938669
19  1851.161149 2539.545666 2.487000  0.310858 0.018265 1.784000  2.325587
20  1795.036630 2563.223446 1.052000  0.578643 0.652014 1.674000  -0.966232

22  19  1538448755.047865
1787.619825 2583.452539 2.267261
1  1828.569292 2564.859011 1.934000  0.831315 0.930286 1.739000  -0.883689
2  1809.278211 2545.369016 1.818000  0.951878 2.158298 1.619000  2.271665
3  1773.371811 2611.072042 1.045000  1.866435 4.378792 1.614000  2.072793
4  1822.208636 2595.054808 1.090000  1.834272 4.488890 1.550000  -1.916512
5  1799.674732 2573.578591 1.022000  1.905826 4.468687 1.578000  2.260137
6  1741.695315 2639.054148 1.755000  1.775335 5.347013 2.124000  2.173310
7  1788.030922 2627.956267 1.268000  1.681848 4.690803 1.614000  -2.345000
8  1778.358565 2604.783212 0.894000  2.029334 4.668034 1.560000  2.279373
9  1749.696763 2634.170268 1.503000  2.332016 4.532176 1.626000  2.199938
10  1851.302367 2523.976014 2.917000  1.987281 4.927476 1.543000  -1.103161
11  1808.285378 2559.375874 1.369000  1.904672 4.540777 1.754000  2.249999
12  1863.681726 2525.571539 1.425000  -0.053930 0.213497 2.000000  2.281454
13  1770.668653 2627.702517 0.958000  2.211279 4.634230 1.638000  -0.287424
14  1813.210770 2565.029941 1.365000  2.006931 4.697474 1.800000  -1.512560
15  1794.957790 2590.725181 0.955000  1.859782 4.531690 1.530000  -0.866104
16  1810.111092 2560.772105 1.250000  1.886820 4.419829 1.627000  2.352694
17  1795.706429 2563.529488 1.136000  0.699796 0.775055 1.674000  -0.873105
18  1851.103756 2541.494424 2.571000  0.822242 1.069593 1.784000  2.310789
19  1795.106070 2562.378241 1.153000  0.801727 0.649048 1.674000  -0.913585

23  16  1538448755.548316
1783.770417 2588.084584 2.268823
1  1829.105351 2565.110444 2.100000  0.760279 0.588017 1.739000  -0.951145
2  1772.962018 2612.218343 1.070000  1.701407 4.519823 1.614000  2.079733
3  1822.545689 2594.520276 1.090000  1.928321 4.557615 1.550000  -1.929878
4  1795.206311 2579.474197 0.984000  1.506198 4.601029 1.578000  2.248880
5  1736.894646 2644.002698 1.826000  1.205958 5.350032 2.124000  2.262884
6  1786.604180 2626.811111 1.223000  1.852411 4.676407 1.614000  -2.389761
7  1778.277071 2605.049036 0.880000  1.840883 4.532794 1.560000  2.273638
8  1744.637373 2641.804279 1.628000  1.309990 4.911391 1.626000  2.369874
9  1803.825429 2563.633562 1.284000  2.188646 4.429752 1.754000  2.280521
10  1773.081193 2627.649880 0.984000  2.159905 4.557998 1.638000  -0.001447
11  1813.179967 2564.840703 1.365000  1.996507 4.573054 1.800000  -1.503219
12  1797.778633 2586.823153 0.980000  1.486662 4.307867 1.530000  -0.925604
13  1805.393374 2567.149888 1.084000  1.771277 4.530439 1.627000  2.276727
14  1796.137012 2562.820671 1.219000  0.597448 0.738165 1.674000  -0.866587
15  1850.465536 2540.253409 2.655000  0.937707 1.389274 1.784000  2.268794
16  1795.681694 2562.315781 1.253000  0.657938 0.751617 1.674000  -0.840346

24  14  1538448756.050426
1779.897811 2592.738989 2.273369
1  1793.130802 2636.143771 1.634000  1.999518 4.446249 1.638000  -2.398085
2  1772.444463 2613.303835 1.094000  1.918257 4.483037 1.614000  1.865711
3  1790.367789 2585.068231 0.946000  1.728905 4.443833 1.578000  2.257369
4  1734.668619 2647.974563 1.860000  1.744906 5.386124 2.124000  2.253467
5  1786.137621 2627.179467 1.179000  1.773980 4.451683 1.614000  -2.414825
6  1777.511100 2604.841108 0.866000  1.994805 4.735288 1.560000  2.240160
7  1738.772103 2647.785491 1.754000  2.205124 4.771636 1.626000  2.070281
8  1800.173513 2568.946589 1.199000  2.054949 4.367345 1.754000  2.301803
9  1775.848710 2628.354912 1.009000  2.208209 4.510006 1.638000  0.144379
10  1812.979851 2565.467427 1.432000  2.238669 4.738888 1.800000  -1.588441
11  1800.576123 2582.755202 1.081000  1.840047 4.565160 1.530000  -0.864110
12  1800.153891 2572.756300 0.992000  1.721548 4.406566 1.627000  2.356064
13  1796.369287 2562.532773 1.303000  0.607150 0.532464 1.674000  -0.895463
14  1795.550317 2561.794687 1.353000  0.587548 0.797313 1.674000  -0.873918

25  15  1538448756.547528
1776.072101 2597.237656 2.277980
1  1792.836984 2636.095846 1.611000  2.085902 4.516353 1.638000  -2.377072
2  1772.256219 2614.994749 1.119000  2.084722 4.471873 1.614000  1.734567
3  1785.609203 2590.559911 0.909000  1.725708 4.396816 1.578000  2.236581
4  1732.006353 2651.922196 1.893000  1.659817 4.991287 2.124000  2.065063
5  1784.545031 2625.667206 1.019000  1.857921 4.580998 1.614000  -2.407449
6  1776.318526 2606.405711 0.874000  1.943045 4.572772 1.560000  2.291006
7  1734.693828 2652.680203 1.754000  1.686366 4.436626 1.626000  2.163345
8  1795.853311 2573.807082 1.114000  2.209666 4.394936 1.754000  2.313526
9  1779.189044 2629.479078 1.034000  1.974163 4.419868 1.638000  0.371395
10  1813.164959 2564.721975 1.499000  2.012814 4.271905 1.800000  -1.579462
11  1803.561483 2580.242328 1.180000  1.884746 4.442326 1.530000  -0.911129
12  1795.810988 2578.803402 0.901000  1.812942 4.417770 1.627000  2.225085
13  1797.619037 2561.724919 1.261000  0.633234 0.492075 1.674000  -0.941367
14  1798.210983 2642.753234 2.035000  2.045943 4.406628 1.638000  -2.373740
15  1796.659739 2561.903080 1.453000  0.654402 1.013216 1.674000  -0.984703

26  14  1538448757.048500
1772.270127 2601.748362 2.271878
1  1792.653498 2635.636690 1.588000  2.099816 4.662470 1.638000  -2.430125
2  1772.345594 2617.344977 1.119000  1.959208 4.407991 1.614000  1.530869
3  1780.519010 2596.356874 0.872000  1.978861 4.390885 1.578000  2.187960
4  1729.126171 2655.754488 1.927000  2.235287 5.107075 2.124000  2.032382
5  1782.895336 2624.235269 0.857000  1.828042 4.426844 1.614000  -2.340896
6  1775.865033 2607.999126 0.882000  1.932824 4.676141 1.560000  2.307759
7  1729.978581 2658.019085 1.753000  2.169899 4.048182 1.626000  2.271713
8  1792.139042 2578.238086 1.029000  2.128419 4.442664 1.754000  2.254566
9  1781.389504 2631.073116 1.059000  1.978562 4.527529 1.638000  0.605476
10  1813.290531 2564.852676 1.490000  2.054926 4.585280 1.800000  -1.490230
11  1804.292840 2578.482236 1.180000  1.924701 4.410856 1.530000  -0.905250
12  1791.209159 2583.978512 0.909000  1.833837 4.298514 1.627000  2.239519
13  1797.134374 2561.327561 1.219000  0.696530 0.958645 1.674000  -0.966261
14  1798.717351 2641.478871 1.965000  1.743374 4.555862 1.638000  -2.241096

27  15  1538448757.548354
1768.543108 2606.220744 2.266456
1  1792.945389 2635.906135 1.566000  2.026509 4.600624 1.638000  -2.409677
2  1772.808996 2619.327424 0.919000  1.838453 4.095912 1.614000  1.392537
3  1775.844066 2601.889572 0.783000  2.054126 4.642736 1.578000  2.299394
4  1725.737326 2659.900760 1.960000  2.674357 4.343720 2.124000  2.331161
5  1781.514707 2622.859427 0.696000  1.852658 4.430094 1.614000  -2.228465
6  1774.767744 2610.035915 0.891000  1.732799 4.523584 1.560000  2.077828
7  1724.667332 2665.243891 1.778000  1.957010 4.402443 1.626000  2.318843
8  1787.244552 2583.697703 0.944000  1.985174 4.537950 1.754000  2.224380
9  1786.504114 2630.703495 1.108000  2.207205 4.329993 1.638000  -2.376480
10  1784.572733 2633.698195 1.084000  2.065165 4.476583 1.638000  0.794955
11  1812.516654 2563.145524 1.482000  2.178905 4.588216 1.800000  -1.405189
12  1805.192803 2577.092707 1.180000  1.649303 4.496945 1.530000  -0.826525
13  1786.384283 2589.946241 0.817000  1.863136 4.293953 1.627000  2.264663
14  1797.936099 2561.534537 1.177000  0.867470 0.361056 1.674000  -1.042560
15  1798.467269 2642.247401 1.895000  2.381566 4.390676 1.638000  -2.384666

28  16  1538448758.048230
1764.849981 2610.706622 2.261686
1  1792.078348 2635.781137 1.543000  1.963194 4.337676 1.638000  -2.419118
2  1774.274656 2621.747703 0.869000  1.805321 4.095174 1.614000  1.259481
3  1771.452460 2607.658280 0.794000  1.949385 4.406937 1.578000  2.170393
4  1722.248502 2663.692611 1.914000  1.654888 5.512474 2.124000  2.241515
5  1780.003088 2620.356861 0.719000  1.827435 4.491139 1.614000  -2.112128
6  1773.397915 2611.615683 0.899000  2.190683 4.602075 1.560000  1.972040
7  1721.591884 2670.580293 1.803000  2.606070 4.937801 1.626000  2.327366
8  1784.248402 2587.824566 0.884000  2.004039 4.503492 1.754000  2.265867
9  1738.682880 2659.324085 1.479000  2.154932 5.241493 2.272000  -0.963033
10  1786.265820 2630.486891 1.208000  2.121162 4.295539 1.638000  -2.387968
11  1788.543038 2636.628969 1.409000  2.166976 4.429837 1.638000  0.774905
12  1813.216172 2564.902246 1.474000  1.982589 4.322838 1.800000  -1.449754
13  1805.843741 2575.758421 1.181000  1.634838 4.404351 1.530000  -1.013478
14  1781.738723 2596.176317 0.751000  1.889120 4.358039 1.627000  2.320430
15  1798.309639 2560.322196 1.136000  0.777235 0.221601 1.674000  -1.148814
16  1797.798809 2641.796826 2.158000  1.853716 4.326472 1.638000  -2.479116

29  16  1538448758.547578
1761.170754 2615.207313 2.255478
1  1792.356550 2636.378961 1.520000  2.324913 4.446837 1.638000  -2.397063
2  1775.473690 2624.687684 0.919000  1.815936 4.496547 1.614000  0.955329
3  1766.537717 2613.267687 0.755000  1.727455 4.276100 1.578000  2.232950
4  1718.184093 2667.177205 1.869000  1.839979 5.059197 2.124000  2.141871
5  1779.388899 2617.675686 0.708000  2.014029 4.464460 1.614000  -1.827001
6  1772.402437 2613.572089 0.907000  1.765182 4.660007 1.560000  1.857745
7  1716.336067 2678.440154 1.828000  2.453318 4.455966 1.626000  2.346024
8  1780.046800 2592.171035 0.824000  2.003080 4.333283 1.754000  2.290102
9  1741.154723 2655.963991 1.412000  1.712887 5.211067 2.272000  -0.882980
10  1786.507992 2630.009843 1.133000  2.038922 4.500590 1.638000  -2.369611
11  1791.364214 2640.025041 1.734000  2.356456 4.500209 1.638000  0.622645
12  1813.583473 2564.520050 1.465000  1.481665 5.072446 1.800000  -1.609996
13  1806.205079 2575.206177 1.181000  1.935115 4.522795 1.530000  -1.064820
14  1776.525638 2601.750405 0.724000  2.038018 4.614363 1.627000  2.320286
15  1798.089299 2559.533617 1.094000  0.136557 1.049881 1.674000  -0.952084
16  1798.516807 2641.196268 2.096000  1.531600 4.616400 1.638000  -2.392407

30  17  1538448759.047433
1757.509091 2619.752931 2.249608
1  1793.234246 2636.720029 1.427000  2.078931 4.317208 1.638000  -2.378416
2  1777.586214 2627.254840 0.819000  1.629177 4.431416 1.614000  0.911438
3  1761.820117 2619.082885 0.783000  1.852900 4.411125 1.578000  2.237290
4  1715.854561 2671.315185 1.823000  1.739954 5.285584 2.124000  2.271616
5  1779.308359 2615.066639 0.697000  1.969820 4.485623 1.614000  -1.568501
6  1772.283037 2616.435636 0.816000  1.979041 4.618956 1.560000  1.679535
7  1711.656228 2682.278831 1.853000  2.794740 4.594484 1.626000  2.194609
8  1777.034176 2595.879028 0.764000  2.166291 4.385783 1.754000  2.283342
9  1744.456611 2653.883159 1.346000  1.915580 5.100628 2.272000  -0.965805
10  1786.642142 2630.936065 1.058000  2.128279 4.574244 1.638000  -2.412604
11  1794.383534 2643.239423 1.884000  1.996300 4.480207 1.638000  0.796529
12  1813.183330 2564.253550 1.465000  1.705728 4.882796 1.800000  -1.517755
13  1705.885345 2709.383990 2.917000  4.021207 8.262415 3.094000  -1.132961
14  1808.161614 2573.032064 1.181000  2.193264 4.754226 1.530000  -0.930588
15  1771.511419 2607.640137 0.697000  1.800370 4.392457 1.627000  2.267863
16  1799.430689 2558.970011 1.052000  0.997469 0.708673 1.674000  -0.963750
17  1798.283772 2642.029523 1.934000  2.100638 4.302948 1.638000  -2.426816

31  17  1538448759.546758
1753.827230 2624.389860 2.245881
1  1792.714646 2635.289583 1.334000  1.893612 4.462782 1.638000  -2.371713
2  1780.438367 2630.026798 0.835000  1.898925 4.339949 1.614000  0.765214
3  1757.803817 2624.849229 0.811000  1.782219 4.610979 1.578000  2.225550
4  1712.108635 2675.456525 1.777000  1.986288 5.726564 2.124000  2.176334
5  1779.937770 2612.133430 0.686000  1.760061 4.504557 1.614000  -1.285441
6  1772.661961 2619.530977 0.724000  2.055353 4.578135 1.560000  1.396170
7  1705.268880 2689.826330 1.858000  1.684778 4.932617 1.626000  2.442430
8  1772.969718 2599.940132 0.704000  1.890597 4.429244 1.754000  2.272468
9  1746.540065 2651.371740 1.279000  1.775645 5.076076 2.272000  -0.857783
10  1786.448548 2631.030832 0.983000  2.325383 4.394221 1.638000  -2.469533
11  1799.494949 2647.012422 2.034000  1.778361 4.433262 1.638000  0.664396
12  1812.897254 2563.903825 1.465000  1.306888 4.782736 1.800000  -1.284742
13  1706.067291 2711.242325 2.917000  3.627317 9.443091 3.094000  -0.949318
14  1808.042612 2572.133096 1.198000  2.036912 4.595776 1.530000  -1.018506
15  1766.840357 2613.140872 0.671000  1.948448 4.449235 1.627000  2.278240
16  1799.305067 2557.681163 1.010000  0.780245 1.508252 1.674000  -1.064773
17  1798.586266 2642.365875 1.834000  2.226840 4.472641 1.638000  -2.387193

32  15  1538448760.047738
1750.088999 2629.094336 2.246409
1  1783.501986 2632.931611 0.852000  1.598507 4.543969 1.614000  0.834663
2  1753.192862 2630.036330 0.838000  1.925020 4.513565 1.578000  2.303003
3  1709.453868 2679.553319 1.744000  2.515725 5.255181 2.124000  2.190476
4  1781.657969 2609.046326 0.725000  1.799875 4.397709 1.614000  -1.036592
5  1774.147260 2622.516826 0.657000  2.086384 4.666804 1.560000  1.238547
6  1701.584278 2695.750645 1.862000  1.573571 4.144935 1.626000  1.949403
7  1768.947939 2604.621606 0.694000  1.888727 4.322821 1.754000  2.229408
8  1748.649317 2648.905168 1.212000  1.975111 5.298401 2.272000  -0.886936
9  1786.765418 2630.496083 0.975000  2.358751 4.481204 1.638000  -2.472454
10  1811.632496 2564.510834 1.465000  1.540254 4.950961 1.800000  -1.566507
11  1705.057915 2709.900527 2.788000  2.720049 9.737030 3.094000  -0.824771
12  1807.508488 2572.038794 1.215000  1.870655 4.739540 1.530000  -0.890070
13  1762.257500 2619.195893 0.661000  2.039029 4.475764 1.627000  2.269722
14  1799.831020 2558.580918 0.968000  1.244745 1.111233 1.674000  -1.142613
15  1798.580170 2642.146992 1.834000  1.990948 4.704513 1.638000  -2.361832

33  11  1538448760.548179
1746.297307 2633.915729 2.242812
1  1749.005079 2635.928851 0.866000  1.832489 4.468222 1.578000  2.216629
2  1707.720823 2682.824822 1.710000  1.791999 5.412463 2.124000  2.255014
3  1783.043886 2606.593407 0.739000  1.574249 4.288362 1.614000  -1.175723
4  1775.825276 2626.261402 0.590000  1.935938 4.480745 1.560000  1.073133
5  1699.406828 2700.333903 1.866000  1.555085 4.662115 1.626000  2.168483
6  1765.068075 2609.905009 0.684000  2.084386 4.264590 1.754000  2.258935
7  1750.251833 2646.883887 1.146000  2.092466 5.084453 2.272000  -0.889515
8  1786.800139 2630.597265 0.966000  1.587932 4.225364 1.638000  -2.437419
9  1707.593779 2711.226344 2.658000  3.355211 9.586027 3.094000  -1.024576
10  1757.627596 2624.832059 0.701000  1.798235 4.236272 1.627000  2.251420
11  1800.168263 2557.235268 0.926000  0.879373 0.505074 1.674000  -0.927065

34  10  1538448761.048087
1742.559213 2638.673004 2.246789
1  1744.814309 2641.714477 0.894000  1.844310 4.694449 1.578000  2.319570
2  1703.955090 2687.479616 1.677000  1.905252 5.599253 2.124000  2.468760
3  1785.741696 2603.665208 0.753000  1.677611 4.339380 1.614000  -0.944838
4  1778.406753 2629.428958 0.773000  1.857053 4.513825 1.560000  0.965252
5  1692.632249 2706.111512 1.853000  2.182138 4.908949 1.626000  2.253418
6  1761.592439 2614.141224 0.674000  1.927662 4.295565 1.754000  2.242246
7  1752.509041 2644.587075 1.079000  1.940086 5.091587 2.272000  -0.906270
8  1786.546204 2630.760641 0.958000  1.914374 4.171424 1.638000  -2.390198
9  1706.874473 2709.478379 2.529000  3.770326 9.826284 3.094000  -0.900479
10  1752.684777 2630.938752 0.691000  1.871105 4.428776 1.627000  2.224086

35  9  1538448761.548500
1738.778395 2643.436578 2.246669
1  1739.862140 2647.118896 0.922000  2.097043 4.647929 1.578000  2.254948
2  1701.573960 2690.967875 1.644000  1.989550 4.605765 2.124000  2.230638
3  1789.039516 2599.856090 0.767000  1.996722 4.971506 1.614000  -0.881204
4  1781.546904 2632.551432 0.956000  1.914085 4.795740 1.560000  0.874966
5  1689.859555 2713.005111 1.841000  2.115111 5.866500 1.626000  2.150605
6  1757.965921 2619.519673 0.664000  2.070264 4.431017 1.754000  2.242299
7  1753.837559 2643.051062 0.979000  1.956570 4.985677 2.272000  -0.770680
8  1707.287545 2708.486325 2.400000  3.162508 8.984628 3.094000  -0.848890
9  1748.788755 2636.247424 0.681000  1.947096 4.263485 1.627000  2.324667

36  8  1538448762.048350
1735.035269 2648.168377 2.245865
1  1735.822854 2652.820603 0.938000  1.860226 4.415975 1.578000  2.278773
2  1697.798827 2695.159056 1.610000  2.397262 5.170981 2.124000  2.249813
3  1790.824013 2597.149888 0.731000  2.106674 4.815195 1.614000  -0.570685
4  1683.300968 2719.338329 1.828000  1.943770 4.515455 1.626000  1.967395
5  1754.123462 2624.192940 0.664000  2.335018 4.173825 1.754000  2.287755
6  1755.534440 2640.755187 0.879000  1.998731 5.177498 2.272000  -0.903408
7  1707.517624 2707.579771 2.271000  3.106364 9.042112 3.094000  -0.983320
8  1744.438765 2641.340080 0.671000  1.716810 4.695961 1.627000  2.289084

37  9  1538448762.547686
1731.301590 2652.922033 2.240229
1  1731.305663 2658.614164 0.955000  1.891096 4.421177 1.578000  2.192503
2  1694.705688 2699.348958 1.577000  2.079565 5.106943 2.124000  2.285742
3  1793.087787 2595.036894 0.696000  2.264884 4.820891 1.614000  -1.074305
4  1679.008343 2724.713464 1.816000  1.883837 3.521735 1.626000  2.439294
5  1750.147194 2629.051170 0.664000  2.031683 4.438045 1.754000  2.292136
6  1756.570661 2639.845292 0.779000  2.021246 5.090927 2.272000  -0.828827
7  1709.034015 2706.695324 2.141000  3.788073 9.330590 3.094000  -1.017957
8  1739.951374 2646.992874 0.694000  1.877600 4.357001 1.627000  2.293821
9  1786.827765 2590.249117 0.992000  2.268857 4.934264 2.000000  2.173489

38  9  1538448763.047541
1727.595662 2657.631613 2.239275
1  1726.736209 2663.955255 0.972000  1.881556 4.525635 1.578000  2.221502
2  1691.971714 2703.345247 1.544000  1.984342 4.915096 2.124000  2.250389
3  1798.476612 2591.212457 0.660000  1.273597 3.994910 1.614000  -1.036757
4  1677.447494 2730.070931 1.773000  2.415654 4.023950 1.626000  2.203673
5  1746.299712 2634.031609 0.664000  2.224441 4.331160 1.754000  2.286935
6  1757.990622 2638.739152 0.679000  1.974642 5.280457 2.272000  -0.902517
7  1708.868054 2704.911973 2.012000  3.703876 9.065307 3.094000  -0.813296
8  1735.648633 2652.418206 0.718000  1.832118 4.262221 1.627000  2.239112
9  1781.810035 2592.232840 0.806000  1.806774 5.072136 2.000000  2.353665

39  8  1538448763.547987
1723.884205 2662.378053 2.234531
1  1722.085670 2669.715232 0.947000  1.799932 4.448583 1.578000  2.290463
2  1688.834677 2707.619615 1.510000  2.092160 5.201913 2.124000  2.145787
3  1674.998332 2732.893170 1.731000  2.400503 4.831618 1.626000  2.114871
4  1742.437082 2638.553922 0.664000  2.077364 4.317345 1.754000  2.255547
5  1759.197916 2636.945404 0.579000  1.794658 5.011217 2.272000  -0.882551
6  1709.088035 2705.721479 1.912000  3.624485 9.554655 3.094000  -1.079619
7  1731.502993 2657.887074 0.741000  1.959512 4.396727 1.627000  2.347076
8  1777.467849 2598.585285 0.856000  2.049150 4.755909 2.000000  2.203749

40  8  1538448764.047314
1720.264572 2667.071990 2.228248
1  1717.971070 2675.239765 0.922000  1.952719 4.312261 1.578000  2.250427
2  1685.736243 2711.932522 1.477000  1.273359 5.005863 2.124000  2.145288
3  1670.103288 2737.660327 1.689000  1.896239 4.632814 1.626000  2.418294
4  1738.657743 2643.353513 0.664000  2.204224 4.286543 1.754000  2.259414
5  1760.680236 2634.743679 0.479000  1.754783 5.066141 2.272000  -0.838739
6  1710.298911 2703.192283 1.912000  3.249540 9.561276 3.094000  -1.051673
7  1727.516396 2662.707392 0.748000  1.736021 4.291730 1.627000  2.224040
8  1775.173950 2601.332793 0.906000  2.553672 5.022123 2.000000  1.938556

