41
1.72201  0.00475453  1.49491  0.507724  -0.497339  0.498372  -0.496483
1252.81  826.588  1252.81  469.985  
1 0 1535489296.012404
../data/CAM_FRONT/n008-2018-08-28-16-43-51-0400__CAM_FRONT__1535489296012404.jpg
1316.378175 1038.593669 2.413949

2 0 1535489296.512409
../data/CAM_FRONT/n008-2018-08-28-16-43-51-0400__CAM_FRONT__1535489296512409.jpg
1316.378190 1038.593664 2.413956

3 0 1535489297.012404
../data/CAM_FRONT/n008-2018-08-28-16-43-51-0400__CAM_FRONT__1535489297012404.jpg
1316.378189 1038.593671 2.413967

4 0 1535489297.512404
../data/CAM_FRONT/n008-2018-08-28-16-43-51-0400__CAM_FRONT__1535489297512404.jpg
1316.378197 1038.593670 2.413981

5 0 1535489298.012404
../data/CAM_FRONT/n008-2018-08-28-16-43-51-0400__CAM_FRONT__1535489298012404.jpg
1316.378186 1038.593685 2.413859

6 0 1535489298.512404
../data/CAM_FRONT/n008-2018-08-28-16-43-51-0400__CAM_FRONT__1535489298512404.jpg
1316.378192 1038.593684 2.413941

7 1 1535489299.012404
../data/CAM_FRONT/n008-2018-08-28-16-43-51-0400__CAM_FRONT__1535489299012404.jpg
1316.378202 1038.593679 2.413934
1 -24 482 309 126 1

8 1 1535489299.512404
../data/CAM_FRONT/n008-2018-08-28-16-43-51-0400__CAM_FRONT__1535489299512404.jpg
1316.378201 1038.593683 2.413986
1 176 478 410 129 1

9 3 1535489300.012404
../data/CAM_FRONT/n008-2018-08-28-16-43-51-0400__CAM_FRONT__1535489300012404.jpg
1316.378213 1038.593675 2.414055
1 535 473 385 131 1
2 68 434 333 153 1
3 375 487 197 64 1

10 3 1535489300.512404
../data/CAM_FRONT/n008-2018-08-28-16-43-51-0400__CAM_FRONT__1535489300512404.jpg
1316.378214 1038.593676 2.414050
1 934 468 402 134 1
2 225 431 425 155 1
3 486 486 154 56 1

11 4 1535489301.012404
../data/CAM_FRONT/n008-2018-08-28-16-43-51-0400__CAM_FRONT__1535489301012404.jpg
1316.378213 1038.593679 2.413983
1 1293 465 342 133 1
2 501 426 399 159 1
3 560 485 119 49 1
4 -1 375 516 234 1

12 3 1535489301.512404
../data/CAM_FRONT/n008-2018-08-28-16-43-51-0400__CAM_FRONT__1535489301512404.jpg
1316.378217 1038.593677 2.414071
1 808 422 410 160 1
2 605 485 90 44 1
3 218 369 624 244 1

13 4 1535489302.012404
../data/CAM_FRONT/n008-2018-08-28-16-43-51-0400__CAM_FRONT__1535489302012404.jpg
1316.378208 1038.593687 2.413922
1 1090 418 449 161 1
2 629 485 66 39 1
3 605 362 637 247 1
4 -1 488 267 97 1

14 4 1535489302.512404
../data/CAM_FRONT/n008-2018-08-28-16-43-51-0400__CAM_FRONT__1535489302512404.jpg
1316.378207 1038.593689 2.413980
1 1324 420 73 156 1
2 635 484 53 37 1
3 1012 364 560 242 1
4 200 484 343 101 1

15 4 1535489303.012421
../data/CAM_FRONT/n008-2018-08-28-16-43-51-0400__CAM_FRONT__1535489303012421.jpg
1316.378213 1038.593685 2.414000
1 65 405 470 159 1
2 639 484 50 34 1
3 1365 357 96 247 1
4 513 481 323 102 1

16 3 1535489303.412404
../data/CAM_FRONT/n008-2018-08-28-16-43-51-0400__CAM_FRONT__1535489303412404.jpg
1316.378219 1038.593681 2.414027
1 189 408 432 151 1
2 642 484 47 33 1
3 763 478 324 103 1

17 2 1535489303.912404
../data/CAM_FRONT/n008-2018-08-28-16-43-51-0400__CAM_FRONT__1535489303912404.jpg
1316.378209 1038.593690 2.413956
1 315 411 375 141 1
2 1057 474 352 105 1

18 3 1535489304.412404
../data/CAM_FRONT/n008-2018-08-28-16-43-51-0400__CAM_FRONT__1535489304412404.jpg
1316.378204 1038.593695 2.413885
1 334 478 318 106 1
2 423 415 308 131 1
3 1332 471 302 107 1

19 2 1535489304.912404
../data/CAM_FRONT/n008-2018-08-28-16-43-51-0400__CAM_FRONT__1535489304912404.jpg
1316.378212 1038.593689 2.413976
1 643 474 298 107 1
2 512 419 235 121 1

20 2 1535489305.412404
../data/CAM_FRONT/n008-2018-08-28-16-43-51-0400__CAM_FRONT__1535489305412404.jpg
1316.378204 1038.593696 2.413854
1 941 470 311 109 1
2 586 423 171 112 1

21 2 1535489305.912404
../data/CAM_FRONT/n008-2018-08-28-16-43-51-0400__CAM_FRONT__1535489305912404.jpg
1316.378210 1038.593692 2.413992
1 1214 466 353 112 1
2 626 428 125 102 1

22 4 1535489306.412404
../data/CAM_FRONT/n008-2018-08-28-16-43-51-0400__CAM_FRONT__1535489306412404.jpg
1316.378213 1038.593689 2.413972
1 1477 466 75 109 1
2 664 432 81 94 1
3 125 486 342 98 1
4 57 421 236 308 0

23 3 1535489306.912404
../data/CAM_FRONT/n008-2018-08-28-16-43-51-0400__CAM_FRONT__1535489306912404.jpg
1316.378220 1038.593684 2.414003
1 670 436 74 86 1
2 465 482 322 100 1
3 148 420 229 309 0

24 3 1535489307.412404
../data/CAM_FRONT/n008-2018-08-28-16-43-51-0400__CAM_FRONT__1535489307412404.jpg
1316.378217 1038.593686 2.413977
1 675 440 68 79 1
2 799 478 321 102 1
3 239 418 223 312 0

25 4 1535489307.912404
../data/CAM_FRONT/n008-2018-08-28-16-43-51-0400__CAM_FRONT__1535489307912404.jpg
1316.378218 1038.593686 2.414020
1 684 443 63 73 1
2 1107 474 356 105 1
3 58 455 219 292 0
4 332 416 215 314 0

26 4 1535489308.362404
../data/CAM_FRONT/n008-2018-08-28-16-43-51-0400__CAM_FRONT__1535489308362404.jpg
1316.378223 1038.593682 2.414096
1 687 445 59 69 1
2 1362 475 52 102 1
3 136 454 218 297 0
4 436 415 208 316 0

27 4 1535489308.862404
../data/CAM_FRONT/n008-2018-08-28-16-43-51-0400__CAM_FRONT__1535489308862404.jpg
1316.378219 1038.593686 2.414009
1 19 479 386 115 1
2 689 448 56 64 1
3 226 452 216 304 0
4 554 413 198 318 0

28 4 1535489309.362404
../data/CAM_FRONT/n008-2018-08-28-16-43-51-0400__CAM_FRONT__1535489309362404.jpg
1316.378211 1038.593692 2.413963
1 332 475 366 117 1
2 691 450 52 60 1
3 352 450 212 309 0
4 646 411 191 319 0

29 6 1535489309.862404
../data/CAM_FRONT/n008-2018-08-28-16-43-51-0400__CAM_FRONT__1535489309862404.jpg
1316.378216 1038.593688 2.414019
1 701 470 356 119 1
2 693 452 48 56 1
3 395 478 76 46 1
4 482 447 207 316 0
5 466 470 78 56 1
6 739 410 183 320 0

30 6 1535489310.362404
../data/CAM_FRONT/n008-2018-08-28-16-43-51-0400__CAM_FRONT__1535489310362404.jpg
1316.378221 1038.593684 2.414014
1 1059 465 389 122 1
2 694 454 45 52 1
3 393 478 76 47 1
4 599 447 194 309 0
5 465 470 78 56 1
6 792 409 178 320 0

31 6 1535489310.912404
../data/CAM_FRONT/n008-2018-08-28-16-43-51-0400__CAM_FRONT__1535489310912404.jpg
1316.378221 1038.593684 2.414041
1 1445 464 67 122 1
2 694 456 42 48 1
3 391 478 77 47 1
4 722 446 183 304 0
5 465 470 78 56 1
6 859 408 175 321 0

32 5 1535489311.362404
../data/CAM_FRONT/n008-2018-08-28-16-43-51-0400__CAM_FRONT__1535489311362404.jpg
1316.378227 1038.593679 2.414106
1 695 457 40 46 1
2 389 478 78 47 1
3 807 445 177 304 0
4 465 470 78 56 1
5 979 406 180 324 0

33 5 1535489311.862404
../data/CAM_FRONT/n008-2018-08-28-16-43-51-0400__CAM_FRONT__1535489311862404.jpg
1316.378223 1038.593683 2.414036
1 696 459 38 43 1
2 389 478 78 47 1
3 902 443 173 306 0
4 465 470 78 56 1
5 1068 401 199 340 0

34 5 1535489312.362404
../data/CAM_FRONT/n008-2018-08-28-16-43-51-0400__CAM_FRONT__1535489312362404.jpg
1316.378222 1038.593683 2.414052
1 698 460 36 41 1
2 390 478 77 47 1
3 998 442 175 306 0
4 465 470 78 56 1
5 1146 400 212 341 0

35 5 1535489312.862404
../data/CAM_FRONT/n008-2018-08-28-16-43-51-0400__CAM_FRONT__1535489312862404.jpg
1316.378216 1038.593689 2.413973
1 699 461 34 39 1
2 390 478 77 47 1
3 1106 440 186 309 0
4 465 470 78 56 1
5 1254 397 231 346 0

36 5 1535489313.362404
../data/CAM_FRONT/n008-2018-08-28-16-43-51-0400__CAM_FRONT__1535489313362404.jpg
1316.378216 1038.593689 2.414039
1 700 462 32 37 1
2 390 478 77 47 1
3 1211 438 203 312 0
4 465 470 78 56 1
5 1365 395 251 350 0

37 5 1535489313.862404
../data/CAM_FRONT/n008-2018-08-28-16-43-51-0400__CAM_FRONT__1535489313862404.jpg
1316.378230 1038.593677 2.414139
1 701 463 34 35 1
2 389 478 78 47 1
3 1319 437 219 315 0
4 465 470 78 56 1
5 1478 396 67 348 0

38 4 1535489314.362404
../data/CAM_FRONT/n008-2018-08-28-16-43-51-0400__CAM_FRONT__1535489314362404.jpg
1316.378239 1038.593669 2.414179
1 700 463 32 35 1
2 389 478 77 47 1
3 1416 435 229 314 0
4 465 470 78 56 1

39 4 1535489314.862404
../data/CAM_FRONT/n008-2018-08-28-16-43-51-0400__CAM_FRONT__1535489314862404.jpg
1316.378234 1038.593673 2.414113
1 700 464 29 33 1
2 388 478 78 47 1
3 1515 436 57 315 0
4 465 470 78 56 1

40 4 1535489315.412404
../data/CAM_FRONT/n008-2018-08-28-16-43-51-0400__CAM_FRONT__1535489315412404.jpg
1316.378226 1038.593680 2.414086
1 700 465 28 32 1
2 388 478 77 47 1
3 1600 439 31 287 0
4 465 470 78 56 1

41 2 1535489315.912404
../data/CAM_FRONT/n008-2018-08-28-16-43-51-0400__CAM_FRONT__1535489315912404.jpg
1316.378227 1038.593679 2.414068
1 387 478 78 47 1
2 465 470 78 56 1

