40
1 24 1542800987.947699
1  0  1328.517000 903.093000 1.207000 0.732000 0.641000 1.632000 2.867461
2  1  1274.660000 839.935000 -2.533000 1.803000 4.486000 1.513000 1.031563
3  0  1333.603000 904.252000 1.590000 0.556000 0.965000 1.598000 0.914211
4  1  1301.766000 902.171000 0.294000 0.470000 1.268000 1.706000 1.486013
5  1  1306.411000 887.587000 -0.189000 1.711000 4.047000 1.637000 1.050684
6  0  1310.528000 918.173000 0.539000 0.475000 0.438000 1.796000 -1.698161
7  0  1330.626000 905.076000 1.320000 0.592000 0.622000 1.757000 1.884104
8  1  1286.053000 837.362000 -0.127000 2.753000 12.145000 4.364000 -2.175125
9  1  1299.232000 918.868000 1.568000 2.908000 10.909000 4.454000 -0.652124
10  0  1295.500000 908.901000 0.298000 0.408000 0.858000 1.713000 -0.997895
11  0  1334.439000 907.210000 1.610000 0.555000 0.744000 1.739000 3.113303
12  1  1294.049000 866.793000 -1.103000 1.762000 4.181000 1.480000 1.061602
13  1  1297.511000 924.098000 0.013000 1.872000 4.327000 1.444000 -0.652124
14  1  1304.587000 891.514000 -0.189000 1.711000 4.047000 1.637000 1.050684
15  1  1325.229000 908.091000 1.198000 1.745000 4.736000 1.840000 -2.238518
16  1  1303.661000 919.222000 0.064000 1.869000 4.400000 1.632000 -0.652124
17  1  1300.166000 847.162000 -1.024000 0.517000 1.284000 1.633000 1.053416
18  1  1305.844000 902.174000 0.024000 1.739000 4.302000 1.566000 1.704105
19  1  1338.685000 935.810000 2.043000 1.650000 4.250000 1.529000 0.868168
20  0  1330.068000 904.056000 1.286000 0.566000 0.436000 1.690000 2.989634
21  1  1296.650000 854.833000 -1.064000 1.865000 4.204000 1.749000 -2.089140
22  0  1332.913000 904.831000 1.550000 0.585000 0.409000 1.717000 -2.706902
23  0  1331.863000 903.186000 1.488000 0.786000 0.765000 1.794000 -3.081585
24  1  1315.676000 902.276000 0.406000 1.836000 4.416000 1.430000 0.966802

2 24 1542800988.448155
1  0  1328.578000 903.111000 1.207000 0.732000 0.641000 1.632000 2.850007
2  1  1277.163000 844.229000 -2.332000 1.803000 4.486000 1.513000 1.031563
3  0  1334.004000 904.820000 1.590000 0.556000 0.965000 1.598000 0.914211
4  1  1301.766000 902.171000 0.294000 0.470000 1.268000 1.706000 1.486013
5  1  1308.787000 891.634000 0.011000 1.711000 4.047000 1.637000 1.033217
6  0  1310.528000 918.173000 0.539000 0.475000 0.438000 1.796000 -1.698161
7  0  1330.673000 905.205000 1.345000 0.592000 0.622000 1.757000 1.377631
8  1  1286.026000 837.312000 -0.127000 2.753000 12.145000 4.364000 -2.175125
9  1  1299.232000 918.868000 1.568000 2.908000 10.909000 4.454000 -0.652124
10  0  1295.886000 908.338000 0.298000 0.408000 0.858000 1.713000 -0.984794
11  0  1334.258000 907.239000 1.596000 0.555000 0.744000 1.739000 3.053132
12  1  1296.245000 870.723000 -0.941000 1.762000 4.181000 1.480000 1.052868
13  1  1297.505000 924.109000 0.011000 1.872000 4.327000 1.444000 -0.652124
14  1  1306.001000 893.936000 -0.079000 1.711000 4.047000 1.637000 1.048934
15  1  1325.229000 908.091000 1.198000 1.745000 4.736000 1.840000 -2.238518
16  1  1303.662000 919.224000 0.052000 1.869000 4.400000 1.632000 -0.652124
17  1  1301.177000 849.067000 -0.937000 0.517000 1.284000 1.633000 1.053416
18  1  1305.155000 903.941000 0.099000 1.739000 4.302000 1.566000 1.896207
19  1  1342.191000 939.973000 2.243000 1.650000 4.250000 1.529000 0.868168
20  0  1330.068000 904.056000 1.286000 0.566000 0.436000 1.690000 2.989634
21  1  1296.597000 854.717000 -1.063000 1.865000 4.204000 1.749000 -2.092345
22  0  1332.913000 904.831000 1.550000 0.585000 0.409000 1.717000 -2.706902
23  0  1331.687000 903.110000 1.488000 0.786000 0.765000 1.794000 3.085153
24  1  1318.486000 906.321000 0.656000 1.836000 4.416000 1.430000 0.958070

3 25 1542800988.948006
1  0  1328.509000 903.015000 1.207000 0.732000 0.641000 1.632000 2.710381
2  1  1279.663000 848.518000 -2.132000 1.803000 4.486000 1.513000 1.031563
25  1  1335.110000 915.622000 1.469000 1.865000 4.204000 1.755000 -2.246213
3  0  1334.405000 905.387000 1.590000 0.556000 0.965000 1.598000 0.914211
4  1  1301.766000 902.171000 0.294000 0.470000 1.268000 1.706000 1.486013
5  1  1311.265000 895.613000 0.211000 1.711000 4.047000 1.637000 1.015771
6  0  1310.528000 918.173000 0.539000 0.475000 0.438000 1.796000 -1.698161
7  0  1330.723000 905.176000 1.320000 0.592000 0.622000 1.757000 0.802000
8  1  1285.998000 837.262000 -0.127000 2.753000 12.145000 4.364000 -2.175125
9  1  1299.232000 918.868000 1.568000 2.908000 10.909000 4.454000 -0.652124
10  0  1296.273000 907.777000 0.298000 0.408000 0.858000 1.713000 -0.971709
11  0  1334.078000 907.279000 1.582000 0.555000 0.744000 1.739000 2.993033
12  1  1298.438000 874.647000 -0.778000 1.762000 4.181000 1.480000 1.044144
13  1  1297.498000 924.120000 0.008000 1.872000 4.327000 1.444000 -0.652124
14  1  1307.414000 896.356000 0.031000 1.711000 4.047000 1.637000 1.047186
15  1  1325.229000 908.091000 1.198000 1.745000 4.736000 1.840000 -2.238518
16  1  1303.663000 919.227000 0.039000 1.869000 4.400000 1.632000 -0.652124
17  1  1302.186000 850.969000 -0.849000 0.517000 1.284000 1.633000 1.053416
18  1  1304.143000 905.542000 0.174000 1.739000 4.302000 1.566000 2.088077
19  1  1345.693000 944.131000 2.443000 1.650000 4.250000 1.529000 0.868168
20  0  1330.068000 904.056000 1.286000 0.566000 0.436000 1.690000 2.989634
21  1  1296.544000 854.601000 -1.061000 1.865000 4.204000 1.749000 -2.095546
22  0  1332.913000 904.831000 1.550000 0.585000 0.409000 1.717000 -2.706902
23  0  1331.505000 903.055000 1.488000 0.786000 0.765000 1.794000 2.968846
24  1  1321.292000 910.362000 0.906000 1.836000 4.416000 1.430000 0.949348

4 25 1542800989.447876
1  0  1328.598000 902.961000 1.257000 0.732000 0.641000 1.632000 2.343862
2  1  1282.163000 852.808000 -1.932000 1.803000 4.486000 1.513000 1.031563
25  1  1330.383000 909.280000 1.169000 1.865000 4.204000 1.755000 -2.228759
3  0  1334.806000 905.954000 1.590000 0.556000 0.965000 1.598000 0.914211
4  1  1301.766000 902.171000 0.294000 0.470000 1.268000 1.706000 1.486013
5  1  1313.743000 899.592000 0.411000 1.711000 4.047000 1.637000 0.998324
6  0  1310.528000 918.173000 0.539000 0.475000 0.438000 1.796000 -1.698161
7  0  1330.889000 905.250000 1.320000 0.592000 0.622000 1.757000 0.802000
8  1  1285.971000 837.212000 -0.127000 2.753000 12.145000 4.364000 -2.175125
9  1  1299.232000 918.868000 1.568000 2.908000 10.909000 4.454000 -0.652124
10  0  1296.659000 907.215000 0.298000 0.408000 0.858000 1.713000 -0.958622
11  0  1333.902000 907.330000 1.567000 0.555000 0.744000 1.739000 2.932933
12  1  1300.632000 878.572000 -0.716000 1.762000 4.181000 1.480000 1.035420
13  1  1297.492000 924.131000 0.005000 1.872000 4.327000 1.444000 -0.652124
14  1  1309.004000 898.962000 0.141000 1.711000 4.047000 1.637000 1.027991
15  1  1325.229000 908.091000 1.198000 1.745000 4.736000 1.840000 -2.238518
16  1  1303.664000 919.229000 0.027000 1.869000 4.400000 1.632000 -0.652124
17  1  1303.195000 852.872000 -0.761000 0.517000 1.284000 1.633000 1.053416
18  1  1302.681000 907.229000 0.166000 1.739000 4.302000 1.566000 2.274242
19  1  1349.195000 948.289000 2.493000 1.650000 4.250000 1.529000 0.868168
20  0  1330.068000 904.056000 1.286000 0.566000 0.436000 1.690000 2.989634
21  1  1296.491000 854.485000 -1.059000 1.865000 4.204000 1.749000 -2.098748
22  0  1332.913000 904.831000 1.550000 0.585000 0.409000 1.717000 -2.706902
23  0  1331.317000 903.022000 1.488000 0.786000 0.765000 1.794000 2.852535
24  1  1324.369000 914.564000 1.106000 1.836000 4.416000 1.430000 0.914443

5 24 1542800989.947775
1  0  1328.776000 903.072000 1.237000 0.732000 0.641000 1.632000 1.471190
2  1  1284.663000 857.097000 -1.732000 1.803000 4.486000 1.513000 1.031563
25  1  1325.242000 902.522000 1.044000 1.865000 4.204000 1.755000 -2.193852
3  0  1335.207000 906.521000 1.590000 0.556000 0.965000 1.598000 0.914211
4  1  1301.767000 902.180000 0.294000 0.470000 1.268000 1.706000 1.486013
5  1  1316.337000 903.392000 0.611000 1.711000 4.047000 1.637000 0.980871
6  0  1310.528000 918.173000 0.539000 0.475000 0.438000 1.796000 -1.698161
7  0  1331.054000 905.325000 1.320000 0.592000 0.622000 1.757000 0.802000
8  1  1285.943000 837.162000 -0.126000 2.753000 12.145000 4.364000 -2.175125
9  1  1299.232000 918.868000 1.568000 2.908000 10.909000 4.454000 -0.652124
10  0  1297.045000 906.654000 0.298000 0.408000 0.858000 1.713000 -0.945536
11  0  1333.728000 907.391000 1.553000 0.555000 0.744000 1.739000 2.872829
12  1  1302.825000 882.497000 -0.654000 1.762000 4.181000 1.480000 1.026695
13  1  1297.486000 924.142000 0.003000 1.872000 4.327000 1.444000 -0.652124
14  1  1310.594000 901.569000 0.251000 1.711000 4.047000 1.637000 1.008794
15  1  1325.229000 908.091000 1.198000 1.745000 4.736000 1.840000 -2.238518
16  1  1303.665000 919.231000 0.014000 1.869000 4.400000 1.632000 -0.652124
17  1  1304.205000 854.775000 -0.673000 0.517000 1.284000 1.633000 1.053416
18  1  1300.793000 908.925000 0.157000 1.739000 4.302000 1.566000 2.355693
20  0  1330.068000 904.056000 1.286000 0.566000 0.436000 1.690000 2.989634
21  1  1296.437000 854.369000 -1.058000 1.865000 4.204000 1.749000 -2.101950
22  0  1332.913000 904.831000 1.550000 0.585000 0.409000 1.717000 -2.706902
23  0  1331.420000 902.941000 1.488000 0.786000 0.765000 1.794000 2.561635
24  1  1327.591000 918.656000 1.306000 1.836000 4.416000 1.430000 0.879535

6 24 1542800990.447665
1  0  1328.975000 903.006000 1.217000 0.732000 0.641000 1.632000 0.598533
2  1  1287.271000 861.538000 -1.532000 1.803000 4.486000 1.513000 1.031563
25  1  1320.999000 896.541000 0.669000 1.865000 4.204000 1.755000 -2.158946
3  0  1335.608000 907.089000 1.590000 0.556000 0.965000 1.598000 0.914211
4  1  1301.768000 902.190000 0.294000 0.470000 1.268000 1.706000 1.486013
5  1  1318.931000 907.192000 0.811000 1.711000 4.047000 1.637000 0.963417
6  0  1310.528000 918.173000 0.539000 0.475000 0.438000 1.796000 -1.698161
7  0  1331.151000 905.282000 1.345000 0.592000 0.622000 1.757000 1.674700
8  1  1285.916000 837.112000 -0.126000 2.753000 12.145000 4.364000 -2.175125
9  1  1299.232000 918.868000 1.568000 2.908000 10.909000 4.454000 -0.652124
10  0  1297.435000 906.154000 0.305000 0.408000 0.858000 1.713000 -0.937949
11  0  1333.559000 907.462000 1.538000 0.555000 0.744000 1.739000 2.812726
12  1  1305.415000 886.855000 -0.420000 1.762000 4.181000 1.480000 1.026695
13  1  1297.479000 924.152000 0.000000 1.872000 4.327000 1.444000 -0.652124
14  1  1312.398000 904.368000 0.386000 1.711000 4.047000 1.637000 0.986105
15  1  1325.229000 908.091000 1.198000 1.745000 4.736000 1.840000 -2.238518
16  1  1303.665000 919.233000 0.001000 1.869000 4.400000 1.632000 -0.652124
17  1  1304.748000 855.858000 -0.623000 0.517000 1.284000 1.633000 1.053416
18  1  1298.772000 910.463000 0.149000 1.739000 4.302000 1.566000 2.437143
20  0  1330.068000 904.056000 1.286000 0.566000 0.436000 1.690000 2.989634
21  1  1296.384000 854.253000 -1.056000 1.865000 4.204000 1.749000 -2.105152
22  0  1332.913000 904.831000 1.550000 0.585000 0.409000 1.717000 -2.706902
23  0  1331.496000 902.833000 1.488000 0.786000 0.765000 1.794000 2.270741
24  1  1330.931000 922.763000 1.539000 1.836000 4.416000 1.430000 0.879535

7 24 1542800990.947514
1  0  1329.068000 903.083000 1.242000 0.732000 0.641000 1.632000 0.642151
2  1  1289.880000 865.978000 -1.332000 1.803000 4.486000 1.513000 1.031563
25  1  1316.764000 889.790000 0.344000 1.865000 4.204000 1.755000 -2.158946
3  0  1336.009000 907.656000 1.590000 0.556000 0.965000 1.598000 0.914211
4  1  1301.769000 902.200000 0.294000 0.470000 1.268000 1.706000 1.486013
5  1  1321.858000 911.125000 1.011000 1.711000 4.047000 1.637000 0.936611
6  0  1310.528000 918.173000 0.539000 0.475000 0.438000 1.796000 -1.698161
7  0  1331.245000 905.328000 1.370000 0.592000 0.622000 1.757000 2.547329
8  1  1285.926000 837.036000 -0.126000 2.753000 12.145000 4.364000 -2.175125
9  1  1299.232000 918.868000 1.568000 2.908000 10.909000 4.454000 -0.652124
10  0  1297.824000 905.655000 0.312000 0.408000 0.858000 1.713000 -0.930362
11  0  1333.220000 907.604000 1.513000 0.555000 0.744000 1.739000 2.752628
12  1  1308.005000 891.213000 -0.187000 1.762000 4.181000 1.480000 1.026695
13  1  1297.473000 924.163000 -0.002000 1.872000 4.327000 1.444000 -0.652124
14  1  1314.202000 907.168000 0.521000 1.711000 4.047000 1.637000 0.963417
15  1  1325.229000 908.091000 1.198000 1.745000 4.736000 1.840000 -2.238518
16  1  1303.666000 919.235000 -0.011000 1.869000 4.400000 1.632000 -0.652124
17  1  1305.290000 856.940000 -0.573000 0.517000 1.284000 1.633000 1.053416
18  1  1296.481000 912.288000 0.141000 1.739000 4.302000 1.566000 2.454589
20  0  1330.068000 904.056000 1.286000 0.566000 0.436000 1.690000 2.989634
21  1  1296.359000 854.224000 -1.057000 1.865000 4.204000 1.749000 -2.108353
22  0  1332.913000 904.831000 1.550000 0.585000 0.409000 1.717000 -2.706902
23  0  1331.537000 902.709000 1.488000 0.786000 0.765000 1.794000 1.979870
24  1  1334.271000 926.870000 1.772000 1.836000 4.416000 1.430000 0.879535

8 24 1542800991.448017
1  0  1329.158000 903.163000 1.267000 0.732000 0.641000 1.632000 0.685826
2  1  1292.531000 870.490000 -1.132000 1.803000 4.486000 1.513000 1.031563
25  1  1312.844000 883.512000 0.219000 1.865000 4.204000 1.755000 -2.106586
3  0  1336.421000 908.217000 1.590000 0.556000 0.965000 1.598000 0.623076
4  1  1301.769000 902.210000 0.294000 0.470000 1.268000 1.706000 1.486013
5  1  1324.894000 914.983000 1.212000 1.711000 4.047000 1.637000 0.909770
6  0  1310.530000 918.157000 0.536000 0.475000 0.438000 1.796000 -1.698161
7  0  1331.268000 905.345000 1.374000 0.592000 0.622000 1.757000 2.547329
8  1  1285.936000 836.960000 -0.127000 2.753000 12.145000 4.364000 -2.175125
9  1  1299.232000 918.868000 1.568000 2.908000 10.909000 4.454000 -0.652124
10  0  1298.214000 905.154000 0.319000 0.408000 0.858000 1.713000 -0.922766
11  0  1332.890000 907.766000 1.488000 0.555000 0.744000 1.739000 2.692451
12  1  1310.768000 895.607000 0.046000 1.762000 4.181000 1.480000 1.006317
13  1  1297.466000 924.174000 -0.005000 1.872000 4.327000 1.444000 -0.652124
14  1  1316.297000 909.951000 0.665000 1.711000 4.047000 1.637000 0.939769
15  1  1325.229000 908.091000 1.198000 1.745000 4.736000 1.840000 -2.238518
16  1  1303.667000 919.238000 -0.024000 1.869000 4.400000 1.632000 -0.652124
17  1  1305.834000 858.025000 -0.523000 0.517000 1.284000 1.633000 1.053416
18  1  1294.187000 914.115000 0.132000 1.739000 4.302000 1.566000 2.472058
20  0  1330.068000 904.056000 1.286000 0.566000 0.436000 1.690000 2.911038
21  1  1296.333000 854.194000 -1.058000 1.865000 4.204000 1.749000 -2.111559
22  0  1332.922000 904.836000 1.550000 0.585000 0.409000 1.717000 -2.706902
23  0  1331.368000 902.674000 1.488000 0.786000 0.765000 1.794000 1.526084
24  1  1337.789000 931.193000 2.006000 1.836000 4.416000 1.430000 0.879535

9 25 1542800991.947811
1  0  1329.344000 903.187000 1.257000 0.732000 0.641000 1.632000 0.729440
2  1  1295.179000 874.996000 -0.932000 1.803000 4.486000 1.513000 1.031563
25  1  1309.560000 877.545000 -0.027000 1.865000 4.204000 1.755000 -2.041596
3  0  1336.976000 908.636000 1.590000 0.556000 0.965000 1.598000 0.332354
4  1  1301.770000 902.220000 0.294000 0.470000 1.268000 1.706000 1.486013
5  1  1328.027000 918.752000 1.412000 1.711000 4.047000 1.637000 0.882967
6  0  1310.533000 918.142000 0.532000 0.475000 0.438000 1.796000 -1.698161
7  0  1331.291000 905.362000 1.379000 0.592000 0.622000 1.757000 2.547329
8  1  1285.946000 836.884000 -0.127000 2.753000 12.145000 4.364000 -2.175125
9  1  1299.232000 918.868000 1.568000 2.908000 10.909000 4.454000 -0.652124
10  0  1298.608000 904.658000 0.311000 0.408000 0.858000 1.713000 -0.915181
11  0  1332.571000 907.948000 1.462000 0.555000 0.744000 1.739000 2.632360
12  1  1313.528000 899.995000 0.280000 1.762000 4.181000 1.480000 0.985966
13  1  1297.465000 924.171000 -0.007000 1.872000 4.327000 1.444000 -0.652124
26  1  1284.436000 856.668000 -1.673000 1.748000 4.445000 1.503000 1.028054
14  1  1318.511000 912.762000 0.808000 1.711000 4.047000 1.637000 0.898700
15  1  1325.229000 908.091000 1.198000 1.745000 4.736000 1.840000 -2.238518
16  1  1303.668000 919.240000 -0.037000 1.869000 4.400000 1.632000 -0.652124
17  1  1306.377000 859.107000 -0.472000 0.517000 1.284000 1.633000 1.053416
18  1  1291.896000 915.940000 0.124000 1.739000 4.302000 1.566000 2.489503
20  0  1330.068000 904.056000 1.286000 0.566000 0.436000 1.690000 2.832554
21  1  1296.308000 854.165000 -1.059000 1.865000 4.204000 1.749000 -2.114760
22  0  1332.932000 904.840000 1.550000 0.585000 0.409000 1.717000 -2.706902
23  0  1331.268000 902.673000 1.488000 0.786000 0.765000 1.794000 1.526084
24  1  1341.303000 935.510000 2.239000 1.836000 4.416000 1.430000 0.879535

10 26 1542800992.447751
1  0  1329.528000 903.220000 1.247000 0.732000 0.641000 1.632000 0.773066
27  0  1351.901000 922.840000 2.403000 0.792000 0.839000 1.780000 -2.506754
2  1  1297.827000 879.503000 -0.732000 1.803000 4.486000 1.513000 1.031563
25  1  1306.751000 871.615000 -0.273000 1.865000 4.204000 1.755000 -2.012420
3  0  1337.628000 908.878000 1.590000 0.556000 0.965000 1.598000 0.041547
4  1  1301.771000 902.229000 0.294000 0.470000 1.268000 1.706000 1.486013
5  1  1331.234000 922.673000 1.612000 1.711000 4.047000 1.637000 0.885696
6  0  1310.535000 918.127000 0.529000 0.475000 0.438000 1.796000 -1.698161
7  0  1331.314000 905.380000 1.383000 0.592000 0.622000 1.757000 2.547329
8  1  1285.956000 836.808000 -0.127000 2.753000 12.145000 4.364000 -2.175125
9  1  1299.224000 918.857000 1.568000 2.908000 10.909000 4.454000 -0.652124
10  0  1299.002000 904.162000 0.303000 0.408000 0.858000 1.713000 -0.907593
11  0  1332.051000 908.283000 1.290000 0.555000 0.744000 1.739000 2.572251
12  1  1316.292000 904.171000 0.513000 1.762000 4.181000 1.480000 0.959107
13  1  1297.464000 924.169000 -0.010000 1.872000 4.327000 1.444000 -0.652124
26  1  1286.932000 860.557000 -1.511000 1.748000 4.445000 1.503000 1.031140
14  1  1320.912000 915.816000 0.951000 1.711000 4.047000 1.637000 0.892531
15  1  1325.229000 908.091000 1.198000 1.745000 4.736000 1.840000 -2.238518
16  1  1303.669000 919.242000 -0.049000 1.869000 4.400000 1.632000 -0.652124
17  1  1307.437000 861.100000 -0.306000 0.517000 1.284000 1.633000 1.053416
18  1  1289.673000 917.687000 0.167000 1.739000 4.302000 1.566000 2.489503
20  0  1330.068000 904.056000 1.286000 0.566000 0.436000 1.690000 2.796445
21  1  1296.282000 854.135000 -1.059000 1.865000 4.204000 1.749000 -2.117962
22  0  1332.942000 904.845000 1.550000 0.585000 0.409000 1.717000 -2.706902
23  0  1331.331000 902.893000 1.488000 0.786000 0.765000 1.794000 1.526084
24  1  1344.817000 939.828000 2.472000 1.836000 4.416000 1.430000 0.879535

11 26 1542800992.897804
1  0  1329.688000 903.332000 1.251000 0.732000 0.641000 1.632000 0.962473
27  0  1351.352000 922.489000 2.377000 0.792000 0.839000 1.780000 -2.506754
2  1  1300.211000 883.561000 -0.552000 1.803000 4.486000 1.513000 1.031563
25  1  1304.622000 866.089000 -0.494000 1.865000 4.204000 1.755000 -1.984413
3  0  1338.157000 908.895000 1.637000 0.556000 0.965000 1.598000 -0.066853
4  1  1301.772000 902.238000 0.294000 0.470000 1.268000 1.706000 1.486013
5  1  1334.120000 926.203000 1.792000 1.711000 4.047000 1.637000 0.888151
6  0  1310.538000 918.113000 0.526000 0.475000 0.438000 1.796000 -1.698161
7  0  1331.335000 905.395000 1.388000 0.592000 0.622000 1.757000 2.547329
8  1  1285.965000 836.740000 -0.127000 2.753000 12.145000 4.364000 -2.175125
9  1  1299.216000 918.847000 1.568000 2.908000 10.909000 4.454000 -0.652124
10  0  1299.357000 903.715000 0.296000 0.408000 0.858000 1.713000 -0.900763
11  0  1331.529000 908.622000 1.292000 0.555000 0.744000 1.739000 2.577671
12  1  1318.876000 907.866000 0.723000 1.762000 4.181000 1.480000 0.934928
13  1  1297.463000 924.166000 -0.012000 1.872000 4.327000 1.444000 -0.652124
26  1  1289.051000 864.133000 -1.380000 1.748000 4.445000 1.503000 1.033918
14  1  1323.185000 918.642000 1.074000 1.711000 4.047000 1.637000 0.884771
15  1  1325.229000 908.091000 1.198000 1.745000 4.736000 1.840000 -2.238518
16  1  1303.669000 919.229000 -0.046000 1.869000 4.400000 1.632000 -0.652124
17  1  1308.392000 862.894000 -0.156000 0.517000 1.284000 1.633000 1.053416
18  1  1287.672000 919.260000 0.206000 1.739000 4.302000 1.566000 2.489503
20  0  1330.068000 904.056000 1.286000 0.566000 0.436000 1.690000 2.763940
21  1  1296.411000 854.016000 -1.048000 1.865000 4.204000 1.749000 -2.120845
22  0  1332.951000 904.849000 1.550000 0.585000 0.409000 1.717000 -2.706902
23  0  1331.387000 903.092000 1.488000 0.786000 0.765000 1.794000 1.526084
24  1  1347.981000 943.716000 2.682000 1.836000 4.416000 1.430000 0.879535

12 25 1542800993.397691
1  0  1329.558000 903.520000 1.307000 0.732000 0.641000 1.632000 1.172853
27  0  1350.742000 922.100000 2.348000 0.792000 0.839000 1.780000 -2.506754
2  1  1302.907000 888.039000 -0.352000 1.803000 4.486000 1.513000 1.023420
25  1  1302.172000 860.137000 -0.690000 1.865000 4.204000 1.755000 -2.019326
3  0  1338.744000 908.847000 1.689000 0.556000 0.965000 1.598000 -0.187255
4  1  1301.773000 902.248000 0.294000 0.470000 1.268000 1.706000 1.486013
5  1  1337.326000 930.124000 1.992000 1.711000 4.047000 1.637000 0.890879
6  0  1310.540000 918.098000 0.523000 0.475000 0.438000 1.796000 -1.698161
7  0  1331.358000 905.413000 1.392000 0.592000 0.622000 1.757000 2.547329
8  1  1285.751000 836.275000 -0.136000 2.753000 12.145000 4.364000 -2.173208
9  1  1299.208000 918.837000 1.568000 2.908000 10.909000 4.454000 -0.652124
10  0  1299.751000 903.219000 0.288000 0.408000 0.858000 1.713000 -0.893176
11  0  1330.950000 908.998000 1.295000 0.555000 0.744000 1.739000 2.583691
12  1  1321.992000 912.082000 0.956000 1.762000 4.181000 1.480000 0.908072
13  1  1297.461000 924.164000 -0.015000 1.872000 4.327000 1.444000 -0.652124
26  1  1291.405000 868.106000 -1.235000 1.748000 4.445000 1.503000 1.037004
14  1  1325.710000 921.782000 1.210000 1.711000 4.047000 1.637000 0.876151
15  1  1325.229000 908.091000 1.198000 1.745000 4.736000 1.840000 -2.238518
16  1  1303.669000 919.215000 -0.043000 1.869000 4.400000 1.632000 -0.652124
17  1  1309.268000 864.531000 -0.093000 0.517000 1.284000 1.633000 1.053416
18  1  1285.450000 921.008000 0.250000 1.739000 4.302000 1.566000 2.489503
20  0  1330.068000 904.056000 1.286000 0.566000 0.436000 1.690000 2.727834
21  1  1296.143000 853.523000 -1.046000 1.865000 4.204000 1.749000 -2.124046
22  0  1332.960000 904.853000 1.550000 0.585000 0.409000 1.717000 -2.706902
23  0  1331.434000 903.290000 1.488000 0.786000 0.765000 1.794000 1.526084

13 25 1542800993.897003
1  0  1329.558000 903.581000 1.282000 0.732000 0.641000 1.632000 1.382991
27  0  1350.114000 921.631000 2.320000 0.792000 0.839000 1.780000 -2.466637
2  1  1305.599000 892.512000 -0.152000 1.803000 4.486000 1.513000 1.015286
25  1  1299.559000 854.265000 -0.886000 1.865000 4.204000 1.755000 -2.036766
3  0  1339.319000 908.729000 1.740000 0.556000 0.965000 1.598000 -0.307519
4  1  1301.843000 902.387000 0.269000 0.470000 1.268000 1.706000 1.529597
5  1  1340.529000 934.041000 2.191000 1.711000 4.047000 1.637000 0.893604
6  0  1310.543000 918.083000 0.519000 0.475000 0.438000 1.796000 -1.698161
7  0  1331.374000 905.435000 1.387000 0.592000 0.622000 1.757000 2.547329
8  1  1285.538000 835.811000 -0.144000 2.753000 12.145000 4.364000 -2.171293
9  1  1299.200000 918.826000 1.568000 2.908000 10.909000 4.454000 -0.652124
10  0  1300.175000 902.652000 0.275000 0.408000 0.858000 1.713000 -1.015212
11  0  1330.371000 909.374000 1.297000 0.555000 0.744000 1.739000 2.589704
12  1  1325.216000 916.210000 1.189000 1.762000 4.181000 1.480000 0.881247
13  1  1297.460000 924.161000 -0.017000 1.872000 4.327000 1.444000 -0.652124
26  1  1293.756000 872.074000 -1.090000 1.748000 4.445000 1.503000 1.040087
14  1  1328.264000 924.891000 1.370000 1.711000 4.047000 1.637000 0.876151
15  1  1325.229000 908.091000 1.198000 1.745000 4.736000 1.840000 -2.238518
16  1  1303.669000 919.200000 -0.039000 1.869000 4.400000 1.632000 -0.652124
17  1  1310.143000 866.166000 -0.031000 0.517000 1.284000 1.633000 1.053416
18  1  1283.438000 922.538000 0.305000 1.739000 4.302000 1.566000 2.489503
20  0  1330.068000 904.056000 1.286000 0.566000 0.436000 1.690000 2.797595
21  1  1295.985000 853.236000 -1.069000 1.865000 4.204000 1.749000 -2.128367
22  0  1332.944000 904.846000 1.525000 0.585000 0.409000 1.717000 -2.706902
23  0  1331.481000 903.489000 1.488000 0.786000 0.765000 1.794000 1.526084

14 25 1542800994.396889
1  0  1329.545000 903.641000 1.257000 0.732000 0.641000 1.632000 1.593370
27  0  1349.505000 921.137000 2.291000 0.792000 0.839000 1.780000 -2.426473
2  1  1308.295000 896.990000 0.048000 1.803000 4.486000 1.513000 1.007143
25  1  1296.578000 848.445000 -1.081000 1.865000 4.204000 1.755000 -2.089133
3  0  1339.968000 908.464000 1.792000 0.556000 0.965000 1.598000 -0.394787
4  1  1301.911000 902.723000 0.244000 0.470000 1.268000 1.706000 1.573232
5  1  1343.735000 937.962000 2.391000 1.711000 4.047000 1.637000 0.893604
6  0  1310.545000 918.067000 0.516000 0.475000 0.438000 1.796000 -1.698161
7  0  1331.390000 905.457000 1.381000 0.592000 0.622000 1.757000 2.547329
8  1  1285.324000 835.347000 -0.153000 2.753000 12.145000 4.364000 -2.169376
9  1  1299.191000 918.815000 1.568000 2.908000 10.909000 4.454000 -0.652124
10  0  1300.527000 902.037000 0.262000 0.408000 0.858000 1.713000 -1.137389
11  0  1329.876000 909.706000 1.294000 0.555000 0.744000 1.739000 2.654306
12  1  1328.498000 920.088000 1.372000 1.762000 4.181000 1.480000 0.881247
13  1  1297.459000 924.158000 -0.020000 1.872000 4.327000 1.444000 -0.652124
26  1  1295.839000 875.700000 -0.929000 1.748000 4.445000 1.503000 1.047212
14  1  1330.821000 928.003000 1.530000 1.711000 4.047000 1.637000 0.876151
15  1  1325.229000 908.091000 1.198000 1.745000 4.736000 1.840000 -2.238518
16  1  1303.669000 919.186000 -0.036000 1.869000 4.400000 1.632000 -0.652124
17  1  1310.853000 867.510000 0.032000 0.517000 1.284000 1.633000 1.053416
18  1  1281.424000 924.070000 0.361000 1.739000 4.302000 1.566000 2.489503
20  0  1330.068000 904.056000 1.286000 0.566000 0.436000 1.690000 2.867436
21  1  1295.826000 852.948000 -1.092000 1.865000 4.204000 1.749000 -2.132693
22  0  1332.929000 904.838000 1.500000 0.585000 0.409000 1.717000 -2.706902
23  0  1331.277000 903.521000 1.488000 0.786000 0.765000 1.794000 1.875157

15 25 1542800994.896757
1  0  1329.566000 903.664000 1.257000 0.732000 0.641000 1.632000 1.709596
27  0  1348.916000 920.618000 2.263000 0.792000 0.839000 1.780000 -2.386311
2  1  1311.161000 901.318000 0.248000 1.803000 4.486000 1.513000 0.984459
25  1  1293.548000 842.711000 -1.277000 1.865000 4.204000 1.755000 -2.089133
3  0  1340.591000 908.143000 1.844000 0.556000 0.965000 1.598000 -0.482052
4  1  1301.960000 903.385000 0.219000 0.470000 1.268000 1.706000 1.616864
5  1  1346.941000 941.882000 2.591000 1.711000 4.047000 1.637000 0.893604
6  0  1310.548000 918.052000 0.513000 0.475000 0.438000 1.796000 -1.698161
7  0  1331.406000 905.479000 1.375000 0.592000 0.622000 1.757000 2.547329
8  1  1285.110000 834.882000 -0.162000 2.753000 12.145000 4.364000 -2.167459
9  1  1299.183000 918.804000 1.568000 2.908000 10.909000 4.454000 -0.652124
10  0  1300.802000 901.384000 0.249000 0.408000 0.858000 1.713000 -1.259561
11  0  1329.360000 910.006000 1.292000 0.555000 0.744000 1.739000 2.718907
12  1  1331.780000 923.966000 1.556000 1.762000 4.181000 1.480000 0.881247
13  1  1297.458000 924.155000 -0.022000 1.872000 4.327000 1.444000 -0.652124
26  1  1297.922000 879.327000 -0.767000 1.748000 4.445000 1.503000 1.054337
14  1  1333.540000 931.398000 1.740000 1.711000 4.047000 1.637000 0.893595
15  1  1325.229000 908.091000 1.198000 1.745000 4.736000 1.840000 -2.238518
16  1  1303.668000 919.171000 -0.032000 1.869000 4.400000 1.632000 -0.652124
17  1  1311.562000 868.854000 0.094000 0.517000 1.284000 1.633000 1.053416
18  1  1279.410000 925.602000 0.417000 1.739000 4.302000 1.566000 2.489503
20  0  1330.068000 904.056000 1.286000 0.566000 0.436000 1.690000 2.937274
21  1  1295.667000 852.661000 -1.115000 1.865000 4.204000 1.749000 -2.137019
22  0  1332.785000 904.809000 1.500000 0.585000 0.409000 1.717000 -2.759233
23  0  1331.342000 903.620000 1.488000 0.786000 0.765000 1.794000 2.224216

16 24 1542800995.397176
1  0  1329.585000 903.690000 1.257000 0.732000 0.641000 1.632000 1.825950
27  0  1348.348000 920.076000 2.234000 0.792000 0.839000 1.780000 -2.346105
2  1  1314.030000 905.650000 0.448000 1.803000 4.486000 1.513000 0.961750
25  1  1290.515000 836.971000 -1.473000 1.865000 4.204000 1.755000 -2.089133
3  0  1341.187000 907.813000 1.896000 0.556000 0.965000 1.598000 -0.473330
4  1  1301.954000 904.437000 0.194000 0.470000 1.268000 1.706000 1.835078
6  0  1310.551000 918.037000 0.509000 0.475000 0.438000 1.796000 -1.698161
7  0  1331.422000 905.501000 1.370000 0.592000 0.622000 1.757000 2.547329
8  1  1284.896000 834.417000 -0.171000 2.753000 12.145000 4.364000 -2.165540
9  1  1299.175000 918.793000 1.568000 2.908000 10.909000 4.454000 -0.652124
10  0  1300.995000 900.701000 0.237000 0.408000 0.858000 1.713000 -1.381868
11  0  1328.826000 910.272000 1.289000 0.555000 0.744000 1.739000 2.783578
12  1  1334.738000 927.611000 1.749000 1.762000 4.181000 1.480000 0.868478
13  1  1297.502000 924.124000 -0.025000 1.872000 4.327000 1.444000 -0.652124
26  1  1299.944000 882.896000 -0.595000 1.748000 4.445000 1.503000 1.054337
14  1  1336.261000 934.796000 1.950000 1.711000 4.047000 1.637000 0.911058
15  1  1325.229000 908.091000 1.198000 1.745000 4.736000 1.840000 -2.238518
16  1  1303.668000 919.157000 -0.029000 1.869000 4.400000 1.632000 -0.652124
17  1  1312.272000 870.199000 0.157000 0.517000 1.284000 1.633000 1.053416
18  1  1277.393000 927.136000 0.473000 1.739000 4.302000 1.566000 2.489503
20  0  1330.083000 904.087000 1.293000 0.566000 0.436000 1.690000 2.937274
21  1  1295.508000 852.373000 -1.138000 1.865000 4.204000 1.749000 -2.141349
22  0  1332.640000 904.787000 1.500000 0.585000 0.409000 1.717000 -2.811622
23  0  1331.410000 903.639000 1.488000 0.786000 0.765000 1.794000 2.266778

17 24 1542800995.898163
1  0  1329.601000 903.717000 1.257000 0.732000 0.641000 1.632000 1.942436
27  0  1347.865000 919.581000 2.205000 0.792000 0.839000 1.780000 -2.375546
2  1  1317.051000 909.620000 0.648000 1.803000 4.486000 1.513000 0.939209
25  1  1287.479000 831.225000 -1.669000 1.865000 4.204000 1.755000 -2.089133
3  0  1341.785000 907.483000 1.947000 0.556000 0.965000 1.598000 -0.464599
4  1  1301.488000 905.793000 0.202000 0.470000 1.268000 1.706000 2.009772
6  0  1310.553000 918.022000 0.506000 0.475000 0.438000 1.796000 -1.698161
7  0  1331.438000 905.523000 1.364000 0.592000 0.622000 1.757000 2.547329
8  1  1284.682000 833.951000 -0.179000 2.753000 12.145000 4.364000 -2.163618
9  1  1299.166000 918.782000 1.568000 2.908000 10.909000 4.454000 -0.652124
10  0  1301.127000 900.042000 0.232000 0.408000 0.858000 1.713000 -1.376233
11  0  1328.274000 910.504000 1.287000 0.555000 0.744000 1.739000 2.848323
12  1  1337.793000 931.182000 1.942000 1.762000 4.181000 1.480000 0.855695
13  1  1297.547000 924.092000 -0.028000 1.872000 4.327000 1.444000 -0.652124
26  1  1301.968000 886.470000 -0.423000 1.748000 4.445000 1.503000 1.054337
14  1  1339.136000 938.348000 2.124000 1.711000 4.047000 1.637000 0.906795
15  1  1325.229000 908.091000 1.198000 1.745000 4.736000 1.840000 -2.238518
16  1  1303.668000 919.142000 -0.025000 1.869000 4.400000 1.632000 -0.652124
17  1  1313.182000 871.896000 0.203000 0.517000 1.284000 1.633000 1.053416
18  1  1275.685000 928.221000 0.505000 1.739000 4.302000 1.566000 2.514457
20  0  1330.098000 904.118000 1.301000 0.566000 0.436000 1.690000 2.937274
21  1  1295.349000 852.085000 -1.161000 1.865000 4.204000 1.749000 -2.145685
22  0  1332.672000 904.723000 1.500000 0.585000 0.409000 1.717000 -3.014492
23  0  1331.478000 903.660000 1.488000 0.786000 0.765000 1.794000 2.309389

18 23 1542800996.448383
1  0  1329.600000 903.734000 1.275000 0.732000 0.641000 1.632000 1.942436
27  0  1347.317000 919.053000 2.174000 0.792000 0.839000 1.780000 -2.407880
2  1  1320.368000 913.979000 0.868000 1.803000 4.486000 1.513000 0.914452
3  0  1342.321000 907.324000 1.987000 0.556000 0.965000 1.598000 -0.656600
4  1  1300.714000 907.163000 0.210000 0.470000 1.268000 1.706000 2.201633
6  0  1310.556000 918.005000 0.502000 0.475000 0.438000 1.796000 -1.698161
7  0  1331.456000 905.547000 1.358000 0.592000 0.622000 1.757000 2.547329
8  1  1284.447000 833.440000 -0.189000 2.753000 12.145000 4.364000 -2.161508
9  1  1299.157000 918.770000 1.568000 2.908000 10.909000 4.454000 -0.652124
10  0  1301.271000 899.318000 0.226000 0.408000 0.858000 1.713000 -1.370044
11  0  1327.653000 910.716000 1.284000 0.555000 0.744000 1.739000 2.919431
12  1  1341.149000 935.103000 2.154000 1.762000 4.181000 1.480000 0.841656
13  1  1297.596000 924.057000 -0.030000 1.872000 4.327000 1.444000 -0.652124
26  1  1303.823000 890.046000 -0.262000 1.748000 4.445000 1.503000 1.153601
14  1  1342.294000 942.249000 2.315000 1.711000 4.047000 1.637000 0.902114
15  1  1325.229000 908.091000 1.198000 1.745000 4.736000 1.840000 -2.238518
16  1  1303.668000 919.126000 -0.021000 1.869000 4.400000 1.632000 -0.652124
17  1  1314.181000 873.759000 0.255000 0.517000 1.284000 1.633000 1.053416
18  1  1273.777000 929.364000 0.541000 1.739000 4.302000 1.566000 2.541863
20  0  1330.115000 904.153000 1.308000 0.566000 0.436000 1.690000 2.937274
21  1  1295.188000 851.626000 -1.120000 1.865000 4.204000 1.749000 -2.150446
22  0  1332.690000 904.740000 1.500000 0.585000 0.409000 1.717000 3.045887
23  0  1331.551000 903.688000 1.488000 0.786000 0.765000 1.794000 2.356187

19 23 1542800996.948806
1  0  1329.600000 903.748000 1.291000 0.732000 0.641000 1.632000 1.942436
27  0  1346.804000 918.589000 2.145000 0.792000 0.839000 1.780000 -2.437289
2  1  1323.386000 917.944000 1.069000 1.803000 4.486000 1.513000 0.891937
3  0  1342.774000 907.093000 2.022000 0.556000 0.965000 1.598000 -0.831224
4  1  1299.795000 908.260000 0.217000 0.470000 1.268000 1.706000 2.376131
6  0  1310.559000 917.989000 0.499000 0.475000 0.438000 1.796000 -1.698161
7  0  1331.472000 905.569000 1.352000 0.592000 0.622000 1.757000 2.547329
8  1  1283.571000 832.117000 -0.212000 2.753000 12.145000 4.364000 -2.159589
9  1  1299.149000 918.760000 1.568000 2.908000 10.909000 4.454000 -0.652124
10  0  1301.403000 898.660000 0.221000 0.408000 0.858000 1.713000 -1.364415
11  0  1327.076000 910.871000 1.281000 0.555000 0.744000 1.739000 2.984103
12  1  1344.201000 938.669000 2.347000 1.762000 4.181000 1.480000 0.828887
13  1  1297.641000 924.025000 -0.033000 1.872000 4.327000 1.444000 -0.652124
26  1  1305.195000 893.445000 -0.117000 1.748000 4.445000 1.503000 1.243880
14  1  1345.166000 945.797000 2.489000 1.711000 4.047000 1.637000 0.897857
15  1  1325.229000 908.091000 1.198000 1.745000 4.736000 1.840000 -2.238518
16  1  1303.668000 919.112000 -0.018000 1.869000 4.400000 1.632000 -0.652124
17  1  1315.090000 875.454000 0.301000 0.517000 1.284000 1.633000 1.053416
18  1  1272.074000 930.232000 0.556000 1.739000 4.302000 1.566000 2.681593
20  0  1330.130000 904.184000 1.316000 0.566000 0.436000 1.690000 2.937274
21  1  1295.042000 851.208000 -1.082000 1.865000 4.204000 1.749000 -2.154777
22  0  1332.708000 904.751000 1.500000 0.585000 0.409000 1.717000 2.843245
23  0  1331.616000 903.716000 1.488000 0.786000 0.765000 1.794000 2.398749

20 23 1542800997.448664
1  0  1329.599000 903.763000 1.307000 0.732000 0.641000 1.632000 1.942436
27  0  1346.251000 918.160000 2.117000 0.792000 0.839000 1.780000 -2.380480
2  1  1326.526000 921.885000 1.264000 1.803000 4.486000 1.513000 0.888446
3  0  1343.179000 906.787000 2.058000 0.556000 0.965000 1.598000 -1.005651
4  1  1298.047000 909.540000 0.190000 0.470000 1.268000 1.706000 2.454669
28  1  1287.458000 859.527000 -1.496000 0.919000 1.958000 1.677000 0.945249
6  0  1310.561000 917.974000 0.496000 0.475000 0.438000 1.796000 -1.698161
7  0  1331.488000 905.591000 1.347000 0.592000 0.622000 1.757000 2.547329
8  1  1282.697000 830.796000 -0.235000 2.753000 12.145000 4.364000 -2.157672
9  1  1299.141000 918.749000 1.568000 2.908000 10.909000 4.454000 -0.652124
10  0  1301.533000 898.007000 0.186000 0.408000 0.858000 1.713000 -1.364415
11  0  1326.491000 910.988000 1.279000 0.555000 0.744000 1.739000 3.048702
13  1  1297.685000 923.993000 -0.036000 1.872000 4.327000 1.444000 -0.652124
26  1  1305.881000 896.612000 -0.045000 1.748000 4.445000 1.503000 1.402179
14  1  1348.035000 949.341000 2.662000 1.711000 4.047000 1.637000 0.893604
15  1  1325.229000 908.091000 1.198000 1.745000 4.736000 1.840000 -2.238518
16  1  1303.668000 919.098000 -0.014000 1.869000 4.400000 1.632000 -0.652124
17  1  1316.094000 877.315000 0.381000 0.517000 1.284000 1.633000 1.053416
18  1  1270.579000 930.584000 0.596000 1.739000 4.302000 1.566000 2.821165
20  0  1330.145000 904.215000 1.323000 0.566000 0.436000 1.690000 2.937274
21  1  1294.896000 850.791000 -1.045000 1.865000 4.204000 1.749000 -2.159103
22  0  1332.708000 904.784000 1.500000 0.585000 0.409000 1.717000 2.843245
23  0  1331.613000 903.770000 1.488000 0.786000 0.765000 1.794000 2.398749

21 23 1542800997.948536
1  0  1329.594000 903.748000 1.307000 0.732000 0.641000 1.632000 1.942436
27  0  1345.724000 917.701000 2.088000 0.792000 0.839000 1.780000 -2.323671
2  1  1329.666000 925.825000 1.459000 1.803000 4.486000 1.513000 0.884955
3  0  1343.493000 906.218000 2.060000 0.556000 0.965000 1.598000 -1.219452
4  1  1296.203000 910.678000 0.163000 0.470000 1.268000 1.706000 2.533210
28  1  1290.442000 863.660000 -1.226000 0.919000 1.958000 1.677000 0.981984
6  0  1310.564000 917.959000 0.492000 0.475000 0.438000 1.796000 -1.698161
7  0  1331.462000 905.553000 1.347000 0.592000 0.622000 1.757000 2.547329
8  1  1281.869000 829.018000 -0.258000 2.753000 12.145000 4.364000 -2.157672
9  1  1299.153000 918.765000 1.568000 2.908000 10.909000 4.454000 -0.652124
10  0  1301.664000 897.354000 0.150000 0.408000 0.858000 1.713000 -1.364415
11  0  1325.900000 911.066000 1.276000 0.555000 0.744000 1.739000 3.113303
13  1  1297.730000 923.962000 -0.038000 1.872000 4.327000 1.444000 -0.652124
26  1  1306.059000 899.849000 0.027000 1.748000 4.445000 1.503000 1.560482
14  1  1350.862000 952.832000 2.735000 1.711000 4.047000 1.637000 0.864516
15  1  1325.229000 908.091000 1.198000 1.745000 4.736000 1.840000 -2.238518
16  1  1303.777000 919.050000 -0.023000 1.869000 4.400000 1.632000 -0.652124
17  1  1317.097000 879.176000 0.460000 0.517000 1.284000 1.633000 1.053416
18  1  1269.051000 930.723000 0.637000 1.739000 4.302000 1.566000 2.960742
20  0  1330.160000 904.246000 1.330000 0.566000 0.436000 1.690000 2.937274
21  1  1294.463000 849.710000 -1.052000 1.865000 4.204000 1.749000 -2.163677
22  0  1332.709000 904.817000 1.500000 0.585000 0.409000 1.717000 2.843245
23  0  1331.611000 903.823000 1.488000 0.786000 0.765000 1.794000 2.398749

22 23 1542800998.398646
1  0  1329.590000 903.735000 1.307000 0.732000 0.641000 1.632000 1.942436
27  0  1345.273000 917.262000 2.063000 0.792000 0.839000 1.780000 -2.272516
2  1  1332.648000 929.409000 1.634000 1.803000 4.486000 1.513000 0.884955
3  0  1343.667000 905.659000 2.061000 0.556000 0.965000 1.598000 -1.411970
4  1  1294.541000 911.858000 0.184000 0.470000 1.268000 1.706000 2.501779
28  1  1292.997000 867.474000 -0.982000 0.919000 1.958000 1.677000 1.015062
6  0  1310.566000 917.945000 0.489000 0.475000 0.438000 1.796000 -1.698161
7  0  1331.439000 905.518000 1.347000 0.592000 0.622000 1.757000 2.547329
8  1  1281.123000 827.417000 -0.278000 2.753000 12.145000 4.364000 -2.157672
9  1  1299.164000 918.780000 1.568000 2.908000 10.909000 4.454000 -0.652124
10  0  1301.781000 896.766000 0.118000 0.408000 0.858000 1.713000 -1.364415
11  0  1325.532000 911.050000 1.265000 0.555000 0.744000 1.739000 3.034725
13  1  1297.770000 923.933000 -0.040000 1.872000 4.327000 1.444000 -0.652124
26  1  1305.682000 902.474000 0.067000 1.748000 4.445000 1.503000 1.722878
14  1  1353.494000 955.904000 2.802000 1.711000 4.047000 1.637000 0.838323
15  1  1325.229000 908.091000 1.198000 1.745000 4.736000 1.840000 -2.238518
16  1  1303.875000 919.007000 -0.031000 1.869000 4.400000 1.632000 -0.652124
17  1  1318.000000 880.851000 0.532000 0.517000 1.284000 1.633000 1.053416
18  1  1267.849000 930.804000 0.612000 1.739000 4.302000 1.566000 -3.129929
20  0  1330.174000 904.274000 1.336000 0.566000 0.436000 1.690000 2.937274
21  1  1294.072000 848.736000 -1.058000 1.865000 4.204000 1.749000 -2.167796
22  0  1332.709000 904.847000 1.500000 0.585000 0.409000 1.717000 2.843245
23  0  1331.764000 903.740000 1.488000 0.786000 0.765000 1.794000 2.713058

23 23 1542800998.948303
1  0  1329.584000 903.719000 1.307000 0.732000 0.641000 1.632000 1.942436
27  0  1344.753000 916.696000 2.031000 0.792000 0.839000 1.780000 -2.210048
2  1  1336.290000 933.785000 1.849000 1.803000 4.486000 1.513000 0.884955
3  0  1343.730000 904.946000 2.063000 0.556000 0.965000 1.598000 -1.647064
4  1  1292.563000 913.368000 0.210000 0.470000 1.268000 1.706000 2.463397
28  1  1295.929000 872.517000 -0.685000 0.919000 1.958000 1.677000 1.015062
6  0  1310.610000 918.037000 0.489000 0.475000 0.438000 1.796000 -1.698161
7  0  1331.411000 905.477000 1.347000 0.592000 0.622000 1.757000 2.547329
8  1  1279.077000 825.289000 -0.231000 2.753000 12.145000 4.364000 -2.201620
9  1  1299.178000 918.798000 1.568000 2.908000 10.909000 4.454000 -0.652124
10  0  1301.887000 896.229000 0.152000 0.408000 0.858000 1.713000 -1.364415
11  0  1325.083000 911.069000 1.252000 0.555000 0.744000 1.739000 2.938769
13  1  1297.819000 923.898000 -0.043000 1.872000 4.327000 1.444000 -0.652124
26  1  1304.654000 905.545000 0.114000 1.748000 4.445000 1.503000 1.921188
14  1  1356.815000 959.560000 2.882000 1.711000 4.047000 1.637000 0.806337
15  1  1325.229000 908.091000 1.198000 1.745000 4.736000 1.840000 -2.238518
16  1  1303.994000 918.955000 -0.040000 1.869000 4.400000 1.632000 -0.652124
17  1  1318.951000 882.749000 0.661000 0.517000 1.284000 1.633000 1.022458
18  1  1266.395000 930.589000 0.582000 1.739000 4.302000 1.566000 -2.894837
20  0  1330.124000 904.220000 1.336000 0.566000 0.436000 1.690000 2.937274
21  1  1293.137000 847.401000 -1.050000 1.865000 4.204000 1.749000 -2.169145
22  0  1332.671000 904.760000 1.500000 0.585000 0.409000 1.717000 2.843245
23  0  1331.974000 903.708000 1.488000 0.786000 0.765000 1.794000 3.096881

24 23 1542800999.448167
1  0  1329.579000 903.705000 1.307000 0.732000 0.641000 1.632000 1.942436
27  0  1344.305000 916.078000 2.003000 0.792000 0.839000 1.780000 -2.267385
2  1  1339.720000 937.612000 1.944000 1.803000 4.486000 1.513000 0.858776
3  0  1343.641000 904.302000 2.065000 0.556000 0.965000 1.598000 -1.860862
4  1  1290.298000 915.184000 0.208000 0.470000 1.268000 1.706000 2.463397
28  1  1298.594000 877.104000 -0.415000 0.919000 1.958000 1.677000 1.015062
6  0  1310.650000 918.120000 0.489000 0.475000 0.438000 1.796000 -1.698161
7  0  1331.385000 905.439000 1.347000 0.592000 0.622000 1.757000 2.547329
8  1  1277.137000 823.434000 -0.188000 2.753000 12.145000 4.364000 -2.241586
9  1  1299.190000 918.814000 1.568000 2.908000 10.909000 4.454000 -0.652124
10  0  1301.983000 895.741000 0.183000 0.408000 0.858000 1.713000 -1.364415
11  0  1324.678000 911.123000 1.240000 0.555000 0.744000 1.739000 2.851505
13  1  1297.864000 923.867000 -0.046000 1.872000 4.327000 1.444000 -0.652124
26  1  1303.210000 908.111000 0.158000 1.748000 4.445000 1.503000 2.101534
14  1  1360.447000 963.273000 3.056000 1.711000 4.047000 1.637000 0.812156
15  1  1325.074000 907.895000 1.198000 1.745000 4.736000 1.840000 -2.238518
16  1  1304.103000 918.908000 -0.049000 1.869000 4.400000 1.632000 -0.652124
17  1  1319.865000 884.448000 0.778000 0.517000 1.284000 1.633000 0.994305
18  1  1265.148000 930.104000 0.554000 1.739000 4.302000 1.566000 -2.681042
20  0  1330.078000 904.171000 1.336000 0.566000 0.436000 1.690000 2.937274
21  1  1291.953000 846.415000 -1.044000 1.865000 4.204000 1.749000 -2.170372
22  0  1332.636000 904.681000 1.500000 0.585000 0.409000 1.717000 2.843245
23  0  1331.776000 903.705000 1.488000 0.786000 0.765000 1.794000 3.096881

25 24 1542800999.948064
1  0  1329.562000 903.673000 1.307000 0.732000 0.641000 1.632000 1.942436
27  0  1343.822000 915.487000 1.974000 0.792000 0.839000 1.780000 -2.324725
2  1  1343.249000 941.349000 2.039000 1.803000 4.486000 1.513000 0.832595
3  0  1343.528000 903.815000 2.067000 0.556000 0.965000 1.598000 -1.878317
4  1  1288.033000 917.000000 0.207000 0.470000 1.268000 1.706000 2.463397
28  1  1301.260000 881.691000 -0.145000 0.919000 1.958000 1.677000 1.015062
6  0  1310.650000 918.120000 0.489000 0.475000 0.438000 1.796000 -1.698161
7  0  1331.360000 905.401000 1.347000 0.592000 0.622000 1.757000 2.547329
8  1  1275.125000 821.658000 -0.145000 2.753000 12.145000 4.364000 -2.281555
9  1  1299.203000 918.830000 1.568000 2.908000 10.909000 4.454000 -0.652124
10  0  1302.163000 895.387000 0.172000 0.408000 0.858000 1.713000 -1.306245
11  0  1324.466000 911.146000 1.238000 0.555000 0.744000 1.739000 2.764236
13  1  1297.938000 923.793000 -0.048000 1.872000 4.327000 1.444000 -0.652124
26  1  1301.027000 910.842000 0.093000 1.748000 4.445000 1.503000 2.188803
14  1  1363.288000 966.288000 3.229000 1.711000 4.047000 1.637000 0.826701
15  1  1324.920000 907.699000 1.198000 1.745000 4.736000 1.840000 -2.238518
16  1  1304.212000 918.860000 -0.058000 1.869000 4.400000 1.632000 -0.652124
17  1  1320.828000 886.121000 0.895000 0.517000 1.284000 1.633000 0.966150
18  1  1264.033000 929.366000 0.527000 1.739000 4.302000 1.566000 -2.467232
20  0  1330.032000 904.121000 1.336000 0.566000 0.436000 1.690000 2.937274
29  1  1282.373000 847.805000 -1.249000 1.895000 4.750000 1.520000 1.014420
21  1  1290.769000 845.428000 -1.037000 1.865000 4.204000 1.749000 -2.171599
22  0  1332.602000 904.601000 1.500000 0.585000 0.409000 1.717000 2.843245
23  0  1331.578000 903.703000 1.488000 0.786000 0.765000 1.794000 3.096881

26 24 1542801000.447918
1  0  1329.544000 903.641000 1.307000 0.732000 0.641000 1.632000 1.942436
27  0  1343.307000 914.924000 1.945000 0.792000 0.839000 1.780000 -2.382060
2  1  1346.489000 945.051000 2.196000 1.803000 4.486000 1.513000 0.832595
3  0  1343.321000 903.204000 2.068000 0.556000 0.965000 1.598000 -1.834685
4  1  1285.768000 918.815000 0.205000 0.470000 1.268000 1.706000 2.463397
28  1  1303.799000 885.998000 -0.020000 0.919000 1.958000 1.677000 1.006335
6  0  1310.650000 918.120000 0.489000 0.475000 0.438000 1.796000 -1.698161
7  0  1331.334000 905.363000 1.347000 0.592000 0.622000 1.757000 2.547329
8  1  1273.043000 819.964000 -0.102000 2.753000 12.145000 4.364000 -2.321521
9  1  1299.215000 918.846000 1.568000 2.908000 10.909000 4.454000 -0.652124
10  0  1302.363000 895.043000 0.160000 0.408000 0.858000 1.713000 -1.248081
11  0  1324.241000 911.198000 1.236000 0.555000 0.744000 1.739000 2.676974
13  1  1298.013000 923.720000 -0.051000 1.872000 4.327000 1.444000 -0.652124
26  1  1298.615000 913.371000 0.028000 1.748000 4.445000 1.503000 2.276064
14  1  1366.129000 969.303000 3.403000 1.711000 4.047000 1.637000 0.841244
15  1  1324.765000 907.503000 1.198000 1.745000 4.736000 1.840000 -2.238518
16  1  1304.320000 918.813000 -0.066000 1.869000 4.400000 1.632000 -0.652124
17  1  1321.914000 887.810000 0.948000 0.517000 1.284000 1.633000 0.966150
18  1  1263.193000 928.538000 0.492000 1.739000 4.302000 1.566000 -2.366032
20  0  1329.987000 904.072000 1.336000 0.566000 0.436000 1.690000 2.937274
29  1  1284.773000 851.815000 -1.124000 1.895000 4.750000 1.520000 1.031873
21  1  1289.871000 844.245000 -1.030000 1.865000 4.204000 1.749000 -2.172826
22  0  1332.584000 904.578000 1.500000 0.585000 0.409000 1.717000 2.843245
23  0  1331.509000 903.663000 1.488000 0.786000 0.765000 1.794000 2.887495

27 24 1542801000.947820
1  0  1329.526000 903.609000 1.307000 0.732000 0.641000 1.632000 1.942436
27  0  1342.759000 914.391000 1.917000 0.792000 0.839000 1.780000 -2.439401
2  1  1349.728000 948.753000 2.354000 1.803000 4.486000 1.513000 0.832595
3  0  1343.142000 902.586000 2.070000 0.556000 0.965000 1.598000 -1.791049
4  1  1283.503000 920.631000 0.203000 0.470000 1.268000 1.706000 2.463397
28  1  1306.338000 890.305000 0.105000 0.919000 1.958000 1.677000 0.997608
6  0  1310.650000 918.120000 0.489000 0.475000 0.438000 1.796000 -1.698161
7  0  1331.336000 905.365000 1.347000 0.592000 0.622000 1.757000 2.547329
8  1  1270.895000 818.354000 -0.059000 2.753000 12.145000 4.364000 -2.361490
9  1  1299.228000 918.863000 1.568000 2.908000 10.909000 4.454000 -0.652124
10  0  1302.583000 894.712000 0.149000 0.408000 0.858000 1.713000 -1.189911
11  0  1324.228000 911.155000 1.234000 0.555000 0.744000 1.739000 2.589704
13  1  1298.088000 923.647000 -0.053000 1.872000 4.327000 1.444000 -0.652124
26  1  1295.780000 916.172000 0.059000 1.748000 4.445000 1.503000 2.363334
14  1  1369.208000 972.760000 3.576000 1.711000 4.047000 1.637000 0.849976
15  1  1324.704000 907.426000 1.198000 1.745000 4.736000 1.840000 -2.238518
16  1  1304.429000 918.765000 -0.075000 1.869000 4.400000 1.632000 -0.652124
17  1  1323.000000 889.500000 1.000000 0.517000 1.284000 1.633000 0.966150
18  1  1262.441000 927.629000 0.457000 1.739000 4.302000 1.566000 -2.264822
20  0  1329.941000 904.022000 1.336000 0.566000 0.436000 1.690000 2.937274
29  1  1287.169000 855.828000 -0.999000 1.895000 4.750000 1.520000 1.049327
21  1  1288.766000 842.338000 -1.105000 1.865000 4.204000 1.749000 -2.172826
22  0  1332.567000 904.554000 1.500000 0.585000 0.409000 1.717000 2.843245
23  0  1331.433000 903.638000 1.488000 0.786000 0.765000 1.794000 2.678089

28 23 1542801001.447119
1  0  1329.508000 903.578000 1.307000 0.732000 0.641000 1.632000 1.942436
27  0  1342.183000 913.891000 1.888000 0.792000 0.839000 1.780000 -2.496672
2  1  1352.964000 952.451000 2.511000 1.803000 4.486000 1.513000 0.832595
3  0  1342.977000 901.962000 2.072000 0.556000 0.965000 1.598000 -1.751835
4  1  1281.020000 922.622000 0.277000 0.470000 1.268000 1.706000 2.463397
28  1  1309.226000 894.940000 0.330000 0.919000 1.958000 1.677000 0.997608
6  0  1310.650000 918.120000 0.489000 0.475000 0.438000 1.796000 -1.698161
7  0  1331.338000 905.368000 1.347000 0.592000 0.622000 1.757000 2.547329
8  1  1268.563000 816.390000 -0.016000 2.753000 12.145000 4.364000 -2.401411
9  1  1299.240000 918.879000 1.568000 2.908000 10.909000 4.454000 -0.652124
10  0  1302.659000 894.632000 0.155000 0.408000 0.858000 1.713000 -1.131811
11  0  1324.220000 911.163000 1.235000 0.555000 0.744000 1.739000 2.589704
13  1  1298.174000 923.588000 -0.056000 1.872000 4.327000 1.444000 -0.652124
26  1  1292.709000 919.039000 0.067000 1.748000 4.445000 1.503000 2.398200
14  1  1372.284000 976.213000 3.749000 1.711000 4.047000 1.637000 0.858698
15  1  1324.704000 907.426000 1.198000 1.745000 4.736000 1.840000 -2.238518
16  1  1304.536000 918.698000 -0.076000 1.869000 4.400000 1.632000 -0.652124
17  1  1324.085000 891.187000 1.052000 0.517000 1.284000 1.633000 0.966150
18  1  1261.700000 926.714000 0.422000 1.739000 4.302000 1.566000 -2.268414
20  0  1329.940000 904.012000 1.336000 0.566000 0.436000 1.690000 2.937274
29  1  1289.560000 859.838000 -0.874000 1.895000 4.750000 1.520000 1.066760
22  0  1332.549000 904.530000 1.500000 0.585000 0.409000 1.717000 2.843245
23  0  1331.353000 903.629000 1.488000 0.786000 0.765000 1.794000 2.468935

29 24 1542801001.947564
1  0  1329.518000 903.584000 1.307000 0.732000 0.641000 1.632000 1.942436
27  0  1341.578000 913.425000 1.860000 0.792000 0.839000 1.780000 -2.554075
2  1  1356.208000 956.157000 2.669000 1.803000 4.486000 1.513000 0.832595
3  0  1342.837000 901.331000 2.074000 0.556000 0.965000 1.598000 -1.712531
4  1  1278.531000 924.618000 0.350000 0.470000 1.268000 1.706000 2.463397
28  1  1312.257000 899.499000 0.455000 0.919000 1.958000 1.677000 0.997611
6  0  1310.650000 918.120000 0.489000 0.475000 0.438000 1.796000 -1.698161
7  0  1331.339000 905.371000 1.347000 0.592000 0.622000 1.757000 2.547329
8  1  1266.149000 814.517000 0.027000 2.753000 12.145000 4.364000 -2.441424
9  1  1299.252000 918.895000 1.568000 2.908000 10.909000 4.454000 -0.652124
10  0  1302.739000 894.555000 0.161000 0.408000 0.858000 1.713000 -1.073578
30  1  1279.383000 843.446000 -1.339000 1.851000 4.488000 1.641000 1.015609
11  0  1324.213000 911.170000 1.237000 0.555000 0.744000 1.739000 2.589704
13  1  1298.259000 923.528000 -0.059000 1.872000 4.327000 1.444000 -0.652124
26  1  1289.532000 921.803000 0.076000 1.748000 4.445000 1.503000 2.433147
14  1  1375.225000 979.808000 3.848000 1.711000 4.047000 1.637000 0.876152
15  1  1324.704000 907.426000 1.198000 1.745000 4.736000 1.840000 -2.238518
16  1  1304.643000 918.631000 -0.078000 1.869000 4.400000 1.632000 -0.652124
17  1  1325.172000 892.879000 1.105000 0.517000 1.284000 1.633000 0.966150
18  1  1260.936000 925.774000 0.387000 1.739000 4.302000 1.566000 -2.263103
20  0  1329.938000 904.001000 1.336000 0.566000 0.436000 1.690000 2.937274
29  1  1291.957000 863.856000 -0.749000 1.895000 4.750000 1.520000 1.084233
22  0  1332.532000 904.507000 1.500000 0.585000 0.409000 1.717000 2.843245
23  0  1331.274000 903.638000 1.488000 0.786000 0.765000 1.794000 2.259301

30 25 1542801002.447972
1  0  1329.527000 903.591000 1.307000 0.732000 0.641000 1.632000 1.942436
27  0  1340.947000 912.993000 1.831000 0.792000 0.839000 1.780000 -2.611474
2  1  1359.330000 959.938000 2.846000 1.803000 4.486000 1.513000 0.846570
3  0  1342.721000 900.695000 2.075000 0.556000 0.965000 1.598000 -1.673229
4  1  1276.042000 926.614000 0.423000 0.470000 1.268000 1.706000 2.463397
28  1  1315.504000 904.245000 0.580000 0.919000 1.958000 1.677000 1.067422
6  0  1310.650000 918.120000 0.489000 0.475000 0.438000 1.796000 -1.698161
7  0  1331.341000 905.373000 1.347000 0.592000 0.622000 1.757000 2.547329
8  1  1263.662000 812.743000 0.071000 2.753000 12.145000 4.364000 -2.481434
9  1  1299.265000 918.911000 1.568000 2.908000 10.909000 4.454000 -0.652124
10  0  1302.824000 894.484000 0.166000 0.408000 0.858000 1.713000 -1.015349
30  1  1281.820000 847.536000 -1.201000 1.851000 4.488000 1.641000 1.015609
31  0  1278.420000 908.865000 0.248000 0.484000 0.782000 1.615000 -0.676668
11  0  1324.205000 911.177000 1.238000 0.555000 0.744000 1.739000 2.589704
13  1  1298.345000 923.468000 -0.061000 1.872000 4.327000 1.444000 -0.652124
26  1  1285.857000 924.887000 0.154000 1.748000 4.445000 1.503000 2.441878
14  1  1378.167000 983.403000 3.946000 1.711000 4.047000 1.637000 0.893604
15  1  1324.704000 907.426000 1.198000 1.745000 4.736000 1.840000 -2.238518
16  1  1304.750000 918.564000 -0.079000 1.869000 4.400000 1.632000 -0.652124
17  1  1326.259000 894.570000 1.158000 0.517000 1.284000 1.633000 0.966150
18  1  1260.172000 924.835000 0.352000 1.739000 4.302000 1.566000 -2.257793
20  0  1329.937000 903.991000 1.336000 0.566000 0.436000 1.690000 2.937274
29  1  1294.288000 868.212000 -0.586000 1.895000 4.750000 1.520000 1.071137
22  0  1332.533000 904.510000 1.500000 0.585000 0.409000 1.717000 2.843245
23  0  1331.198000 903.662000 1.488000 0.786000 0.765000 1.794000 2.049683

31 25 1542801002.947855
1  0  1329.537000 903.597000 1.307000 0.732000 0.641000 1.632000 1.942436
27  0  1340.366000 912.679000 1.802000 0.792000 0.839000 1.780000 -2.667573
2  1  1362.448000 963.716000 3.024000 1.803000 4.486000 1.513000 0.860530
3  0  1342.631000 900.056000 2.077000 0.556000 0.965000 1.598000 -1.633969
4  1  1273.559000 928.580000 0.497000 0.470000 1.268000 1.706000 2.463397
28  1  1318.809000 908.801000 0.788000 0.919000 1.958000 1.677000 1.020897
6  0  1310.650000 918.120000 0.489000 0.475000 0.438000 1.796000 -1.698161
7  0  1331.343000 905.376000 1.347000 0.592000 0.622000 1.757000 2.547329
8  1  1261.108000 811.071000 0.114000 2.753000 12.145000 4.364000 -2.521402
9  1  1299.277000 918.928000 1.568000 2.908000 10.909000 4.454000 -0.652124
10  0  1302.798000 894.477000 0.163000 0.408000 0.858000 1.713000 -1.064800
30  1  1284.254000 851.622000 -1.064000 1.851000 4.488000 1.641000 1.015609
31  0  1279.051000 908.381000 0.241000 0.484000 0.782000 1.615000 -0.674728
11  0  1324.220000 911.170000 1.240000 0.555000 0.744000 1.739000 2.589704
13  1  1298.430000 923.409000 -0.064000 1.872000 4.327000 1.444000 -0.652124
26  1  1282.185000 927.968000 0.233000 1.748000 4.445000 1.503000 2.450600
14  1  1381.157000 987.059000 4.045000 1.711000 4.047000 1.637000 0.893604
15  1  1324.704000 907.426000 1.198000 1.745000 4.736000 1.840000 -2.238518
16  1  1304.749000 918.567000 -0.081000 1.869000 4.400000 1.632000 -0.652124
17  1  1327.443000 896.103000 1.220000 0.517000 1.284000 1.633000 0.966150
18  1  1259.409000 923.897000 0.305000 1.739000 4.302000 1.566000 -2.257793
20  0  1329.935000 903.980000 1.336000 0.566000 0.436000 1.690000 2.937274
29  1  1296.617000 872.563000 -0.424000 1.895000 4.750000 1.520000 1.058054
22  0  1332.534000 904.514000 1.500000 0.585000 0.409000 1.717000 2.843245
23  0  1331.247000 903.619000 1.488000 0.786000 0.765000 1.794000 2.282305

32 24 1542801003.447741
1  0  1329.546000 903.604000 1.307000 0.732000 0.641000 1.632000 1.942436
27  0  1339.767000 912.398000 1.774000 0.792000 0.839000 1.780000 -2.723673
2  1  1365.567000 967.493000 3.201000 1.803000 4.486000 1.513000 0.874490
3  0  1342.494000 899.432000 2.079000 0.556000 0.965000 1.598000 -1.653362
4  1  1271.076000 930.546000 0.570000 0.470000 1.268000 1.706000 2.463397
28  1  1322.323000 913.198000 0.996000 0.919000 1.958000 1.677000 0.974372
6  0  1310.650000 918.120000 0.489000 0.475000 0.438000 1.796000 -1.698161
7  0  1331.345000 905.379000 1.347000 0.592000 0.622000 1.757000 2.547329
8  1  1258.280000 809.661000 0.157000 2.753000 12.145000 4.364000 -2.561370
9  1  1299.282000 918.934000 1.568000 2.908000 10.909000 4.454000 -0.652124
10  0  1302.772000 894.471000 0.161000 0.408000 0.858000 1.713000 -1.114252
30  1  1286.977000 856.176000 -0.901000 1.851000 4.488000 1.641000 1.037426
31  0  1279.682000 907.897000 0.234000 0.484000 0.782000 1.615000 -0.672789
11  0  1324.235000 911.164000 1.241000 0.555000 0.744000 1.739000 2.589704
13  1  1298.488000 923.371000 -0.066000 1.872000 4.327000 1.444000 -0.652124
26  1  1278.514000 931.049000 0.311000 1.748000 4.445000 1.503000 2.459322
15  1  1324.704000 907.426000 1.198000 1.745000 4.736000 1.840000 -2.238518
16  1  1304.747000 918.570000 -0.083000 1.869000 4.400000 1.632000 -0.652124
17  1  1328.627000 897.635000 1.283000 0.517000 1.284000 1.633000 0.966150
18  1  1258.646000 922.958000 0.257000 1.739000 4.302000 1.566000 -2.257793
20  0  1329.934000 903.970000 1.336000 0.566000 0.436000 1.690000 2.937274
29  1  1299.003000 876.884000 -0.361000 1.895000 4.750000 1.520000 1.044971
22  0  1332.535000 904.518000 1.500000 0.585000 0.409000 1.717000 2.843245
23  0  1331.305000 903.588000 1.488000 0.786000 0.765000 1.794000 2.514929

33 24 1542801003.948191
1  0  1329.556000 903.611000 1.307000 0.732000 0.641000 1.632000 1.942436
27  0  1339.177000 912.091000 1.745000 0.792000 0.839000 1.780000 -2.701207
2  1  1368.689000 971.275000 3.379000 1.803000 4.486000 1.513000 0.888465
3  0  1342.357000 898.808000 2.080000 0.556000 0.965000 1.598000 -1.672777
4  1  1268.590000 932.515000 0.643000 0.470000 1.268000 1.706000 2.463397
28  1  1326.042000 917.432000 1.204000 0.919000 1.958000 1.677000 0.927795
6  0  1310.650000 918.120000 0.489000 0.475000 0.438000 1.796000 -1.698161
7  0  1331.347000 905.382000 1.347000 0.592000 0.622000 1.757000 2.547329
8  1  1255.394000 808.365000 0.200000 2.753000 12.145000 4.364000 -2.601383
9  1  1299.287000 918.941000 1.568000 2.908000 10.909000 4.454000 -0.652124
10  0  1302.746000 894.467000 0.158000 0.408000 0.858000 1.713000 -1.163760
30  1  1289.702000 860.736000 -0.738000 1.851000 4.488000 1.641000 1.059268
31  0  1280.212000 907.517000 0.069000 0.484000 0.782000 1.615000 -0.668906
11  0  1324.250000 911.157000 1.242000 0.555000 0.744000 1.739000 2.589704
13  1  1298.546000 923.332000 -0.069000 1.872000 4.327000 1.444000 -0.652124
26  1  1274.838000 934.133000 0.390000 1.748000 4.445000 1.503000 2.468054
15  1  1324.704000 907.426000 1.198000 1.745000 4.736000 1.840000 -2.238518
16  1  1304.746000 918.573000 -0.084000 1.869000 4.400000 1.632000 -0.652124
17  1  1329.813000 899.170000 1.345000 0.517000 1.284000 1.633000 0.966150
18  1  1257.883000 922.019000 0.210000 1.739000 4.302000 1.566000 -2.257793
20  0  1329.934000 903.970000 1.336000 0.566000 0.436000 1.690000 2.937274
29  1  1301.391000 881.210000 -0.298000 1.895000 4.750000 1.520000 1.031874
22  0  1332.536000 904.522000 1.500000 0.585000 0.409000 1.717000 2.843245
23  0  1331.369000 903.572000 1.488000 0.786000 0.765000 1.794000 2.747815

34 25 1542801004.447480
1  0  1329.551000 903.623000 1.307000 0.732000 0.641000 1.632000 1.942436
27  0  1338.588000 911.786000 1.717000 0.792000 0.839000 1.780000 -2.678794
2  1  1371.805000 975.048000 3.556000 1.803000 4.486000 1.513000 0.902409
3  0  1342.221000 898.185000 2.082000 0.556000 0.965000 1.598000 -1.692147
4  1  1266.110000 934.479000 0.717000 0.470000 1.268000 1.706000 2.463397
28  1  1329.704000 921.974000 1.412000 0.919000 1.958000 1.677000 0.898729
6  0  1310.650000 918.120000 0.489000 0.475000 0.438000 1.796000 -1.698161
7  0  1331.349000 905.384000 1.347000 0.592000 0.622000 1.757000 2.547329
8  1  1252.466000 807.187000 0.243000 2.753000 12.145000 4.364000 -2.641304
9  1  1299.293000 918.948000 1.568000 2.908000 10.909000 4.454000 -0.652124
10  0  1302.719000 894.464000 0.155000 0.408000 0.858000 1.713000 -1.213153
30  1  1292.339000 865.340000 -0.601000 1.851000 4.488000 1.641000 1.054894
31  0  1280.740000 907.137000 -0.095000 0.484000 0.782000 1.615000 -0.665032
11  0  1324.265000 911.151000 1.244000 0.555000 0.744000 1.739000 2.589704
13  1  1298.604000 923.294000 -0.071000 1.872000 4.327000 1.444000 -0.652124
26  1  1270.930000 937.289000 0.495000 1.748000 4.445000 1.503000 2.453521
15  1  1324.704000 907.426000 1.198000 1.745000 4.736000 1.840000 -2.238518
16  1  1304.744000 918.576000 -0.086000 1.869000 4.400000 1.632000 -0.652124
17  1  1330.995000 900.701000 1.408000 0.517000 1.284000 1.633000 0.966150
32  1  1280.176000 845.162000 -1.268000 1.851000 4.704000 1.281000 1.015609
18  1  1257.121000 921.082000 0.162000 1.739000 4.302000 1.566000 -2.257793
20  0  1329.934000 903.970000 1.336000 0.566000 0.436000 1.690000 2.937274
29  1  1303.979000 885.517000 -0.149000 1.895000 4.750000 1.520000 1.023152
22  0  1332.537000 904.525000 1.500000 0.585000 0.409000 1.717000 2.843245
23  0  1331.509000 903.513000 1.513000 0.786000 0.765000 1.794000 2.747815

35 24 1542801004.947354
1  0  1329.546000 903.661000 1.307000 0.732000 0.641000 1.632000 1.942436
27  0  1337.998000 911.480000 1.688000 0.792000 0.839000 1.780000 -2.656354
2  1  1374.802000 978.921000 3.734000 1.803000 4.486000 1.513000 0.902409
3  0  1342.084000 897.562000 2.084000 0.556000 0.965000 1.598000 -1.711539
4  1  1263.627000 936.445000 0.790000 0.470000 1.268000 1.706000 2.463397
28  1  1333.502000 926.413000 1.620000 0.919000 1.958000 1.677000 0.869629
6  0  1310.650000 918.120000 0.489000 0.475000 0.438000 1.796000 -1.698161
7  0  1331.350000 905.387000 1.347000 0.592000 0.622000 1.757000 2.547329
8  1  1249.490000 806.126000 0.286000 2.753000 12.145000 4.364000 -2.681271
9  1  1299.298000 918.954000 1.568000 2.908000 10.909000 4.454000 -0.652124
10  0  1302.692000 894.462000 0.157000 0.408000 0.858000 1.713000 -1.262604
30  1  1294.978000 869.949000 -0.464000 1.851000 4.488000 1.641000 1.050515
31  0  1281.345000 906.697000 -0.085000 0.484000 0.782000 1.615000 -0.661154
11  0  1324.261000 911.155000 1.247000 0.555000 0.744000 1.739000 2.589704
13  1  1298.663000 923.256000 -0.074000 1.872000 4.327000 1.444000 -0.652124
26  1  1267.017000 940.448000 0.600000 1.748000 4.445000 1.503000 2.438972
15  1  1324.704000 907.426000 1.198000 1.745000 4.736000 1.840000 -2.238518
16  1  1304.744000 918.576000 -0.086000 1.869000 4.400000 1.632000 -0.652124
17  1  1332.215000 902.286000 1.391000 0.517000 1.284000 1.633000 0.942879
32  1  1282.641000 849.237000 -1.118000 1.851000 4.704000 1.281000 1.015609
20  0  1329.934000 903.970000 1.336000 0.566000 0.436000 1.690000 2.937274
29  1  1306.569000 889.829000 0.001000 1.895000 4.750000 1.520000 1.014420
22  0  1332.558000 904.523000 1.500000 0.585000 0.409000 1.717000 2.843245
23  0  1331.650000 903.455000 1.538000 0.786000 0.765000 1.794000 2.747815

36 23 1542801005.447229
1  0  1329.540000 903.700000 1.307000 0.732000 0.641000 1.632000 1.942436
27  0  1337.408000 911.174000 1.660000 0.792000 0.839000 1.780000 -2.633915
2  1  1377.800000 982.794000 3.911000 1.803000 4.486000 1.513000 0.902409
3  0  1341.947000 896.939000 2.086000 0.556000 0.965000 1.598000 -1.730932
4  1  1261.165000 938.590000 0.863000 0.470000 1.268000 1.706000 2.440126
28  1  1337.427000 930.739000 1.829000 0.919000 1.958000 1.677000 0.840529
6  0  1310.639000 918.123000 0.489000 0.475000 0.438000 1.796000 -1.698161
7  0  1331.352000 905.390000 1.347000 0.592000 0.622000 1.757000 2.547329
9  1  1299.303000 918.961000 1.568000 2.908000 10.909000 4.454000 -0.652124
10  0  1302.665000 894.462000 0.160000 0.408000 0.858000 1.713000 -1.312055
30  1  1297.554000 874.632000 -0.355000 1.851000 4.488000 1.641000 1.050515
31  0  1281.950000 906.257000 -0.074000 0.484000 0.782000 1.615000 -0.657275
11  0  1324.258000 911.160000 1.249000 0.555000 0.744000 1.739000 2.589704
13  1  1298.721000 923.217000 -0.077000 1.872000 4.327000 1.444000 -0.652124
26  1  1263.105000 943.607000 0.706000 1.748000 4.445000 1.503000 2.424422
15  1  1324.704000 907.426000 1.198000 1.745000 4.736000 1.840000 -2.238518
16  1  1304.744000 918.576000 -0.086000 1.869000 4.400000 1.632000 -0.652124
17  1  1333.435000 903.870000 1.374000 0.517000 1.284000 1.633000 0.919608
32  1  1285.106000 853.312000 -0.968000 1.851000 4.704000 1.281000 1.015609
20  0  1329.934000 903.970000 1.336000 0.566000 0.436000 1.690000 2.937274
29  1  1309.426000 894.319000 0.201000 1.895000 4.750000 1.520000 1.014420
22  0  1332.579000 904.520000 1.500000 0.585000 0.409000 1.717000 2.843245
23  0  1331.545000 903.499000 1.538000 0.786000 0.765000 1.794000 2.747815

37 22 1542801005.947122
1  0  1329.535000 903.738000 1.307000 0.732000 0.641000 1.632000 1.942436
27  0  1336.818000 910.868000 1.631000 0.792000 0.839000 1.780000 -2.611474
3  0  1341.757000 896.329000 2.087000 0.556000 0.965000 1.598000 -1.750325
4  1  1258.779000 940.819000 0.936000 0.470000 1.268000 1.706000 2.416854
28  1  1341.189000 935.006000 2.037000 0.919000 1.958000 1.677000 0.840529
6  0  1310.627000 918.127000 0.489000 0.475000 0.438000 1.796000 -1.698161
7  0  1331.354000 905.392000 1.347000 0.592000 0.622000 1.757000 2.547329
9  1  1299.308000 918.967000 1.568000 2.908000 10.909000 4.454000 -0.652124
10  0  1302.665000 894.462000 0.160000 0.408000 0.858000 1.713000 -1.451681
30  1  1300.130000 879.315000 -0.247000 1.851000 4.488000 1.641000 1.050515
31  0  1282.555000 905.817000 -0.064000 0.484000 0.782000 1.615000 -0.653397
11  0  1324.254000 911.165000 1.252000 0.555000 0.744000 1.739000 2.589704
13  1  1298.687000 923.232000 -0.079000 1.872000 4.327000 1.444000 -0.652124
26  1  1259.331000 947.046000 0.827000 1.748000 4.445000 1.503000 2.392423
15  1  1324.704000 907.426000 1.198000 1.745000 4.736000 1.840000 -2.238518
16  1  1304.744000 918.576000 -0.086000 1.869000 4.400000 1.632000 -0.652124
17  1  1334.655000 905.455000 1.358000 0.517000 1.284000 1.633000 0.896337
32  1  1287.665000 857.538000 -0.868000 1.851000 4.704000 1.281000 1.033063
20  0  1329.934000 903.970000 1.336000 0.566000 0.436000 1.690000 2.937274
29  1  1312.283000 898.808000 0.401000 1.895000 4.750000 1.520000 1.014420
22  0  1332.601000 904.518000 1.500000 0.585000 0.409000 1.717000 2.843245
23  0  1331.439000 903.542000 1.538000 0.786000 0.765000 1.794000 2.747815

38 22 1542801006.446992
1  0  1329.569000 903.651000 1.307000 0.732000 0.641000 1.632000 1.942436
27  0  1336.337000 910.538000 1.631000 0.792000 0.839000 1.780000 -2.553297
3  0  1341.566000 895.720000 2.089000 0.556000 0.965000 1.598000 -1.769717
4  1  1256.393000 943.048000 1.010000 0.470000 1.268000 1.706000 2.393584
28  1  1344.951000 939.273000 2.245000 0.919000 1.958000 1.677000 0.840529
6  0  1310.615000 918.130000 0.489000 0.475000 0.438000 1.796000 -1.698161
7  0  1331.356000 905.395000 1.347000 0.592000 0.622000 1.757000 2.547329
9  1  1299.313000 918.974000 1.568000 2.908000 10.909000 4.454000 -0.652124
10  0  1302.578000 894.155000 0.135000 0.408000 0.858000 1.713000 -1.617487
30  1  1302.706000 883.997000 -0.139000 1.851000 4.488000 1.641000 1.050515
31  0  1283.160000 905.377000 -0.054000 0.484000 0.782000 1.615000 -0.649518
11  0  1324.251000 911.169000 1.255000 0.555000 0.744000 1.739000 2.589704
13  1  1298.654000 923.247000 -0.082000 1.872000 4.327000 1.444000 -0.652124
26  1  1255.670000 950.604000 0.949000 1.748000 4.445000 1.503000 2.360425
15  1  1324.704000 907.426000 1.198000 1.745000 4.736000 1.840000 -2.238518
16  1  1304.744000 918.576000 -0.086000 1.869000 4.400000 1.632000 -0.652124
17  1  1335.924000 907.175000 1.508000 0.517000 1.284000 1.633000 0.878883
32  1  1290.224000 861.764000 -0.768000 1.851000 4.704000 1.281000 1.050515
20  0  1329.934000 903.970000 1.336000 0.566000 0.436000 1.690000 2.937274
29  1  1315.445000 903.414000 0.565000 1.895000 4.750000 1.520000 0.979514
22  0  1332.622000 904.515000 1.500000 0.585000 0.409000 1.717000 2.843245
23  0  1331.258000 903.535000 1.538000 0.786000 0.765000 1.794000 2.747815

39 22 1542801006.946864
1  0  1329.603000 903.564000 1.307000 0.732000 0.641000 1.632000 1.942436
27  0  1335.876000 910.181000 1.631000 0.792000 0.839000 1.780000 -2.495120
3  0  1341.376000 895.111000 2.091000 0.556000 0.965000 1.598000 -1.789109
4  1  1253.982000 945.249000 1.083000 0.470000 1.268000 1.706000 2.376131
28  1  1348.712000 943.540000 2.453000 0.919000 1.958000 1.677000 0.840529
6  0  1310.603000 918.134000 0.489000 0.475000 0.438000 1.796000 -1.698161
7  0  1331.358000 905.398000 1.347000 0.592000 0.622000 1.757000 2.547329
9  1  1299.318000 918.981000 1.568000 2.908000 10.909000 4.454000 -0.652124
10  0  1302.441000 893.867000 0.110000 0.408000 0.858000 1.713000 -1.783294
30  1  1305.458000 888.704000 0.036000 1.851000 4.488000 1.641000 1.050515
31  0  1283.765000 904.937000 -0.043000 0.484000 0.782000 1.615000 -0.645640
11  0  1324.247000 911.174000 1.258000 0.555000 0.744000 1.739000 2.589704
13  1  1298.621000 923.261000 -0.084000 1.872000 4.327000 1.444000 -0.652124
26  1  1252.124000 954.278000 1.071000 1.748000 4.445000 1.503000 2.328427
15  1  1324.704000 907.426000 1.198000 1.745000 4.736000 1.840000 -2.238518
16  1  1304.744000 918.576000 -0.086000 1.869000 4.400000 1.632000 -0.652124
17  1  1337.224000 908.870000 1.658000 0.517000 1.284000 1.633000 0.861430
32  1  1293.597000 867.389000 -0.618000 1.851000 4.704000 1.281000 1.024336
20  0  1329.934000 903.970000 1.336000 0.566000 0.436000 1.690000 2.937274
29  1  1318.766000 907.906000 0.728000 1.895000 4.750000 1.520000 0.944608
22  0  1332.643000 904.513000 1.500000 0.585000 0.409000 1.717000 2.843245
23  0  1331.076000 903.528000 1.538000 0.786000 0.765000 1.794000 2.747815

40 21 1542801007.446751
1  0  1329.515000 903.467000 1.307000 0.732000 0.641000 1.632000 2.413675
27  0  1335.437000 909.798000 1.631000 0.792000 0.839000 1.780000 -2.436941
3  0  1341.185000 894.502000 2.093000 0.556000 0.965000 1.598000 -1.808502
4  1  1251.571000 947.450000 1.156000 0.470000 1.268000 1.706000 2.358677
28  1  1352.474000 947.807000 2.661000 0.919000 1.958000 1.677000 0.840529
6  0  1310.591000 918.137000 0.489000 0.475000 0.438000 1.796000 -1.698161
7  0  1331.360000 905.401000 1.347000 0.592000 0.622000 1.757000 2.547329
9  1  1299.323000 918.987000 1.568000 2.908000 10.909000 4.454000 -0.652124
10  0  1302.328000 893.569000 0.110000 0.408000 0.858000 1.713000 -1.783294
30  1  1308.211000 893.410000 0.211000 1.851000 4.488000 1.641000 1.050515
31  0  1284.370000 904.497000 -0.033000 0.484000 0.782000 1.615000 -0.641761
11  0  1324.244000 911.179000 1.261000 0.555000 0.744000 1.739000 2.589704
13  1  1298.588000 923.276000 -0.087000 1.872000 4.327000 1.444000 -0.652124
15  1  1324.704000 907.426000 1.198000 1.745000 4.736000 1.840000 -2.238518
16  1  1304.744000 918.576000 -0.086000 1.869000 4.400000 1.632000 -0.652124
17  1  1338.646000 910.461000 1.658000 0.517000 1.284000 1.633000 0.843977
32  1  1297.117000 872.924000 -0.468000 1.851000 4.704000 1.281000 0.998156
20  0  1329.934000 903.970000 1.336000 0.566000 0.436000 1.690000 2.937274
29  1  1322.241000 912.280000 0.891000 1.895000 4.750000 1.520000 0.909701
22  0  1332.665000 904.510000 1.500000 0.585000 0.409000 1.717000 2.843245
23  0  1330.894000 903.521000 1.538000 0.786000 0.765000 1.794000 2.747815

