40
1.70079  0.0159456  1.51096  0.499802  -0.503032  0.49978  -0.497371
1266.42  816.267  1266.42  491.507  
1 3 1538448744.412460
../data/CAM_FRONT/n015-2018-10-02-10-50-40+0800__CAM_FRONT__1538448744412460.jpg
1871.317523 2483.994578 2.297482
1 1124 473 81 46 1
2 286 471 93 144 0
3 1224 486 129 61 1

2 4 1538448745.012460
../data/CAM_FRONT/n015-2018-10-02-10-50-40+0800__CAM_FRONT__1538448745012460.jpg
1866.299949 2489.772087 2.284282
1 1194 469 121 63 1
2 832 475 31 31 1
3 890 481 56 44 1
4 1541 487 106 98 1

3 3 1538448745.512460
../data/CAM_FRONT/n015-2018-10-02-10-50-40+0800__CAM_FRONT__1538448745512460.jpg
1862.136237 2494.678204 2.275960
1 1317 462 203 92 1
2 820 475 32 31 1
3 880 481 57 44 1

4 3 1538448746.012460
../data/CAM_FRONT/n015-2018-10-02-10-50-40+0800__CAM_FRONT__1538448746012460.jpg
1857.964767 2499.652619 2.275355
1 819 475 32 32 1
2 880 481 58 45 1
3 927 479 65 31 1

5 3 1538448746.512460
../data/CAM_FRONT/n015-2018-10-02-10-50-40+0800__CAM_FRONT__1538448746512460.jpg
1853.817898 2504.592643 2.274606
1 819 475 32 32 1
2 875 481 57 45 1
3 933 479 71 33 1

6 3 1538448747.012460
../data/CAM_FRONT/n015-2018-10-02-10-50-40+0800__CAM_FRONT__1538448747012460.jpg
1849.768019 2509.449268 2.274873
1 821 474 32 33 1
2 874 481 58 45 1
3 943 478 77 37 1

7 3 1538448747.512460
../data/CAM_FRONT/n015-2018-10-02-10-50-40+0800__CAM_FRONT__1538448747512460.jpg
1845.747067 2514.249099 2.274604
1 820 474 33 33 1
2 874 481 57 45 1
3 952 477 86 42 1

8 4 1538448748.012460
../data/CAM_FRONT/n015-2018-10-02-10-50-40+0800__CAM_FRONT__1538448748012460.jpg
1841.819929 2518.923700 2.277439
1 1145 482 92 46 1
2 826 474 33 34 1
3 879 481 57 45 1
4 971 477 94 46 1

9 5 1538448748.512460
../data/CAM_FRONT/n015-2018-10-02-10-50-40+0800__CAM_FRONT__1538448748512460.jpg
1837.851057 2523.605889 2.280706
1 1120 480 88 50 1
2 1237 481 130 60 1
3 829 474 34 34 1
4 884 481 56 44 1
5 991 476 106 53 1

10 5 1538448749.012460
../data/CAM_FRONT/n015-2018-10-02-10-50-40+0800__CAM_FRONT__1538448749012460.jpg
1833.963508 2528.198249 2.278263
1 1206 478 138 73 1
2 1396 480 234 91 1
3 826 474 34 34 1
4 878 481 57 44 1
5 1013 474 120 62 1

11 5 1538448749.512460
../data/CAM_FRONT/n015-2018-10-02-10-50-40+0800__CAM_FRONT__1538448749512460.jpg
1830.077365 2532.770705 2.281337
1 1443 473 179 135 1
2 294 475 95 123 1
3 831 474 34 35 1
4 880 481 58 44 1
5 1053 472 138 74 1

12 5 1538448750.012460
../data/CAM_FRONT/n015-2018-10-02-10-50-40+0800__CAM_FRONT__1538448750012460.jpg
1826.212050 2537.284208 2.283645
1 40 471 177 178 1
2 835 474 35 35 1
3 882 481 58 44 1
4 1281 483 174 77 1
5 1108 469 163 92 1

13 4 1538448750.512460
../data/CAM_FRONT/n015-2018-10-02-10-50-40+0800__CAM_FRONT__1538448750512460.jpg
1822.413872 2541.802087 2.275689
1 824 474 35 35 1
2 935 483 40 28 1
3 872 481 55 42 1
4 1174 465 195 120 1

14 4 1538448751.012460
../data/CAM_FRONT/n015-2018-10-02-10-50-40+0800__CAM_FRONT__1538448751012460.jpg
1818.639055 2546.345704 2.267776
1 813 474 36 35 1
2 932 483 44 31 1
3 862 481 53 41 1
4 1301 457 241 172 1

15 3 1538448751.512460
../data/CAM_FRONT/n015-2018-10-02-10-50-40+0800__CAM_FRONT__1538448751512460.jpg
1814.828193 2550.968179 2.271621
1 816 474 37 35 1
2 946 483 48 34 1
3 867 481 51 40 1

16 3 1538448752.012460
../data/CAM_FRONT/n015-2018-10-02-10-50-40+0800__CAM_FRONT__1538448752012460.jpg
1810.996730 2555.529811 2.279034
1 823 473 39 37 1
2 965 483 55 37 1
3 877 481 49 39 1

17 4 1538448752.512460
../data/CAM_FRONT/n015-2018-10-02-10-50-40+0800__CAM_FRONT__1538448752512460.jpg
1807.109864 2560.105897 2.278086
1 824 473 39 37 1
2 978 483 63 42 1
3 878 481 47 37 1
4 1028 484 45 34 1

18 4 1538448753.012460
../data/CAM_FRONT/n015-2018-10-02-10-50-40+0800__CAM_FRONT__1538448753012460.jpg
1803.280297 2564.640198 2.278098
1 824 473 39 37 1
2 993 483 75 47 1
3 877 481 46 36 1
4 1070 484 70 43 1

19 4 1538448753.512460
../data/CAM_FRONT/n015-2018-10-02-10-50-40+0800__CAM_FRONT__1538448753512460.jpg
1799.426386 2569.234611 2.271947
1 817 473 40 38 1
2 1005 482 91 56 1
3 870 481 44 35 1
4 1138 483 115 59 1

20 4 1538448754.012460
../data/CAM_FRONT/n015-2018-10-02-10-50-40+0800__CAM_FRONT__1538448754012460.jpg
1795.562570 2573.870952 2.268492
1 815 473 40 38 1
2 1029 482 113 66 1
3 869 481 44 35 1
4 1289 483 215 93 1

21 4 1538448754.512460
../data/CAM_FRONT/n015-2018-10-02-10-50-40+0800__CAM_FRONT__1538448754512460.jpg
1791.739958 2578.480443 2.265872
1 1033 480 102 65 1
2 814 473 39 38 1
3 1062 482 149 81 1
4 868 481 43 35 1

22 4 1538448755.012460
../data/CAM_FRONT/n015-2018-10-02-10-50-40+0800__CAM_FRONT__1538448755012460.jpg
1787.891541 2583.123800 2.266975
1 1081 479 113 78 1
2 814 473 40 39 1
3 1123 481 210 107 1
4 871 481 43 35 1

23 4 1538448755.512460
../data/CAM_FRONT/n015-2018-10-02-10-50-40+0800__CAM_FRONT__1538448755512460.jpg
1784.044132 2587.757521 2.269133
1 1153 478 132 96 1
2 815 472 41 40 1
3 1223 479 342 157 1
4 877 482 42 33 1

24 4 1538448756.012460
../data/CAM_FRONT/n015-2018-10-02-10-50-40+0800__CAM_FRONT__1538448756012460.jpg
1780.188900 2592.391057 2.272837
1 1285 476 151 124 1
2 823 472 42 41 1
3 1404 479 213 167 1
4 887 482 40 32 1

25 2 1538448756.512460
../data/CAM_FRONT/n015-2018-10-02-10-50-40+0800__CAM_FRONT__1538448756512460.jpg
1776.345243 2596.920277 2.277503
1 833 472 42 41 1
2 896 482 41 31 1

26 2 1538448757.012460
../data/CAM_FRONT/n015-2018-10-02-10-50-40+0800__CAM_FRONT__1538448757012460.jpg
1772.541845 2601.422541 2.272727
1 828 472 43 41 1
2 891 482 42 31 1

27 2 1538448757.512460
../data/CAM_FRONT/n015-2018-10-02-10-50-40+0800__CAM_FRONT__1538448757512460.jpg
1768.803437 2605.900804 2.267596
1 823 472 44 42 1
2 888 482 40 30 1

28 3 1538448758.012460
../data/CAM_FRONT/n015-2018-10-02-10-50-40+0800__CAM_FRONT__1538448758012460.jpg
1765.114952 2610.384838 2.261734
1 823 472 43 42 1
2 885 482 38 29 1
3 1066 464 74 59 1

29 3 1538448758.512460
../data/CAM_FRONT/n015-2018-10-02-10-50-40+0800__CAM_FRONT__1538448758512460.jpg
1761.427370 2614.893749 2.255182
1 820 471 42 44 1
2 880 482 36 28 1
3 1111 460 100 72 1

30 4 1538448759.012460
../data/CAM_FRONT/n015-2018-10-02-10-50-40+0800__CAM_FRONT__1538448759012460.jpg
1757.768911 2619.428027 2.250097
1 816 471 44 44 1
2 874 482 35 28 1
3 1184 453 146 94 1
4 1005 463 56 41 1

31 4 1538448759.512460
../data/CAM_FRONT/n015-2018-10-02-10-50-40+0800__CAM_FRONT__1538448759512460.jpg
1754.081307 2624.067916 2.246405
1 815 471 44 45 1
2 870 482 34 27 1
3 1315 439 245 136 1
4 1011 462 60 43 1

32 3 1538448760.012460
../data/CAM_FRONT/n015-2018-10-02-10-50-40+0800__CAM_FRONT__1538448760012460.jpg
1750.358233 2628.760595 2.245644
1 816 471 45 45 1
2 871 482 34 27 1
3 1020 460 66 47 1

33 3 1538448760.512460
../data/CAM_FRONT/n015-2018-10-02-10-50-40+0800__CAM_FRONT__1538448760512460.jpg
1746.568849 2633.568345 2.242308
1 811 471 46 46 1
2 866 482 34 26 1
3 1032 459 73 49 1

34 3 1538448761.012460
../data/CAM_FRONT/n015-2018-10-02-10-50-40+0800__CAM_FRONT__1538448761012460.jpg
1742.826414 2638.336725 2.246283
1 815 470 47 47 1
2 873 482 33 26 1
3 1053 456 83 55 1

35 3 1538448761.512460
../data/CAM_FRONT/n015-2018-10-02-10-50-40+0800__CAM_FRONT__1538448761512460.jpg
1739.052335 2643.091426 2.246450
1 818 470 46 48 1
2 875 482 33 25 1
3 1074 453 96 61 1

36 3 1538448762.012460
../data/CAM_FRONT/n015-2018-10-02-10-50-40+0800__CAM_FRONT__1538448762012460.jpg
1735.303516 2647.828839 2.245685
1 819 470 47 48 1
2 876 482 32 25 1
3 1096 449 112 69 1

37 3 1538448762.512460
../data/CAM_FRONT/n015-2018-10-02-10-50-40+0800__CAM_FRONT__1538448762512460.jpg
1731.563767 2652.586674 2.240880
1 814 470 48 49 1
2 870 482 32 25 1
3 1117 444 133 78 1

38 3 1538448763.012460
../data/CAM_FRONT/n015-2018-10-02-10-50-40+0800__CAM_FRONT__1538448763012460.jpg
1727.855807 2657.299533 2.239721
1 815 469 49 50 1
2 874 482 32 25 1
3 1158 437 161 92 1

39 4 1538448763.512460
../data/CAM_FRONT/n015-2018-10-02-10-50-40+0800__CAM_FRONT__1538448763512460.jpg
1724.145835 2662.043127 2.235068
1 1233 472 323 278 1
2 811 469 50 51 1
3 872 482 33 25 1
4 1203 428 201 110 1

40 4 1538448764.012460
../data/CAM_FRONT/n015-2018-10-02-10-50-40+0800__CAM_FRONT__1538448764012460.jpg
1720.512074 2666.745330 2.229075
1 1169 463 415 248 1
2 804 469 51 52 1
3 868 482 34 25 1
4 1263 413 266 140 1

