41
1  11  1535657108.301401
334.539851 658.702531 2.879708
1  362.146731 648.677053 1.964000  2.790335 8.879313 3.078000  2.849152
2  339.247523 659.909819 0.573000  0.669555 0.553572 1.017000  2.853532
3  341.066896 661.899601 0.526000  0.385844 0.445628 1.221000  -1.942028
4  323.971434 664.753523 0.389000  0.880434 0.471465 1.135000  2.491030
5  330.917172 641.241491 1.158000  1.877311 4.507811 1.723000  2.400365
6  345.985665 655.731028 1.196000  2.014149 4.955807 2.000000  2.898023
7  349.428878 634.506587 1.725000  2.011461 4.340842 1.563000  -2.356849
8  300.238529 691.658280 1.008000  3.165493 13.580305 3.606000  -2.249513
9  321.022567 668.066189 0.879000  2.186334 4.384453 2.347000  -0.547656
10  344.877174 628.466069 1.712000  2.047506 3.853943 1.555000  2.413636
11  348.313313 646.032353 1.444000  2.127850 5.614492 1.996000  2.855406

2  11  1535657108.801262
332.079758 659.418857 2.851366
1  358.289552 650.086433 1.978000  2.741076 8.772743 3.078000  2.803439
2  339.464929 659.740375 0.607000  0.538959 0.639069 1.017000  2.839058
3  340.566471 662.130099 0.576000  0.369151 0.554920 1.221000  -1.879728
4  324.033035 664.329148 0.395000  0.970911 0.771584 1.135000  2.555037
5  330.728239 640.905631 1.212000  2.124907 4.419799 1.723000  2.453496
6  342.797907 656.592066 1.180000  1.941967 4.901484 2.000000  2.903862
7  349.266236 634.568435 1.748000  1.947989 4.144251 1.563000  -2.382459
8  299.902442 690.733436 1.008000  2.887175 13.800246 3.606000  -2.268484
9  321.025712 668.046820 0.885000  2.109268 4.752594 2.347000  -0.529447
10  345.277514 628.165017 1.780000  1.842597 3.903049 1.555000  2.455193
11  347.440547 646.517911 1.482000  2.081145 5.584909 1.996000  2.782039

3  11  1535657109.301132
329.647494 660.196689 2.828707
1  354.796646 651.414935 1.992000  2.888325 8.916035 3.078000  2.825452
2  339.228465 659.907210 0.640000  0.596376 0.714191 1.017000  2.840074
3  340.506693 661.813340 0.626000  0.448351 0.546483 1.221000  -1.934226
4  324.185740 664.516581 0.402000  1.012668 0.696263 1.135000  2.539387
5  331.158301 640.883726 1.267000  2.188066 4.685302 1.723000  2.427813
6  339.997535 657.259600 1.165000  2.284005 4.783819 2.000000  2.951205
7  349.113159 634.550606 1.771000  1.943109 4.210892 1.563000  -2.344410
8  299.405141 688.783120 1.008000  3.023791 13.342689 3.606000  -2.290182
9  321.048898 667.772320 0.891000  2.201800 4.644739 2.347000  -0.510171
10  345.077876 628.051398 1.849000  2.022284 3.666491 1.555000  2.387728
11  348.008178 645.909723 1.520000  2.048693 5.575895 1.996000  2.729113

4  12  1535657109.801064
327.233834 661.025514 2.817706
1  287.961488 668.497703 0.723000  2.487070 5.239768 1.975000  0.908699
2  352.517477 651.517067 1.992000  2.677655 8.853193 3.078000  2.774732
3  339.527736 659.747076 0.674000  0.535247 0.704320 1.017000  2.866267
4  340.787372 661.852522 0.676000  0.510362 0.506496 1.221000  -1.945571
5  324.189339 664.560194 0.409000  0.723048 0.573435 1.135000  2.539811
6  330.846543 640.907483 1.322000  2.044251 4.581739 1.723000  2.419615
7  337.968985 658.084343 1.149000  1.954263 4.850971 2.000000  2.854630
8  349.440254 634.681523 1.794000  2.055317 4.195437 1.563000  -2.251403
9  297.712615 688.120932 1.008000  3.399221 13.870046 3.606000  -2.182652
10  321.007352 667.792872 0.897000  2.212623 4.535878 2.347000  -0.517734
11  345.137395 628.000202 1.917000  1.941887 3.591032 1.555000  2.571330
12  347.826571 646.095624 1.559000  2.029252 5.504737 1.996000  2.764139

5  12  1535657110.200261
325.362312 661.686833 2.815673
1  288.912231 671.004896 0.687000  2.306428 5.555743 1.975000  0.946929
2  350.030624 652.546334 1.991000  2.896120 8.708226 3.078000  2.809119
3  339.206658 659.965099 0.701000  0.731698 0.636627 1.017000  2.828783
4  340.710453 661.982574 0.720000  0.422458 0.480458 1.221000  -1.904543
5  324.219966 664.329371 0.415000  0.890209 0.837472 1.135000  2.570276
6  331.198831 641.044733 1.366000  2.080198 4.440987 1.723000  2.440680
7  335.344669 658.636956 1.133000  2.035362 4.737314 2.000000  2.880943
8  348.607238 634.334096 1.812000  2.050028 4.388389 1.563000  -2.399165
9  297.832371 687.808814 1.008000  3.570998 13.932362 3.606000  -2.248640
10  320.799229 667.936056 0.902000  2.124820 4.531205 2.347000  -0.533487
11  344.784665 628.501504 1.911000  1.884463 3.737458 1.555000  2.437325
12  347.928695 646.311946 1.589000  2.128551 5.629960 1.996000  2.815766

6  13  1535657110.651414
323.362925 662.405363 2.807968
1  290.072821 671.965143 0.702000  2.439446 5.104207 1.975000  0.960371
2  317.849617 671.855258 0.410000  0.522785 0.331930 1.312000  -1.821669
3  348.277362 653.614401 1.991000  2.482449 8.723645 3.078000  2.803265
4  339.301259 659.974717 0.731000  0.308424 0.562662 1.017000  2.860645
5  340.644446 661.877793 0.771000  0.429730 0.612239 1.221000  -1.942957
6  324.209861 664.317780 0.421000  0.909045 0.577640 1.135000  2.592079
7  331.041441 641.050218 1.415000  2.025158 4.286140 1.723000  2.425326
8  333.128814 659.613209 1.114000  2.209905 4.763313 2.000000  2.849546
9  349.174117 634.230517 1.833000  2.267412 4.421099 1.563000  -2.195555
10  296.182875 685.916724 1.008000  2.794102 13.734384 3.606000  -2.228499
11  320.995608 667.726448 0.907000  1.892462 4.532837 2.347000  -0.569325
12  344.860586 628.779878 1.904000  1.720112 3.874657 1.555000  2.340871
13  348.127332 646.607307 1.624000  2.058287 5.543653 1.996000  2.733018

7  13  1535657111.149672
321.358449 663.164911 2.781689
1  292.216228 674.806440 0.593000  2.231795 5.412145 1.975000  0.952806
2  317.712206 671.715149 0.410000  0.457366 0.474922 1.312000  -1.833784
3  346.040227 654.399080 1.990000  2.545926 8.670540 3.078000  2.911973
4  339.477856 659.971255 0.765000  0.486829 0.610467 1.017000  2.760419
5  340.599122 661.547693 0.826000  0.405396 0.503280 1.221000  -1.903506
6  324.311647 664.228663 0.428000  0.908513 0.625737 1.135000  2.559174
7  330.601461 641.130681 1.401000  1.905289 4.582608 1.723000  2.480656
8  331.126904 660.184773 1.093000  1.987065 4.910032 2.000000  2.887277
9  349.074705 634.412489 1.856000  1.971944 4.251841 1.563000  -2.287444
10  295.367447 684.831287 1.008000  3.154592 13.719729 3.606000  -2.260740
11  321.087051 668.252553 0.913000  2.095510 4.466106 2.347000  -0.569464
12  345.204429 628.389678 1.896000  1.975273 4.032149 1.555000  2.463752
13  348.023128 646.046545 1.662000  2.100076 5.675727 1.996000  2.822823

8  13  1535657111.649009
319.518145 663.938454 2.751458
1  294.626504 677.336232 0.484000  2.342429 5.027132 1.975000  0.865692
2  317.703797 672.222664 0.410000  0.535938 0.487957 1.312000  -1.739275
3  342.768953 655.370496 1.990000  3.094535 8.739098 3.078000  2.841554
4  339.417620 660.148876 0.798000  0.435224 0.590946 1.017000  2.805039
5  324.341842 664.384665 0.472000  0.902003 0.762550 1.135000  2.552738
6  331.169644 641.351119 1.386000  2.050049 4.494820 1.723000  2.373687
7  328.913528 660.879564 1.072000  2.233863 4.815074 2.000000  2.784113
8  319.295438 670.345677 0.010000  1.235433 0.462908 0.514000  -1.336201
9  349.244700 634.623545 1.879000  2.030201 4.398018 1.563000  -2.352752
10  294.228631 682.821266 1.133000  3.179299 13.827109 3.606000  -2.275055
11  321.205236 668.469981 0.919000  2.060895 4.663230 2.347000  -0.503056
12  344.470325 628.550182 1.888000  1.808337 3.647053 1.555000  2.433219
13  348.201483 645.876721 1.700000  2.062598 5.456889 1.996000  2.869470

9  13  1535657112.148325
317.898631 664.660818 2.738415
1  296.685244 679.756170 0.376000  2.424021 5.446642 1.975000  0.920018
2  317.778208 671.632011 0.448000  0.725106 0.412733 1.312000  -1.841909
3  340.495154 656.134819 1.969000  2.700158 8.416844 3.078000  2.843056
4  339.680006 659.734667 0.832000  0.404897 0.538405 1.017000  2.854339
5  324.230194 664.633641 0.517000  0.885987 0.631627 1.135000  2.493448
6  330.791468 640.727535 1.372000  1.930752 4.428107 1.723000  2.454912
7  326.485456 661.515935 1.058000  1.886598 4.995906 2.000000  2.794161
8  319.346979 670.221183 0.010000  1.128499 0.544792 0.514000  -1.298824
9  349.309343 634.252453 1.902000  2.095143 4.187263 1.563000  -2.249478
10  292.606987 681.512876 1.258000  3.234976 13.965287 3.606000  -2.289966
11  321.006998 667.880557 0.925000  2.118739 4.736115 2.347000  -0.517080
12  344.590061 628.380011 1.880000  1.565668 3.943316 1.555000  2.471412
13  347.890778 646.129830 1.738000  2.198635 5.655345 1.996000  2.713031

10  14  1535657112.648213
316.336964 665.358293 2.735295
1  303.236857 694.577945 -0.388000  2.394104 4.885985 1.518000  -2.358547
2  285.782722 666.094631 0.671000  1.920981 5.024978 1.597000  0.886023
3  299.089826 683.261275 0.270000  2.395521 5.060668 1.975000  0.937526
4  317.892689 671.667666 0.485000  0.436099 0.575052 1.312000  -1.744185
5  337.532173 656.388988 1.948000  2.546464 8.688550 3.078000  2.769656
6  324.381894 664.064313 0.562000  0.911910 0.788082 1.135000  2.666029
7  330.642092 641.271739 1.357000  2.012475 4.437314 1.723000  2.425157
8  324.539915 662.474412 1.044000  2.132582 4.770100 2.000000  2.858350
9  319.316402 670.018907 0.010000  1.283426 0.295737 0.514000  -1.339808
10  348.534332 635.169304 1.925000  2.155131 4.295482 1.563000  -2.371805
11  290.545577 680.281054 1.258000  3.334518 13.932079 3.606000  -2.406476
12  321.273829 668.526417 0.931000  2.154435 4.608027 2.347000  -0.469172
13  345.147463 628.305890 1.873000  2.059498 3.736110 1.555000  2.384897
14  348.106598 646.335949 1.782000  1.928277 5.537098 1.996000  2.850576

11  14  1535657113.148632
314.959323 665.965589 2.731771
1  302.438258 692.893783 -0.260000  2.550674 4.817383 1.518000  -2.277434
2  287.755432 668.139055 0.632000  2.269452 5.002355 1.597000  0.891766
3  301.317913 686.434760 0.165000  2.404033 5.244653 1.975000  0.916939
4  317.343086 671.979342 0.523000  0.485840 0.448119 1.312000  -1.839659
5  335.715955 657.842334 1.926000  2.705587 8.948664 3.078000  2.888721
6  323.858920 664.411133 0.606000  0.882343 0.480964 1.135000  2.546036
7  330.642622 641.080978 1.367000  2.104921 4.492669 1.723000  2.384004
8  323.405075 663.260774 1.030000  2.245876 4.945487 2.000000  2.805085
9  319.261762 670.134428 0.047000  1.125934 0.652694 0.514000  -1.305634
10  349.606877 633.598894 1.949000  2.389455 3.970831 1.563000  -2.283877
11  289.253294 679.510618 1.313000  3.117230 13.737634 3.606000  -2.557209
12  321.735082 668.327763 0.937000  2.212791 4.644706 2.347000  -0.575103
13  344.914947 628.947733 1.924000  2.208806 3.899340 1.555000  2.537593
14  347.571827 645.569737 1.826000  2.165851 5.755223 1.996000  2.845096

12  14  1535657113.648526
313.728066 666.516685 2.730124
1  300.663094 691.092490 -0.132000  2.632572 4.843954 1.518000  -2.307954
2  289.333914 670.462390 0.594000  2.126056 4.910049 1.597000  0.888193
3  303.725826 689.674118 0.059000  2.233900 5.249978 1.975000  0.912216
4  317.918384 671.753982 0.560000  0.601199 0.511243 1.312000  -1.778281
5  332.865602 658.351342 1.905000  2.950386 8.825102 3.078000  2.863227
6  324.128861 664.558330 0.651000  1.061246 0.777072 1.135000  2.582010
7  331.200912 641.127438 1.377000  2.127184 4.531179 1.723000  2.441081
8  321.806288 663.213690 1.016000  2.261134 4.838748 2.000000  2.746271
9  319.647032 670.313885 0.085000  1.242543 0.589227 0.514000  -1.360986
10  348.947680 634.414671 1.972000  1.763239 4.266132 1.563000  -2.424997
11  287.179288 678.377733 1.369000  3.190428 13.816410 3.606000  -2.752089
12  321.193765 668.185408 0.943000  2.043593 4.656817 2.347000  -0.546888
13  344.797977 628.543317 1.976000  1.919287 3.646951 1.555000  2.423544
14  348.324065 645.973235 1.869000  2.210180 5.575425 1.996000  2.724997

13  15  1535657114.148383
312.624324 667.023459 2.729569
1  299.111115 689.094219 -0.004000  2.391009 5.046446 1.518000  -2.239872
2  290.981644 672.683717 0.555000  2.297191 4.973891 1.597000  0.863014
3  306.387403 693.351591 -0.047000  2.427865 5.328430 1.975000  0.910627
4  317.504751 671.891073 0.573000  0.518692 0.580349 1.312000  -1.855250
5  330.379073 659.508375 1.884000  2.865220 8.763022 3.078000  2.755620
6  324.041960 664.528788 0.695000  1.158921 0.791685 1.135000  2.522204
7  330.325224 641.084458 1.387000  2.012835 4.662757 1.723000  2.511491
8  320.407683 664.553891 1.002000  2.088476 4.688923 2.000000  2.743945
9  319.479590 670.000976 0.122000  1.386013 0.573268 0.514000  -1.317921
10  348.761780 635.074540 1.995000  1.960867 4.296787 1.563000  -2.357792
11  285.266019 677.930603 1.449000  3.013582 13.804175 3.606000  -2.848537
12  320.572104 667.739670 0.949000  1.918643 4.559263 2.347000  -0.518229
13  306.935861 700.253872 0.014000  2.570777 7.131334 2.455000  -2.275839
14  345.190608 628.572610 2.028000  2.098415 4.056094 1.555000  2.562962
15  348.326946 646.623048 1.913000  1.935434 5.477913 1.996000  2.671598

14  13  1535657114.648261
311.639644 667.473082 2.726522
1  296.635349 687.623577 0.141000  2.352676 4.692669 1.518000  -2.331285
2  293.261552 675.630028 0.477000  1.965135 4.968746 1.597000  0.845841
3  318.174775 672.182871 0.585000  0.562295 0.429248 1.312000  -1.871087
4  329.194061 659.938319 1.894000  2.717990 8.894625 3.078000  2.746493
5  324.087597 664.541451 0.740000  0.935370 0.578305 1.135000  2.462757
6  331.159773 641.312796 1.397000  1.773794 4.644284 1.723000  2.431208
7  319.937747 664.458935 0.989000  2.116439 5.052536 2.000000  2.679238
8  319.258717 670.200527 0.160000  1.235898 0.455846 0.514000  -1.351149
9  350.086239 634.304288 2.018000  1.922881 3.948069 1.563000  -2.338168
10  282.505110 678.142340 1.529000  2.952004 13.693356 3.606000  -2.971124
11  320.988390 667.893895 0.962000  2.220249 4.699342 2.347000  -0.555097
12  305.755372 697.970332 0.135000  2.410907 7.254792 2.455000  -2.281837
13  348.745446 645.582592 1.915000  1.711110 5.556522 1.996000  2.706715

15  13  1535657115.148131
310.767034 667.879933 2.714459
1  295.075084 685.493025 0.286000  2.308936 4.901760 1.518000  -2.286258
2  295.286371 677.667549 0.400000  2.088028 5.046839 1.597000  0.879175
3  317.769997 672.229797 0.598000  0.527646 0.379071 1.312000  -1.807625
4  328.092676 660.170383 1.904000  2.744235 8.739817 3.078000  2.834254
5  331.293351 641.354074 1.407000  1.830085 4.489365 1.723000  2.373449
6  317.632336 665.270537 0.975000  1.940572 4.826412 2.000000  2.654398
7  309.415641 704.438545 -0.449000  0.681202 1.979948 1.839000  -2.363209
8  319.427921 670.396802 0.160000  1.159543 0.285419 0.514000  -1.373844
9  348.940251 635.331870 2.041000  2.155005 4.085343 1.563000  -2.230272
10  280.775678 678.459290 1.568000  3.314309 13.728126 3.606000  -3.088229
11  321.101418 668.821427 0.975000  2.170050 4.688333 2.347000  -0.517137
12  304.146967 696.456749 0.256000  2.615180 6.931853 2.455000  -2.337420
13  348.048461 645.724672 1.917000  2.127577 5.737320 1.996000  2.646968

16  13  1535657115.648632
310.060064 668.224232 2.699248
1  293.365042 683.394737 0.379000  2.230124 4.977976 1.518000  -2.269359
2  297.407568 681.047467 0.327000  2.231690 4.921923 1.597000  0.972006
3  317.846218 671.471089 0.610000  0.513520 0.367455 1.312000  -1.837784
4  326.407037 660.374333 1.914000  2.699544 8.730306 3.078000  2.857070
5  330.597362 641.058546 1.417000  2.100950 4.473068 1.723000  2.488675
6  316.848023 665.952262 0.961000  2.047335 4.847538 2.000000  2.703111
7  308.486670 702.907548 -0.373000  0.632216 1.969332 1.839000  -2.233268
8  319.320036 669.900566 0.160000  1.204728 0.520719 0.514000  -1.363617
9  348.765304 635.510780 2.064000  1.747974 4.034450 1.563000  -2.431968
10  278.199060 678.879411 1.607000  3.196353 13.750628 3.606000  3.110209
11  321.217996 668.879298 0.988000  2.221794 4.521600 2.347000  -0.548362
12  302.521840 694.739277 0.377000  2.555888 7.177619 2.455000  -2.302321
13  348.154832 645.967459 1.919000  2.060182 5.573396 1.996000  2.811977

17  14  1535657116.148450
309.591629 668.454245 2.688903
1  291.729427 680.425353 0.473000  2.202147 4.819687 1.518000  -2.271507
2  299.546810 684.256701 0.254000  1.942640 4.893051 1.597000  0.962204
3  317.725062 672.197536 0.623000  0.438470 0.431970 1.312000  -1.754999
4  324.598800 660.529767 1.898000  2.615068 8.599605 3.078000  2.868068
5  309.935933 702.554878 -0.534000  1.913551 4.680367 2.000000  -2.305504
6  330.998234 641.371947 1.427000  2.107444 4.489054 1.723000  2.491682
7  315.510804 666.576047 0.947000  1.912252 4.611549 2.000000  2.715777
8  307.150283 701.458954 -0.297000  0.834253 2.102946 1.839000  -2.238929
9  319.039804 669.996248 0.160000  1.159443 0.482820 0.514000  -1.405474
10  348.732432 635.394719 2.071000  1.399891 4.427800 1.563000  -2.312780
11  276.147320 679.669895 1.646000  2.874640 14.053262 3.606000  2.940933
12  321.147067 668.366817 1.001000  2.253586 4.517568 2.347000  -0.555591
13  300.696904 692.731047 0.497000  2.558557 6.819425 2.455000  -2.228378
14  347.770326 646.456946 1.921000  2.370358 5.170778 1.996000  2.718984

18  15  1535657116.649423
309.316262 668.591621 2.681459
1  289.306102 677.693603 0.566000  2.352226 4.657354 1.518000  -2.263697
2  301.721109 687.136761 0.181000  2.119740 4.802826 1.597000  0.927711
3  317.870916 671.585895 0.635000  0.512828 0.440592 1.312000  -1.782572
4  323.186961 661.098722 1.881000  2.948716 8.731979 3.078000  2.911946
5  308.482274 700.146738 -0.379000  1.892183 4.555515 2.000000  -2.318896
6  331.210472 641.115284 1.431000  1.850205 4.615633 1.723000  2.477962
7  315.067952 666.284649 0.953000  2.218711 4.767199 2.000000  2.713632
8  305.718947 699.698813 -0.222000  0.930759 2.003759 1.839000  -2.168014
9  319.212524 670.078423 0.160000  1.303171 0.495352 0.514000  -1.306210
10  348.872022 634.773497 2.079000  2.134883 4.203330 1.563000  -2.184537
11  273.660998 680.233824 1.671000  3.090886 14.107969 3.606000  2.869837
12  311.340023 696.165484 -0.326000  0.522208 0.583451 1.697000  -2.287428
13  321.198971 668.212053 1.014000  2.075890 4.669126 2.347000  -0.548292
14  299.039325 689.937894 0.612000  2.828743 7.151712 2.455000  -2.197543
15  347.878616 647.392965 1.923000  1.988035 5.317843 1.996000  2.797378

19  17  1535657117.149304
309.202946 668.650686 2.678350
1  287.121050 675.071664 0.649000  2.629321 4.967511 1.518000  -2.323186
2  304.056647 690.314735 -0.018000  1.992883 4.976305 1.597000  0.868469
3  317.665935 671.966348 0.648000  0.534457 0.484374 1.312000  -1.872744
4  321.746614 661.365914 1.865000  2.847349 8.473799 3.078000  2.904934
5  311.995725 694.996134 -0.216000  0.821481 0.730335 1.885000  -2.227979
6  306.387465 698.744408 -0.226000  2.077771 4.584304 2.000000  -2.297718
7  330.498271 641.821094 1.436000  1.945979 4.369404 1.723000  2.457227
8  314.706365 667.202512 0.959000  1.880119 5.012083 2.000000  2.723334
9  304.043684 698.225221 -0.146000  0.885298 2.122914 1.839000  -2.310138
10  319.229769 670.006965 0.160000  1.103516 0.543083 0.514000  -1.358481
11  348.223340 634.330479 2.086000  1.761215 4.408559 1.563000  -2.225661
12  270.952980 682.150156 1.697000  2.886594 14.076162 3.606000  2.628728
13  311.612201 695.823866 -0.298000  0.575773 0.499268 1.697000  -2.351287
14  321.095743 668.311905 1.027000  2.107487 4.280768 2.347000  -0.587346
15  298.014356 688.025021 0.727000  2.805304 7.146794 2.455000  -2.274349
16  347.486754 646.465159 1.925000  2.145323 5.348499 1.996000  2.809569
17  283.539313 663.079996 1.214000  2.574627 5.546346 2.229000  0.891478

20  17  1535657117.649169
309.173975 668.667870 2.678817
1  285.133608 672.279449 0.733000  2.460545 4.598670 1.518000  -2.205103
2  306.416507 692.939905 -0.216000  2.288969 5.121162 1.597000  0.885002
3  317.341793 672.002743 0.660000  0.529354 0.602024 1.312000  -1.813183
4  319.783373 661.877781 1.848000  2.639523 8.619278 3.078000  2.914692
5  311.194745 694.237050 -0.203000  0.813513 0.647127 1.885000  -2.271890
6  305.042501 695.898793 -0.072000  2.094088 4.688940 2.000000  -2.304556
7  330.586969 640.757418 1.440000  2.108971 4.554037 1.723000  2.366064
8  314.499378 667.299305 0.925000  2.080116 4.995990 2.000000  2.700623
9  302.425958 696.019329 -0.071000  0.819899 2.313674 1.839000  -2.337427
10  319.407319 670.162778 0.160000  1.280540 0.447267 0.514000  -1.406869
11  349.081933 635.061785 2.093000  1.802642 4.233539 1.563000  -2.375480
12  268.543756 682.993657 1.797000  3.793577 13.754275 3.606000  2.696505
13  311.260809 695.335149 -0.271000  0.566492 0.657127 1.697000  -2.258702
14  320.862504 668.450379 1.040000  2.056689 4.591803 2.347000  -0.503896
15  295.357522 685.544109 0.800000  2.555679 7.217340 2.455000  -2.226876
16  347.363682 645.725692 1.927000  2.248670 5.419237 1.996000  2.887411
17  285.776825 666.935905 1.143000  2.571194 5.714225 2.229000  0.938683

21  16  1535657118.149616
309.184429 668.663831 2.678596
1  282.227351 669.095906 0.816000  2.469685 4.853081 1.518000  -2.281229
2  317.708646 672.141704 0.666000  0.276133 0.481911 1.312000  -1.824357
3  317.516593 662.317833 1.746000  2.705976 8.594057 3.078000  2.903978
4  311.005068 693.785874 -0.191000  0.848384 0.752152 1.885000  -2.211440
5  303.331259 694.310776 0.082000  1.888301 4.581784 2.000000  -2.327711
6  331.100968 641.134377 1.444000  2.154698 4.465593 1.723000  2.457721
7  313.535986 667.094335 0.891000  2.375213 4.694876 2.000000  2.702502
8  300.753857 694.080068 0.005000  0.859417 1.958801 1.839000  -2.291456
9  318.982845 670.658142 0.160000  1.126688 0.620275 0.514000  -1.387314
10  348.772450 634.687120 2.100000  1.801927 3.587464 1.563000  -2.289033
11  264.871276 684.381951 1.781000  2.997357 14.013178 3.606000  2.689998
12  310.571371 694.614878 -0.243000  0.768064 0.566441 1.697000  -2.368722
13  321.162228 668.449585 1.053000  2.150967 4.455128 2.347000  -0.495127
14  293.514952 682.890090 0.874000  3.032018 7.069568 2.455000  -2.205315
15  348.019173 646.804697 1.929000  2.171507 5.474004 1.996000  2.764350
16  288.827036 669.795355 1.071000  2.524815 5.703607 2.229000  0.882948

22  16  1535657118.649480
309.185792 668.664064 2.678427
1  279.718613 665.988012 0.899000  2.188216 4.817884 1.518000  -2.196337
2  317.810984 671.944785 0.671000  0.395901 0.453935 1.312000  -1.828072
3  314.953340 662.943026 1.644000  2.775355 8.545445 3.078000  2.818411
4  310.452757 693.554327 -0.178000  0.698335 0.722269 1.885000  -2.236761
5  301.729292 692.014428 0.236000  1.882190 4.341382 2.000000  -2.281329
6  330.610607 640.690763 1.448000  1.969761 4.376325 1.723000  2.448091
7  313.761459 667.185952 0.896000  2.202037 4.900738 2.000000  2.643353
8  298.786171 692.077145 0.080000  0.959914 1.952332 1.839000  -2.363658
9  319.164988 670.303358 0.160000  1.180805 0.334541 0.514000  -1.313224
10  348.915420 634.370650 2.107000  2.389481 4.157907 1.563000  -2.347694
11  260.852010 685.803586 1.764000  3.203718 14.102454 3.606000  2.715853
12  309.979453 694.140617 -0.216000  0.505779 0.475192 1.697000  -2.320144
13  321.374434 668.701537 1.066000  2.302545 4.554833 2.347000  -0.719866
14  291.253180 680.482206 0.901000  2.448324 7.174937 2.455000  -2.236252
15  347.856840 646.550839 1.931000  1.891182 5.357009 1.996000  2.777776
16  290.449869 672.418438 0.979000  2.532609 5.719111 2.229000  0.915251

23  16  1535657119.149935
309.186097 668.664660 2.678343
1  277.614342 663.709342 0.983000  2.204829 4.705694 1.518000  -2.166815
2  317.875827 671.977949 0.676000  0.451916 0.318428 1.312000  -1.812520
3  312.256855 663.762341 1.543000  2.747442 8.726600 3.078000  2.792810
4  310.184348 692.792728 -0.166000  0.845761 0.765488 1.885000  -2.220094
5  299.124447 689.515201 0.290000  1.955573 4.460800 2.000000  -2.216194
6  330.624513 640.935620 1.452000  1.831040 4.380975 1.723000  2.423376
7  314.312493 667.242263 0.901000  1.959679 4.881504 2.000000  2.716362
8  297.463537 690.653399 0.194000  0.885726 2.218035 1.839000  -2.292090
9  319.393691 669.937441 0.160000  1.269909 0.530257 0.514000  -1.345999
10  349.502580 635.162918 2.114000  1.961539 3.913825 1.563000  -2.305926
11  258.835312 685.893627 1.748000  2.699181 13.594646 3.606000  2.757263
12  309.814341 694.009247 -0.188000  0.708861 0.651232 1.697000  -2.217471
13  321.542892 668.481299 1.079000  2.173294 4.367505 2.347000  -0.602789
14  289.728405 677.637433 1.054000  2.904872 6.919853 2.455000  -2.212979
15  348.060521 645.512830 1.932000  1.811431 5.397979 1.996000  2.823824
16  293.057760 675.499886 0.887000  2.512791 5.762213 2.229000  0.965312

24  16  1535657119.649820
309.186415 668.665122 2.678264
1  317.918570 671.794201 0.682000  0.450861 0.486124 1.312000  -1.822451
2  311.043439 664.685603 1.605000  2.789169 8.625092 3.078000  2.797030
3  283.070078 663.102909 0.922000  1.995161 4.209901 1.547000  0.906074
4  310.032680 692.430336 -0.132000  0.835846 0.750302 1.885000  -2.215272
5  296.938048 687.004169 0.344000  1.921470 4.560554 2.000000  -2.302984
6  331.350205 640.890630 1.456000  1.791369 4.622706 1.723000  2.410232
7  313.565046 667.075721 0.906000  2.438734 4.522093 2.000000  2.733933
8  295.715222 688.509235 0.307000  0.827472 2.103532 1.839000  -2.244019
9  318.797063 670.174544 0.160000  1.210592 0.522261 0.514000  -1.356921
10  348.946960 635.073785 2.102000  2.308610 4.564007 1.563000  -2.448376
11  253.559524 689.123612 1.776000  2.973965 13.820821 3.606000  2.782818
12  309.044046 692.921018 -0.161000  0.752512 0.506026 1.697000  -2.161289
13  321.044370 668.282527 1.092000  2.006670 4.430506 2.347000  -0.552671
14  287.153464 674.765415 1.208000  2.573479 7.246471 2.455000  -2.126578
15  347.667432 646.251462 1.934000  1.819629 5.557006 1.996000  2.685354
16  295.771214 678.754266 0.795000  2.556687 5.458160 2.229000  0.897474

25  16  1535657120.149686
309.186593 668.665556 2.678322
1  317.411855 672.330488 0.687000  0.426694 0.518793 1.312000  -1.798511
2  309.216590 665.370049 1.668000  2.652167 8.621639 3.078000  2.838840
3  285.837742 666.686315 0.845000  1.890694 4.381220 1.547000  0.828459
4  309.659116 692.083403 -0.099000  0.674860 0.914142 1.885000  -2.205584
5  294.911566 684.171575 0.448000  2.030435 4.391633 2.000000  -2.197644
6  330.883491 640.873924 1.461000  1.866202 4.705655 1.723000  2.448769
7  313.980026 667.005896 0.911000  2.133954 4.934278 2.000000  2.687784
8  294.193993 687.123378 0.420000  0.903985 2.015228 1.839000  -2.167818
9  318.960637 670.368857 0.160000  1.303561 0.490361 0.514000  -1.348267
10  349.434559 634.785277 2.089000  2.321238 3.975386 1.563000  -2.240509
11  250.779907 689.148228 1.804000  3.437404 13.908918 3.606000  2.618349
12  308.754967 692.330974 -0.133000  0.786008 0.644453 1.697000  -2.120068
13  320.863310 668.520888 1.105000  2.197052 4.581151 2.347000  -0.643422
14  284.332677 672.373635 1.312000  2.713298 7.114954 2.455000  -2.306550
15  348.130592 645.804824 1.936000  2.124955 5.271082 1.996000  2.733400
16  297.425612 681.889983 0.699000  2.804494 5.610322 2.229000  0.951622

26  17  1535657120.649535
309.186812 668.665887 2.678194
1  317.558042 671.916947 0.692000  0.288535 0.490346 1.312000  -1.868221
2  308.042822 665.819383 1.730000  2.677236 8.534467 3.078000  2.741088
3  288.168771 669.073691 0.719000  1.900919 4.249222 1.547000  0.832966
4  308.901087 691.206127 -0.066000  0.682593 0.742828 1.885000  -2.185754
5  292.683817 681.076112 0.552000  2.097404 4.796119 2.000000  -2.209157
6  331.128713 640.434493 1.465000  2.047306 4.373665 1.723000  2.429591
7  314.192693 667.563072 0.917000  2.038859 4.811235 2.000000  2.689727
8  292.586814 685.107943 0.533000  0.881205 2.038640 1.839000  -2.311939
9  319.058547 670.258275 0.160000  1.152332 0.570925 0.514000  -1.264739
10  348.455261 634.547977 2.077000  1.269480 4.033500 1.563000  -2.295896
11  245.564584 692.022923 1.832000  3.043101 13.557338 3.606000  2.928842
12  300.527788 691.815458 0.024000  2.006186 4.614932 1.488000  -2.222493
13  308.259420 691.790339 -0.106000  0.773738 0.576723 1.697000  -2.102375
14  321.171536 668.456001 1.118000  1.942826 4.485452 2.347000  -0.611608
15  282.317299 668.553765 1.415000  2.702325 7.139962 2.455000  -2.283577
16  348.602236 646.908117 1.938000  2.467046 5.777621 1.996000  2.785789
17  299.750042 684.767064 0.604000  2.476680 5.663121 2.229000  0.914800

27  18  1535657121.149429
309.187042 668.666148 2.678164
1  317.672435 672.001643 0.698000  0.446785 0.477209 1.312000  -1.845005
2  307.215040 666.746320 1.577000  2.627077 8.435484 3.078000  2.775606
3  290.724885 672.169455 0.692000  2.089824 4.219115 1.547000  0.920630
4  308.900573 690.591613 -0.044000  0.689728 0.839655 1.885000  -2.202151
5  289.863900 678.397723 0.656000  1.926246 4.536346 2.000000  -2.224348
6  330.520796 641.373662 1.469000  2.215007 4.673525 1.723000  2.330786
7  307.566209 700.356012 -0.459000  2.066573 4.683885 1.614000  -2.159445
8  313.711870 667.593570 0.922000  2.004432 4.848945 2.000000  2.708575
9  290.954446 683.095467 0.596000  1.007516 1.971691 1.839000  -2.311966
10  319.154677 670.371913 0.160000  1.169829 0.441437 0.514000  -1.335886
11  348.724730 635.271307 2.064000  1.885600 4.282110 1.563000  -2.413229
12  244.267602 693.134391 1.811000  3.781973 13.619712 3.606000  2.689959
13  298.190742 688.381654 0.174000  2.051047 4.629236 1.488000  -2.233401
14  308.340708 691.248784 -0.078000  0.679819 0.485840 1.697000  -2.081244
15  320.923127 668.495033 1.131000  2.365812 4.643586 2.347000  -0.665328
16  280.019580 665.953008 1.369000  2.738536 7.142491 2.455000  -2.288139
17  348.124205 646.561905 1.938000  2.315674 5.683249 1.996000  2.651709
18  302.438935 688.371866 0.508000  2.623476 5.680077 2.229000  0.932564

28  18  1535657121.649287
309.187106 668.666437 2.678209
1  317.700751 672.038419 0.691000  0.437391 0.495776 1.312000  -1.812799
2  306.601549 666.451678 1.475000  2.721279 8.684330 3.078000  2.746444
3  292.562477 674.999246 0.587000  1.942688 4.225158 1.547000  0.841537
4  308.617771 690.088871 -0.023000  0.762313 0.947103 1.885000  -2.141390
5  287.826044 675.574108 0.738000  2.208002 4.715123 2.000000  -2.202885
6  330.936071 641.063390 1.473000  2.162577 4.184544 1.723000  2.311000
7  305.356573 696.971072 -0.309000  2.199550 4.731041 1.614000  -2.303150
8  314.085522 666.944908 0.927000  2.035633 4.699853 2.000000  2.674687
9  289.800114 681.324773 0.659000  0.998269 2.136396 1.839000  -2.287214
10  319.112172 670.265681 0.160000  1.127067 0.424095 0.514000  -1.388286
11  348.463070 634.257087 2.074000  2.018034 4.180618 1.563000  -2.257535
12  239.040267 694.853275 1.889000  3.413869 13.192325 3.606000  2.485516
13  296.316954 685.706621 0.250000  1.865981 4.661624 1.488000  -2.270309
14  307.962691 690.395744 -0.050000  0.545318 0.707129 1.697000  -2.124643
15  321.510769 668.419643 1.144000  2.068548 4.697076 2.347000  -0.623145
16  277.777343 663.560120 1.323000  2.704459 7.013398 2.455000  -2.321577
17  347.928482 646.073538 1.938000  2.158007 5.738848 1.996000  2.696119
18  304.255100 690.888093 0.377000  2.568074 5.596866 2.229000  0.990266

29  17  1535657122.149177
309.187254 668.666637 2.678213
1  317.539870 671.966053 0.683000  0.488254 0.473420 1.312000  -1.759933
2  306.354896 666.299843 1.373000  2.682196 8.581367 3.078000  2.839622
3  295.120961 678.290628 0.482000  2.108201 4.466470 1.547000  0.899533
4  308.117673 689.226155 -0.002000  0.960279 0.747073 1.885000  -2.142683
5  285.423683 672.563365 0.869000  1.844458 4.478790 2.000000  -2.217861
6  330.887394 641.167696 1.477000  2.076683 4.293051 1.723000  2.433567
7  303.270331 694.145734 -0.159000  2.224372 4.759853 1.614000  -2.204917
8  313.831935 667.083749 0.932000  2.061614 5.003354 2.000000  2.805611
9  288.305836 679.570559 0.722000  0.999829 2.163874 1.839000  -2.269154
10  319.306611 670.049782 0.160000  1.242797 0.687343 0.514000  -1.404727
11  349.485470 635.303848 2.084000  1.785474 4.388253 1.563000  -2.393133
12  233.516529 696.064495 1.967000  3.158404 13.878689 3.606000  2.930828
13  293.791118 682.674315 0.327000  2.085459 4.592324 1.488000  -2.257601
14  307.562573 690.446583 -0.035000  0.655599 0.645483 1.697000  -2.155723
15  321.536367 668.699260 1.157000  1.984343 4.729296 2.347000  -0.636988
16  348.229504 646.177202 1.938000  2.332623 5.651833 1.996000  2.680470
17  306.942375 694.239900 0.246000  2.464274 5.773953 2.229000  0.886133

30  18  1535657122.649085
309.187301 668.666848 2.678274
1  317.586313 672.437758 0.676000  0.439963 0.671087 1.312000  -1.853181
2  306.494572 666.385877 1.381000  2.858672 8.724305 3.078000  2.706841
3  297.407333 681.551535 0.376000  1.900137 4.238834 1.547000  0.978445
4  308.113711 688.990900 0.020000  0.841834 0.655352 1.885000  -2.073123
5  283.476841 669.774983 0.951000  2.076780 4.637823 2.000000  -2.129967
6  330.799105 641.728215 1.481000  2.043235 4.560958 1.723000  2.478367
7  300.697798 691.109348 -0.008000  2.115898 4.692179 1.614000  -2.253552
8  313.925017 667.008400 0.937000  1.725784 4.792344 2.000000  2.776904
9  286.726930 677.960514 0.785000  0.929777 2.046422 1.839000  -2.236266
10  319.499166 670.482313 0.160000  1.379858 0.556224 0.514000  -1.410719
11  348.745239 634.902589 2.094000  2.129280 4.195851 1.563000  -2.305329
12  229.798304 695.790470 1.970000  3.012837 14.013682 3.606000  2.785867
13  291.537382 679.359495 0.496000  1.946827 4.525552 1.488000  -2.193668
14  306.923342 689.796527 -0.020000  0.488614 0.480214 1.697000  -2.152699
15  321.298437 668.384035 1.166000  2.069764 4.560358 2.347000  -0.604038
16  289.311786 668.875540 0.775000  1.799403 4.410676 1.482000  1.016964
17  348.380065 646.243146 1.938000  2.431650 5.551501 1.996000  2.756820
18  309.718468 697.461543 0.090000  2.385257 5.645526 2.229000  0.887480

31  18  1535657123.148366
309.187431 668.666983 2.678155
1  317.471637 672.045756 0.669000  0.478883 0.591276 1.312000  -1.828370
2  305.897883 666.632224 1.390000  2.557954 8.524732 3.078000  2.857492
3  299.837193 684.072462 0.262000  2.027621 4.128982 1.547000  0.958362
4  307.924886 688.431361 0.041000  0.819580 0.736925 1.885000  -2.193865
5  281.162733 666.902854 0.933000  1.966959 4.626811 2.000000  -2.264791
6  330.765232 641.052552 1.485000  2.099793 4.436601 1.723000  2.464415
7  298.329938 688.879413 0.141000  2.245869 4.807972 1.614000  -2.210764
8  313.398067 666.975174 0.937000  2.226176 4.906355 2.000000  2.745530
9  285.595627 676.121863 0.814000  0.910421 2.060311 1.839000  -2.338590
10  319.122023 670.165269 0.160000  1.317296 0.681373 0.514000  -1.321128
11  349.275975 634.910005 2.104000  2.277016 3.916426 1.563000  -2.235194
12  224.837815 698.435051 1.973000  3.151084 13.079208 3.606000  2.952848
13  288.532831 676.522490 0.607000  2.055043 4.475334 1.488000  -2.270857
14  306.788017 689.501007 -0.005000  0.777661 0.640496 1.697000  -2.128985
15  320.866226 668.792099 1.175000  2.291280 4.543670 2.347000  -0.635633
16  291.569945 672.381775 0.668000  1.711876 4.652478 1.482000  0.975125
17  348.174470 646.309145 1.938000  2.263499 5.764352 1.996000  2.720314
18  312.703656 700.240715 -0.066000  2.543197 5.695440 2.229000  0.855471

32  17  1535657123.648262
309.187520 668.667111 2.678210
1  317.553724 672.436121 0.662000  0.514991 0.316140 1.312000  -1.765990
2  305.804463 666.558281 1.398000  2.644737 8.708246 3.078000  2.806628
3  301.947041 687.610067 0.147000  1.955260 4.318993 1.547000  0.935271
4  307.027497 688.480788 0.063000  0.610325 0.722167 1.885000  -2.193074
5  331.276734 641.205864 1.490000  1.902300 4.539315 1.723000  2.461915
6  295.539768 685.235088 0.281000  2.324266 4.723796 1.614000  -2.221451
7  314.031785 667.514861 0.937000  2.081274 4.857618 2.000000  2.729267
8  283.870466 674.833089 0.843000  0.932305 2.173205 1.839000  -2.275201
9  319.157148 670.150679 0.160000  1.077758 0.518299 0.514000  -1.371265
10  349.676511 634.429288 2.114000  2.284462 4.202912 1.563000  -2.305185
11  218.420710 699.569816 1.976000  4.115205 14.340164 3.606000  2.924048
12  286.556366 673.625657 0.718000  2.113269 4.810210 1.488000  -2.244824
13  306.458606 688.823203 0.010000  0.525677 0.568891 1.697000  -2.154575
14  321.031062 668.341154 1.184000  2.102658 4.572012 2.347000  -0.600611
15  293.874490 675.412914 0.562000  1.956861 4.715373 1.482000  0.984120
16  348.013692 646.156487 1.938000  2.003486 5.649786 1.996000  2.841681
17  314.471151 703.640248 -0.222000  2.374086 5.629614 2.229000  0.900642

33  16  1535657124.148113
309.187491 668.667274 2.678322
1  317.918362 671.967643 0.655000  0.537403 0.462956 1.312000  -1.799432
2  306.717205 666.347300 1.407000  2.660195 8.578652 3.078000  2.823470
3  304.048070 690.890773 -0.028000  1.989566 4.459761 1.547000  0.924448
4  307.147192 687.414966 0.084000  0.815660 0.823679 1.885000  -2.054138
5  331.037519 641.207534 1.486000  1.925113 4.496038 1.723000  2.371332
6  292.671469 681.830300 0.421000  2.302964 4.970422 1.614000  -2.266711
7  313.486918 667.326771 0.937000  2.240103 4.808761 2.000000  2.715869
8  282.643943 673.166076 0.872000  1.046570 2.137251 1.839000  -2.284844
9  319.345965 670.535349 0.160000  1.308807 0.488019 0.514000  -1.349019
10  349.477356 634.252667 2.114000  1.776009 4.289971 1.563000  -2.244314
11  213.389169 702.440269 1.979000  3.076943 13.269864 3.606000  2.965682
12  284.634702 671.230747 0.778000  1.964701 4.699298 1.488000  -2.281977
13  305.916685 688.277143 0.062000  0.731945 0.728943 1.697000  -2.118969
14  320.690402 667.928969 1.193000  2.323226 4.376734 2.347000  -0.584498
15  296.218790 679.083173 0.455000  1.671724 4.581401 1.482000  1.019560
16  346.912186 645.852241 1.938000  1.841244 5.434085 1.996000  2.723647

34  17  1535657124.648599
309.187553 668.667370 2.678218
1  317.624526 671.911691 0.648000  0.526666 0.544027 1.312000  -1.830466
2  306.531947 666.460872 1.416000  2.624772 8.790707 3.078000  2.741569
3  306.866045 693.646863 -0.203000  1.995055 4.309076 1.547000  0.924968
4  312.554097 705.581587 -0.612000  2.171791 4.368859 1.682000  -2.226202
5  306.576586 686.623702 0.118000  0.716982 0.672840 1.885000  -2.119702
6  330.482886 641.247600 1.482000  2.105068 4.451392 1.723000  2.437200
7  289.992523 678.159440 0.561000  2.234093 4.739738 1.614000  -2.218239
8  313.681219 667.519296 0.937000  2.233009 4.803181 2.000000  2.700776
9  281.087832 671.349006 0.918000  0.979604 2.105716 1.839000  -2.273525
10  318.684189 669.757502 0.160000  1.470671 0.396845 0.514000  -1.337292
11  348.925108 634.130350 2.114000  2.400227 3.952263 1.563000  -2.407943
12  210.434143 703.771319 1.983000  3.590359 13.500589 3.606000  3.224573
13  282.033178 668.114967 0.839000  1.973268 4.615083 1.488000  -2.231312
14  305.385791 687.474797 0.115000  0.753317 0.427864 1.697000  -2.023493
15  320.989951 668.744395 1.202000  2.129731 4.418935 2.347000  -0.620636
16  298.397664 681.903692 0.348000  1.990259 4.466714 1.482000  0.985037
17  348.388498 645.964717 1.938000  2.363954 5.528624 1.996000  3.011215

35  18  1535657125.148970
309.187636 668.667438 2.678209
1  301.620703 693.338738 0.138000  2.177840 5.856050 2.133000  -2.170215
2  317.450352 672.287307 0.648000  0.409118 0.444391 1.312000  -1.773389
3  306.493948 666.027565 1.424000  2.719534 8.480301 3.078000  2.787535
4  309.126345 696.840467 -0.303000  2.012863 4.333364 1.547000  0.899697
5  310.838492 703.610846 -0.479000  2.191814 4.463047 1.682000  -2.339986
6  306.233538 686.395293 0.151000  0.755629 0.826006 1.885000  -2.163257
7  330.924592 641.200424 1.479000  1.979180 4.591029 1.723000  2.411981
8  287.911971 674.909540 0.650000  2.231317 4.623430 1.614000  -2.215784
9  313.978527 667.552712 0.937000  1.978358 4.951915 2.000000  2.684162
10  279.968734 669.558637 0.964000  0.856654 2.087887 1.839000  -2.232695
11  319.342664 670.550301 0.160000  1.032806 0.531024 0.514000  -1.402867
12  348.449298 635.174636 2.114000  1.639241 4.039414 1.563000  -2.296670
13  202.802188 705.204095 1.986000  4.258815 13.273375 3.606000  3.002658
14  279.893176 664.827667 1.000000  2.022228 4.898418 1.488000  -2.323429
15  305.347743 687.407835 0.167000  0.603847 0.544629 1.697000  -2.077338
16  321.061741 668.181655 1.211000  1.921505 4.538427 2.347000  -0.655113
17  300.487918 685.368829 0.202000  2.135046 4.585662 1.482000  0.966681
18  347.840258 646.499245 1.938000  2.380947 5.746926 1.996000  2.935597

36  16  1535657125.649405
309.187659 668.667521 2.678203
1  299.756670 691.396841 0.252000  2.167602 5.755631 2.133000  -2.269935
2  317.643196 671.809492 0.648000  0.454250 0.280106 1.312000  -1.871503
3  306.110013 666.666015 1.433000  2.832231 8.472120 3.078000  2.760582
4  312.049527 700.248363 -0.503000  2.090000 4.283734 1.547000  0.877575
5  308.829195 700.974661 -0.346000  1.969871 4.284850 1.682000  -2.336955
6  305.875690 685.700365 0.184000  0.729492 0.722435 1.885000  -2.125291
7  330.803419 640.983782 1.475000  2.082927 4.221909 1.723000  2.423038
8  284.854605 672.348191 0.731000  1.972639 4.734491 1.614000  -2.332730
9  313.775055 667.425651 0.937000  2.114580 4.997672 2.000000  2.734397
10  278.267171 668.286077 1.010000  0.834971 2.066927 1.839000  -2.243950
11  318.999139 670.272261 0.160000  1.181724 0.492306 0.514000  -1.324549
12  348.603292 634.758516 2.114000  2.316949 4.716489 1.563000  -2.419321
13  305.128925 686.579248 0.185000  0.552774 0.533811 1.697000  -2.104266
14  320.956486 668.713430 1.220000  2.158828 4.744681 2.347000  -0.565088
15  302.724590 688.804629 0.059000  1.759296 4.763809 1.482000  0.953386
16  348.057333 646.287663 1.938000  2.293859 5.761676 1.996000  2.690100

37  14  1535657126.149278
309.187676 668.667593 2.678215
1  297.840581 688.726692 0.366000  2.149405 5.609250 2.133000  -2.204844
2  317.622780 671.895916 0.648000  0.415459 0.553022 1.312000  -1.759103
3  305.890922 666.146906 1.442000  2.704293 8.678573 3.078000  2.758727
4  306.557224 698.908875 -0.214000  2.056390 4.444308 1.682000  -2.193811
5  305.670499 685.305024 0.234000  0.716778 0.575663 1.885000  -2.133370
6  331.056650 641.350041 1.472000  2.071012 4.436283 1.723000  2.485582
7  282.781706 669.187775 0.762000  2.139390 4.567169 1.614000  -2.238975
8  313.805556 667.411667 0.937000  2.134102 4.773091 2.000000  2.717329
9  318.977260 670.339182 0.160000  1.207465 0.404629 0.514000  -1.373356
10  348.913439 635.701690 2.114000  2.124983 4.138982 1.563000  -2.316678
11  304.697882 685.811765 0.203000  0.703640 0.606153 1.697000  -2.114396
12  320.953963 668.357593 1.229000  2.069706 4.285841 2.347000  -0.592620
13  305.401246 692.156477 -0.084000  1.873805 4.285616 1.482000  1.000356
14  347.709692 646.126254 1.938000  1.976658 5.653329 1.996000  2.876987

38  14  1535657126.649732
309.187759 668.667621 2.678184
1  295.505607 686.150983 0.479000  2.380932 5.605368 2.133000  -2.223084
2  317.341853 672.189295 0.648000  0.404543 0.483899 1.312000  -1.881253
3  286.096387 666.939534 1.151000  1.973131 4.824112 2.264000  0.913621
4  306.204706 666.754865 1.450000  2.742017 9.028990 3.078000  2.705462
5  304.779059 696.307019 -0.081000  2.032553 4.444460 1.682000  -2.228756
6  305.446094 684.408439 0.284000  0.862237 0.862415 1.885000  -2.111148
7  330.740683 640.968928 1.468000  2.173079 4.314441 1.723000  2.508907
8  313.493944 667.327431 0.937000  2.152133 4.659326 2.000000  2.656150
9  319.318535 670.135788 0.160000  0.958912 0.421027 0.514000  -1.345030
10  349.265930 634.619837 2.114000  2.008882 4.137644 1.563000  -2.274144
11  304.617901 685.631209 0.221000  0.687005 0.500794 1.697000  -2.169871
12  321.022648 668.211762 1.238000  2.009069 4.521090 2.347000  -0.574615
13  307.839031 695.368603 -0.228000  2.051140 4.454973 1.482000  0.936833
14  348.400740 645.928585 1.938000  2.175622 5.531996 1.996000  2.701106

39  14  1535657127.150180
309.187799 668.667661 2.678123
1  293.610387 682.765692 0.593000  2.361234 5.848894 2.133000  -2.172726
2  317.299392 671.853970 0.648000  0.494000 0.534131 1.312000  -1.845787
3  288.584535 669.823846 1.088000  2.062645 4.807598 2.264000  0.894196
4  305.553475 666.224042 1.459000  2.658574 8.751126 3.078000  2.815526
5  303.011403 694.206870 0.052000  2.162883 4.429791 1.682000  -2.245996
6  305.290946 684.240928 0.334000  0.821304 0.747906 1.885000  -2.159428
7  330.810289 641.250041 1.465000  2.022988 4.554030 1.723000  2.406491
8  313.335439 667.081227 0.937000  2.086826 4.977324 2.000000  2.744454
9  319.317331 670.124930 0.160000  1.221462 0.486410 0.514000  -1.378517
10  349.092687 634.250709 2.114000  2.187086 4.093089 1.563000  -2.177257
11  304.323030 684.889022 0.239000  0.557747 0.564237 1.697000  -2.085653
12  320.821100 668.333623 1.202000  1.967170 4.344383 2.347000  -0.590297
13  309.914896 699.078495 -0.371000  1.904733 4.472427 1.482000  0.952077
14  348.515241 646.278053 1.938000  1.739095 5.518037 1.996000  2.792457

40  12  1535657127.650049
309.187839 668.667692 2.678142
1  291.753035 680.188095 0.707000  1.956369 5.441890 2.133000  -2.269044
2  317.887543 672.043771 0.648000  0.501080 0.432893 1.312000  -1.799395
3  291.407049 673.581681 0.988000  2.013950 5.010631 2.264000  0.917149
4  305.634953 666.309005 1.467000  2.890886 8.825995 3.078000  2.731849
5  300.762709 692.156730 0.185000  1.916843 4.431389 1.682000  -2.226912
6  304.565070 683.658382 0.359000  0.722264 0.945794 1.885000  -2.201619
7  330.602615 641.216806 1.461000  1.983295 4.464900 1.723000  2.449667
8  313.739969 666.925727 0.937000  2.127321 4.746512 2.000000  2.781298
9  319.342111 670.107563 0.160000  1.180161 0.761100 0.514000  -1.334463
10  349.410427 634.598178 2.114000  2.064541 4.265837 1.563000  -2.274015
11  321.045305 668.696931 1.167000  2.271671 4.556591 2.347000  -0.579859
12  348.066092 646.449567 1.938000  2.166948 5.695893 1.996000  2.831936

41  12  1535657128.149910
309.187861 668.667725 2.678094
1  288.835616 677.266366 0.820000  2.355599 5.358923 2.133000  -2.222734
2  318.104952 671.881804 0.648000  0.651236 0.499038 1.312000  -1.872293
3  293.858614 677.052920 0.888000  2.193800 4.878167 2.264000  0.853976
4  306.316108 666.632643 1.476000  2.555192 8.621554 3.078000  2.854885
5  299.187004 689.754818 0.189000  1.853333 4.473023 1.682000  -2.318291
6  304.154648 683.597770 0.384000  0.736507 0.915362 1.885000  -2.135407
7  331.171100 641.010138 1.458000  2.068833 4.808675 1.723000  2.389099
8  313.699100 667.197144 0.937000  2.070650 4.739320 2.000000  2.686405
9  319.022888 670.224960 0.160000  1.253251 0.421886 0.514000  -1.374691
10  348.088245 634.629052 2.114000  1.970860 4.302220 1.563000  -2.419415
11  321.056010 668.459913 1.132000  1.989793 4.567146 2.347000  -0.614991
12  347.997549 646.479015 1.938000  2.089893 5.776673 1.996000  2.777516

